#{"t_start": 1785771717.1583807, "env_id": "None"}
r,l,t
-14.545712,3,2.572459
50.095209,3,2.953501
-14.658902,3,2.998865
-14.292791,3,3.072347
-15.388251,3,3.143286
52.482439,4,3.338217
-15.233172,3,3.380997
-15.235251,3,3.464864
-15.082251,3,3.52371
-15.233172,3,3.566929
-14.290712,3,3.626674
-14.496791,3,3.785575
-15.208712,3,3.856698
-14.470251,3,3.920893
50.809209,3,4.028319
49.713749,3,4.275971
-15.576902,3,4.318269
-15.131172,3,4.359539
-11.807283,4,4.538858
49.509749,3,4.813546
-15.437172,3,4.853257
-15.386172,3,4.923204
-14.266251,3,5.093709
-12.368283,4,5.290407
-15.117902,3,5.335177
-15.210791,3,5.388467
-14.266251,3,5.459476
-13.244587,4,5.514803
-15.539172,3,5.57615
-15.641172,3,5.621896
-15.423902,3,5.661587
52.274717,4,5.985731
52.427718,4,6.237117
-15.463712,3,6.31354
-15.372902,3,6.364853
-15.437172,3,6.408106
-10.039468,5,6.462565
-14.266251,3,6.555707
-15.006791,3,6.698645
-14.368251,3,6.761033
-15.259712,3,6.799865
-14.443712,3,6.846628
-15.208712,3,6.893966
-14.417172,3,6.952793
-15.423902,3,7.006203
-15.210791,3,7.216106
-14.215251,3,7.269854
-14.760902,3,7.309044
-15.386172,3,7.346833
-14.443712,3,7.520025
-15.210791,3,7.565324
-15.233172,3,7.609076
-15.372902,3,7.649802
57.133704,6,7.767951
-15.539172,3,7.82839
-14.394791,3,8.029526
-13.242726,4,8.098073
-15.335172,3,8.17674
-14.454902,3,8.241351
-15.208712,3,8.357557
-15.006791,3,8.422236
-12.120726,4,8.511868
-15.210791,3,8.686193
-15.335172,3,8.733267
-15.057791,3,9.145211
-15.321902,3,9.208805
-15.539172,3,9.259365
-9.792028,5,9.362004
-14.723172,3,9.405454
-15.133251,3,9.486076
-15.208712,3,9.573176
-15.182172,3,9.625404
-14.572251,3,9.679034
-15.259712,3,9.751672
-15.004712,3,9.846904
-12.015004,4,9.932534
-14.368251,3,10.029824
-13.142587,4,10.069898
-15.117902,3,10.111439
50.631749,3,10.441589
-14.290712,3,10.493382
-15.321902,3,10.563509
-15.667712,3,10.642157
-15.055712,3,10.699475
56.488614,5,10.763551
-15.131172,3,10.806106
-12.428587,4,10.855168
-15.335172,3,10.908743
-12.933004,4,10.981688
-15.082251,3,11.08992
-15.423902,3,11.150513
-15.108791,3,11.473626
-12.783726,4,11.56079
-14.394791,3,11.829827
-14.556902,3,11.896563
-12.678004,4,11.992268
-14.658902,3,12.055712
-15.031251,3,12.133314
-15.490251,3,12.314077
-14.290712,3,12.466276
-15.780902,3,12.528885
-11.862004,4,12.672407
-15.270902,3,12.736056
-15.184251,3,13.013673
-15.423902,3,13.059245
-15.576902,3,13.105843
-15.108791,3,13.362016
-15.159791,3,13.468355
-14.290712,3,13.595353
-14.366172,3,13.664981
52.176439,4,13.817933
-14.394791,3,13.890052
-15.159791,3,14.152068
-14.519172,3,14.203808
-14.215251,3,14.302839
-15.233172,3,14.357589
-12.725283,4,14.637078
-15.372902,3,14.693438
-14.496791,3,14.906272
56.911733,5,15.210576
-14.572251,3,15.287681
-15.004712,3,15.374331
-13.448587,4,15.441432
-14.802791,3,15.716043
-15.057791,3,16.015373
-15.233172,3,16.081966
-12.530587,4,16.141531
56.248733,5,16.195601
-14.760902,3,16.263987
-15.388251,3,16.325219
-15.437172,3,16.383567
-15.235251,3,16.483564
-11.909283,4,16.847448
-14.621172,3,16.913587
50.707209,3,17.312401
-14.190791,3,17.395443
-14.366172,3,17.455158
-15.372903,3,17.519348
-15.576902,3,17.578693
-15.743172,3,17.639525
-14.443712,3,17.70143
50.707209,3,18.177424
53.090717,4,18.337175
50.809209,3,18.485485
-14.556902,3,18.548667
-15.490251,3,18.655124
-15.055712,3,18.740665
-13.137004,4,19.092587
-14.215251,3,19.418113
-15.284172,3,19.476836
-15.004712,3,19.560414
-15.210791,3,19.838326
-15.565712,3,19.954232
-12.783726,4,20.065403
-12.933004,4,20.189419
-15.780902,3,20.246734
-15.270902,3,20.309172
-14.802791,3,20.482081
-15.490251,3,20.556623
-14.496791,3,20.896746
-14.341712,3,20.986414
-14.454902,3,21.042489
-15.321902,3,21.098062
-14.496791,3,21.175225
-10.243468,5,21.316542
-14.519172,3,21.381973
-11.807283,4,21.62038
-14.403902,3,21.677724
-14.621172,3,21.735043
49.815749,3,22.135592
-15.184251,3,22.211645
-15.310712,3,22.273986
-15.490251,3,22.363448
-13.242726,4,22.50252
-15.423902,3,22.558871
-14.953712,3,22.620292
-15.539172,3,22.678118
-12.069726,4,22.783204
-15.312791,3,23.07513
-13.476791,3,23.309374
-13.703172,3,23.372853
52.27844,4,23.446753
-15.414791,3,23.655558
-15.423902,3,23.717463
-15.286251,3,23.935336
-15.259712,3,24.012401
-12.827282,4,24.408735
-15.106712,3,24.487507
49.483209,3,24.636174
-15.335172,3,24.693503
-15.474902,3,24.751837
-12.069726,4,24.834382
-14.417172,3,24.892238
-15.182172,3,24.956615
-15.233172,3,25.013451
-15.284172,3,25.068331
-14.929251,3,25.250581
-14.878251,3,25.36224
-15.414791,3,25.604386
-15.286251,3,25.709234
-15.004712,3,25.783736
-15.743172,3,25.838829
-15.031251,3,25.925845
-15.184251,3,25.994222
-14.556902,3,26.051809
-13.091587,4,26.113751
-15.361712,3,26.197777
52.176439,4,26.438155
-12.831004,4,26.563414
-12.933004,4,26.695269
52.27844,4,27.385985
-15.235251,3,27.45941
-15.233172,3,27.520251
-15.490251,3,27.632877
-13.550587,4,27.69529
-9.552147,5,27.819134
-15.219902,3,27.882517
-12.015004,4,27.975578
-14.980251,3,28.063607
-15.286251,3,28.134571
-15.565712,3,28.198922
-15.004712,3,28.268009
-14.496791,3,28.580353
-11.909283,4,28.885199
-14.341712,3,29.006144
49.891209,3,29.478607
-15.133251,3,29.696661
-15.184251,3,29.879908
-15.490251,3,29.965608
-15.031251,3,30.049946
-15.270902,3,30.109544
-14.139791,3,30.354079
51.523209,3,30.625642
-15.082251,3,30.700877
-14.266251,3,30.768211
-14.955791,3,30.918669
-15.286251,3,31.033096
-12.936726,4,31.132041
-12.827283,4,31.25784
-15.743172,3,31.324282
-14.139791,3,31.610433
-10.047028,5,31.687901
-14.368251,3,31.995708
-12.222726,4,32.098813
-15.539172,3,32.156677
-15.386172,3,32.215634
-12.887587,4,32.271425
-15.388251,3,32.479752
-13.140726,4,32.576413
-14.496791,3,32.810632
-15.133251,3,32.90407
-12.219004,4,33.004135
-14.647712,3,33.064572
-14.443712,3,33.12547
-14.394791,3,33.361837
-14.760902,3,33.421846
52.83944,4,33.801412
-15.576902,3,33.865797
-14.760902,3,33.921138
50.63999,8,34.200722
-15.388251,3,34.384382
-15.423902,3,34.444265
-12.674283,4,34.52624
-15.414791,3,34.609194
-14.394791,3,34.885398
-15.312791,3,35.163798
-14.417172,3,35.219172
53.345717,4,35.567112
-15.184251,3,35.751691
52.584439,4,36.077459
-14.266251,3,36.260182
-14.658902,3,36.317577
-11.654283,4,36.457327
-15.388251,3,36.768287
-9.450147,5,37.233755
-13.740902,3,37.295541
-15.286251,3,37.377759
-15.080172,3,37.440575
-14.658902,3,37.499496
-15.361712,3,37.58261
-15.082251,3,37.653016
-14.955791,3,37.88832
-13.040587,4,37.94417
-15.576902,3,38.008618
-15.157712,3,38.070116
-15.208712,3,38.154638
-9.945028,5,38.239152
-15.437172,3,38.297331
56.233614,5,38.545651
-14.760902,3,38.6087
-14.290712,3,38.73049
-15.259712,3,38.809928
-15.006791,3,39.0425
-14.417172,3,39.10232
-15.159791,3,39.430962
-15.372903,3,39.495328
-14.760902,3,39.556634
-15.131172,3,39.620043
-11.862004,4,39.719928
-15.157712,3,39.793359
-15.361712,3,39.852662
-15.259712,3,39.934259
-14.878251,3,40.025546
-15.270902,3,40.087507
-15.157712,3,40.201094
-15.006791,3,40.265461
-15.286251,3,40.338409
52.380439,4,40.484769
-15.388251,3,40.591897
-15.031251,3,40.703541
-14.953712,3,40.772943
-15.437172,3,40.837965
57.967614,5,40.963693
-10.345468,5,41.031427
-15.082251,3,41.144818
-14.929251,3,41.466478
-14.215251,3,41.557276
-14.723172,3,41.609542
-15.388251,3,41.716869
-15.437172,3,41.779155
-14.658902,3,41.839581
-15.286251,3,42.025812
-14.519172,3,42.084651
52.380439,4,42.383271
-15.335172,3,42.44763
-15.133251,3,42.52768
-14.470251,3,42.678629
-15.361712,3,42.786796
-14.266251,3,42.858343
-15.208712,3,42.926287
-14.266251,3,43.016892
-14.190791,3,43.101428
-15.516791,3,43.223624
-14.955791,3,43.513571
-15.490251,3,43.625752
-14.443712,3,43.69234
-15.437172,3,43.750929
50.860209,3,44.17847
-14.621172,3,44.236938
-14.904791,3,44.29444
-14.403902,3,44.360452
-15.159791,3,44.633825
-14.556902,3,44.697227
-15.066902,3,44.761665
-15.361712,3,44.850801
-10.039468,5,44.986676
-15.159791,3,45.263237
-15.463712,3,45.398371
-15.082251,3,45.617874
-15.463712,3,45.734056
-14.621172,3,45.79437
-15.210791,3,46.029767
-15.210791,3,46.119856
-15.004712,3,46.208012
-15.312791,3,46.463876
-15.233172,3,46.518618
-15.310712,3,46.58255
-14.723172,3,46.646417
-15.233172,3,46.707263
-15.463712,3,46.773187
-13.703172,3,46.828517
-15.667712,3,46.9468
-15.270902,3,47.011284
-14.454902,3,47.069948
-15.321902,3,47.127263
-14.292791,3,47.433223
-15.335172,3,47.500119
-14.290712,3,47.583344
-14.519172,3,47.643828
-14.878251,3,47.726426
-15.184251,3,47.794338
-15.565712,3,47.859051
-15.210791,3,47.98941
-15.210791,3,48.328123
-15.474902,3,48.389156
-15.388251,3,48.478858
-9.552147,5,48.570659
-15.539172,3,48.636153
-15.108791,3,48.728559
49.993209,3,49.157334
-12.530587,4,49.221943
-15.312791,3,49.284391
-15.437172,3,49.352562
-13.740902,3,49.418432
-14.368251,3,49.490676
-15.210791,3,49.791122
-15.743172,3,49.854954
-15.423902,3,49.915967
-14.266251,3,50.232669
-13.244587,4,50.426359
-15.184251,3,50.524037
-15.386172,3,50.596749
-9.792028,5,50.948762
-14.723172,3,51.008196
-14.394791,3,51.290224
-15.388251,3,51.406134
-15.286251,3,51.48117
-14.572251,3,51.556195
-15.184251,3,51.679215
50.809209,3,51.837297
-14.290712,3,51.936111
-15.386172,3,52.006949
-14.647712,3,52.070959
-15.208712,3,52.149984
-14.621172,3,52.215927
-15.565712,3,52.316174
-15.321902,3,52.375607
49.891209,3,52.823679
-15.437172,3,52.884303
-15.414791,3,53.008685
-15.208712,3,53.069148
-12.938587,4,53.135956
-15.312791,3,53.4091
52.427718,4,53.9015
-14.980251,3,54.113996
-15.259712,3,54.175902
-15.576902,3,54.237382
-15.259712,3,54.311796
-13.627712,3,54.382867
49.840209,3,54.75062
-15.463712,3,54.813951
-14.417172,3,54.872821
-15.386172,3,54.933723
-12.120726,4,55.001092
-13.703172,3,55.061527
-15.031251,3,55.160823
-14.366172,3,55.220232
-15.312791,3,55.459028
-15.131172,3,55.529004
-15.516791,3,55.766062
-15.361712,3,55.849996
-15.386172,3,55.909306
-15.474902,3,55.965661
-14.955791,3,56.114558
-15.310712,3,56.204112
-15.678902,3,56.267086
-15.259712,3,56.328452
-14.139791,3,56.422087
-15.066902,3,56.48002
-14.366172,3,56.541422
-14.760902,3,56.603295
-14.556902,3,56.659786
-15.286251,3,56.727288
-15.006791,3,56.970341
-15.210791,3,57.053459
-15.474902,3,57.106333
-15.312791,3,57.164155
-15.284172,3,57.233395
-14.953712,3,57.323936
-14.366172,3,57.384264
-14.955791,3,57.44713
-15.210791,3,57.730555
56.335614,5,57.891022
-13.448587,4,57.948909
-10.243468,5,58.165769
-14.292791,3,58.226181
-15.004712,3,58.290154
56.386614,5,58.424188
-14.519172,3,58.480681
-14.394791,3,58.541498
-15.372902,3,58.601808
-15.386172,3,58.668148
-15.080172,3,58.738842
-13.740902,3,58.806223
-14.190791,3,58.884236
-11.199004,4,58.956233
-12.887587,4,59.016049
-15.055712,3,59.079564
-15.388251,3,59.196962
-15.361712,3,59.287071
-15.066902,3,59.343896
-14.955791,3,59.44709
-15.286251,3,59.573963
-14.929251,3,59.699871
-14.802791,3,59.990398
-14.417172,3,60.051816
-15.286251,3,60.146315
-14.290712,3,60.248478
57.304614,5,60.315929
-11.70156,4,60.463675
56.929704,6,60.579471
-15.082251,3,60.650442
-14.290712,3,60.767229
-15.031251,3,60.879463
-13.244587,4,60.937822
-15.463712,3,61.028842
50.809209,3,61.180361
-15.414791,3,61.2518
-15.066902,3,61.31773
-15.539172,3,61.374529
-15.312791,3,61.643516
-14.723172,3,61.701911
-13.346587,4,61.763711
-12.933004,4,62.130521
-14.953712,3,62.218974
-15.270902,3,62.273526
-14.394791,3,62.580617
-14.621172,3,62.645028
-14.266251,3,62.71913
-14.368251,3,62.780267
-15.678902,3,62.843432
-15.576902,3,62.900949
-12.219004,4,63.009188
50.784749,3,63.407109
-14.470251,3,63.475019
-14.215251,3,63.593301
53.400439,4,63.823209
-14.139791,3,63.899241
-14.292791,3,63.979736
-15.335172,3,64.033105
-14.292791,3,64.335392
-14.723172,3,64.405875
-14.443712,3,64.53368
-14.878251,3,64.751785
-14.341712,3,64.844635
-14.366172,3,64.919394
-15.312791,3,65.39897
-11.862004,4,65.82867
-14.139791,3,65.959016
-15.780902,3,66.029478
-15.372903,3,66.088942
-15.335172,3,66.15276
-15.463712,3,66.229196
-15.463712,3,66.310385
49.866749,3,66.718019
-14.723172,3,66.777356
49.687209,3,66.946375
-13.552251,3,67.038723
-15.233172,3,67.112334
52.274717,4,67.383977
-15.539172,3,67.455074
-14.621172,3,67.510915
-14.190791,3,67.770914
-14.403902,3,67.846992
-15.057791,3,67.933645
-15.516791,3,68.122149
-15.029172,3,68.186258
-15.286251,3,68.282906
-15.463712,3,68.581945
-15.055712,3,68.894798
-14.545712,3,68.989442
-14.545712,3,69.05854
-15.565712,3,69.125803
-14.266251,3,69.238388
49.585209,3,69.642942
-14.572251,3,69.99192
-12.326587,4,70.054544
-15.335172,3,70.124648
-13.740902,3,70.195245
-15.743172,3,70.263356
-15.312791,3,70.566455
-15.539172,3,70.640602
-15.182172,3,70.700983
-15.259712,3,70.780017
-12.627004,4,71.009355
-15.463712,3,71.102482
-14.454902,3,71.161596
-15.131172,3,71.226944
-13.142587,4,71.294336
-14.215251,3,71.369784
53.502439,4,71.480606
-15.321902,3,71.540023
-11.705283,4,71.667396
-15.539172,3,71.736911
-15.117902,3,71.795989
-15.386172,3,71.873979
-14.519172,3,71.934053
-9.043476,6,72.038716
-14.760902,3,72.101348
-14.368251,3,72.198093
-13.244587,4,72.314687
-14.403902,3,72.381119
-15.321902,3,72.453735
-14.572251,3,72.587242
-14.496791,3,72.662034
-15.539172,3,72.723607
-10.047028,5,72.803529
-14.760902,3,72.864202
-15.182172,3,72.921017
-14.394791,3,73.223596
-15.437172,3,73.281811
-10.039468,5,73.39881
-11.497561,4,73.540085
-14.341712,3,73.609736
-15.286251,3,73.70435
-15.386172,3,73.771931
-12.725283,4,73.912983
-12.428587,4,73.97213
-15.539172,3,74.035899
50.860209,3,74.519307
-14.621172,3,74.579407
-14.403902,3,74.637491
-15.576902,3,74.706613
-12.936726,4,74.798423
-14.802791,3,75.106772
50.605209,3,75.358206
-15.388251,3,75.456227
-15.157712,3,75.542437
-15.321902,3,75.603563
-8.358386,5,76.144641
-12.011283,4,76.597854
-15.219902,3,76.65994
-15.055712,3,76.73155
-15.082251,3,76.862827
-14.417172,3,76.93729
-13.703172,3,76.990571
-14.139791,3,77.242526
-14.190791,3,77.384751
-12.426726,4,77.471559
-15.576902,3,77.53415
-14.139791,3,77.827622
57.253614,5,77.90118
-14.139791,3,78.144655
-14.519172,3,78.205238
-15.361712,3,78.264835
-15.372903,3,78.323469
-9.465267,5,78.867177
-14.470251,3,78.998395
-14.417172,3,79.058744
-14.572251,3,79.163037
-15.641172,3,79.220842
-14.292791,3,79.326984
-14.266251,3,79.417769
-14.443712,3,79.503706
-14.545712,3,79.623925
-14.470251,3,79.829528
-14.403902,3,79.892616
-15.539172,3,79.958001
-14.290712,3,80.016048
-14.545712,3,80.088155
-15.423902,3,80.150837
-14.723172,3,80.216104
-14.266251,3,80.333054
53.294717,4,80.742861
-15.233172,3,80.809677
-14.647712,3,80.879087
-14.929251,3,81.289185
-15.372902,3,81.344743
-15.259712,3,81.418844
-14.341712,3,81.521466
-15.539172,3,81.585306
52.529717,4,81.889528
-15.667712,3,81.960131
-13.476791,3,82.267059
50.146209,3,82.493757
-15.576902,3,82.564926
-15.361712,3,82.636536
-13.244587,4,82.704235
-14.853791,3,82.795414
-15.184251,3,82.892664
-15.335172,3,82.951721
52.172717,4,83.101588
-15.184251,3,83.216847
-15.386172,3,83.285277
-15.182172,3,83.34304
-15.335172,3,83.401029
-15.168902,3,83.46189
-13.552251,3,83.566672
-14.215251,3,83.637621
50.631749,3,84.053269
52.737439,4,84.161978
-15.321902,3,84.216352
50.605209,3,84.660365
-15.678902,3,84.722
-15.678902,3,84.786438
-14.760902,3,84.842739
-14.658902,3,84.909192
-14.878251,3,85.243357
-15.592251,3,85.562006
-15.310712,3,85.638477
-15.286251,3,85.714928
-15.463712,3,85.801988
-15.321902,3,85.869481
-14.556902,3,85.931805
-15.565712,3,86.007922
-14.980251,3,86.204712
-14.443712,3,86.26516
-15.108791,3,86.618136
-15.539172,3,86.678363
-14.853791,3,86.974614
-15.780902,3,87.036483
-15.310712,3,87.09988
-15.335172,3,87.166325
-15.437172,3,87.22975
-15.284172,3,87.293507
49.483209,3,87.739911
49.840209,3,88.194313
52.988717,4,88.323478
-15.678902,3,88.385435
-14.621172,3,88.455254
-15.082251,3,88.529281
-15.106712,3,88.613153
-15.219902,3,88.681588
-15.004712,3,88.747331
-15.168902,3,88.811071
-15.031251,3,89.019356
-15.310712,3,89.084763
-9.588028,5,89.198437
52.58444,4,89.399913
-14.215251,3,89.499412
-9.945028,5,89.591388
-15.474902,3,89.6567
-9.894028,5,89.759473
-14.341712,3,89.844088
-15.780902,3,89.905231
56.131614,5,90.083354
-14.368251,3,90.154934
-15.029172,3,90.214698
-15.310712,3,90.278438
-14.266251,3,90.513426
-15.474902,3,90.587166
-14.341712,3,90.708606
-14.556902,3,90.772531
-15.031251,3,90.862999
52.482439,4,91.065063
-12.219004,4,91.178684
-13.552251,3,91.265171
50.605209,3,91.742633
-15.066902,3,91.807491
-12.783726,4,91.87486
-14.366172,3,91.943958
-14.470251,3,92.020561
-14.929251,3,92.171683
-15.312791,3,92.465247
-15.641172,3,92.535183
-15.117902,3,92.602427
-15.388251,3,92.680588
-15.117902,3,92.740166
-12.882004,4,92.806767
-14.496791,3,92.933755
-12.173587,4,92.995514
-12.678004,4,93.187735
-8.874028,5,93.618575
-10.149028,5,93.726343
-15.286251,3,93.853934
57.722294,6,94.016882
-14.215251,3,94.137738
-15.335172,3,94.196474
-12.324726,4,94.476336
-12.521283,4,94.800548
-15.219902,3,94.867999
-15.208712,3,94.931339
49.713749,3,95.354178
-15.080172,3,95.417343
-15.004712,3,95.4872
-15.031251,3,95.781289
-12.011283,4,95.854149
-14.454902,3,95.919605
53.345717,4,96.271285
-14.266251,3,96.397078
52.176439,4,96.521673
-15.182172,3,96.589698
-14.723172,3,96.66351
-15.159791,3,96.906335
-15.516791,3,96.995185
-15.004712,3,97.083337
-15.004712,3,97.188914
-14.760902,3,97.249519
-12.780004,4,97.344092
-15.437172,3,97.404527
-15.184251,3,97.500957
-14.341712,3,97.823653
-14.647712,3,97.911286
-15.055712,3,97.989504
-15.029172,3,98.054235
52.427718,4,98.36385
-9.741028,5,98.440553
-12.780004,4,98.575453
-14.366172,3,98.639824
-12.623283,4,98.865052
-12.426726,4,99.005475
-13.740902,3,99.068748
-15.388251,3,99.2538
-15.474902,3,99.314403
-10.251028,5,99.754519
-15.108791,3,99.822125
-13.140726,4,99.931291
-14.366172,3,99.995627
-13.040587,4,100.057219
-13.091587,4,100.117296
-14.723172,3,100.183914
-12.069726,4,100.270548
-12.326587,4,100.340148
-11.199004,4,100.532956
-15.423902,3,100.591573
-15.168902,3,100.658451
-14.519172,3,100.725385
-14.853791,3,100.800464
-15.270902,3,100.865282
52.27844,4,101.093686
-11.909283,4,101.404979
-11.406726,4,101.470401
-13.040587,4,101.539138
49.407749,3,101.938998
-13.552251,3,102.041692
-12.517561,4,102.741683
-14.454902,3,102.808766
-14.454902,3,102.876668
-12.933004,4,103.01002
-15.414791,3,103.307998
49.942209,3,103.477159
-15.004712,3,103.562783
52.83944,4,103.657415
-15.286251,3,103.739513
-15.259712,3,103.816535
-14.341712,3,103.901792
-15.066902,3,103.966501
52.988717,4,104.332888
-14.647712,3,104.392377
-12.521283,4,104.545327
-15.131172,3,104.618465
-15.437172,3,104.677036
-15.414791,3,104.765651
49.815749,3,105.167462
-15.029172,3,105.241083
-15.539172,3,105.30917
-14.454902,3,105.381712
-15.157712,3,105.477479
-14.853791,3,105.555207
-14.417172,3,105.614188
-14.556902,3,105.68065
-14.368251,3,105.807937
52.482439,4,106.053956
-15.208712,3,106.136631
-15.463712,3,106.239341
-15.031251,3,106.46836
-15.780902,3,106.541033
-14.368251,3,106.621181
-14.647712,3,106.71079
-15.743172,3,106.776422
-13.476791,3,106.837166
-15.312791,3,106.903068
53.400439,4,107.014322
-15.565712,3,107.084833
-13.703172,3,107.143698
-14.394791,3,107.235831
-12.887587,4,107.302276
-12.627004,4,107.662658
-15.678902,3,107.735475
-15.516791,3,108.233157
-14.190791,3,108.531471
-14.556902,3,108.587164
-9.129028,5,108.678583
-14.621172,3,108.745224
-14.290712,3,108.863299
52.53344,4,108.936593
-15.414791,3,109.230481
-15.310712,3,109.292984
-15.667712,3,109.385037
-12.120726,4,109.448672
-15.437172,3,109.510158
-15.106712,3,109.599988
-15.565712,3,109.659985
-15.210791,3,109.732856
-14.417172,3,109.79686
-13.476791,3,110.094015
-15.057791,3,110.373713
-14.215251,3,110.699199
-15.057791,3,110.780674
51.523209,3,111.091247
-15.335172,3,111.158711
-15.259712,3,111.225167
-14.368251,3,111.300057
-14.266251,3,111.620238
-12.015004,4,111.717911
-12.933004,4,111.819109
-15.386172,3,111.889735
-14.556902,3,111.952315
-15.168902,3,112.012667
-13.627712,3,112.075507
-15.386172,3,112.141641
-15.284172,3,112.210588
-12.882004,4,112.402021
49.687209,3,112.740357
-15.539172,3,112.806968
-14.417172,3,112.870587
-14.454902,3,112.933779
-15.006791,3,113.175168
-15.361712,3,113.270117
-13.740902,3,113.330708
-15.474902,3,113.388965
-15.539172,3,113.457061
-14.139791,3,113.535321
57.161294,6,113.707795
57.304614,5,113.819501
-14.572251,3,113.900654
-14.292791,3,114.143591
-15.388251,3,114.250833
-15.335172,3,114.317011
-14.760902,3,114.374195
-15.423902,3,114.44335
-15.208712,3,114.523494
50.197209,3,114.996
-14.215251,3,115.324047
-14.572251,3,115.545032
52.482439,4,115.665776
-15.539172,3,115.730529
-14.647712,3,115.819299
-14.572251,3,115.883471
-15.182172,3,115.942048
-15.312791,3,116.005167
-15.386172,3,116.067937
-15.539172,3,116.135552
-14.904791,3,116.451816
-14.454902,3,116.521329
-15.080172,3,116.582457
-13.552251,3,116.693587
-14.368251,3,116.812608
-15.372902,3,116.877869
-15.667712,3,116.970997
-13.740902,3,117.033792
-14.760902,3,117.099405
-15.235251,3,117.220617
-15.004712,3,117.314265
-15.312791,3,117.613947
-14.760902,3,117.67513
-12.222726,4,117.743286
-9.427468,5,117.923792
-14.519172,3,117.984372
-15.310712,3,118.073014
-14.443712,3,118.392397
-15.208712,3,118.458267
-15.565712,3,118.52689
50.707209,3,118.642844
-13.242726,4,118.775102
-13.703172,3,118.834764
-15.080172,3,118.896859
-15.312791,3,119.170506
-14.929251,3,119.36558
-14.519172,3,119.425199
-15.219902,3,119.484288
-14.290712,3,119.609502
-12.987726,4,119.69787
-15.133251,3,119.791732
-15.678902,3,119.843611
-12.929283,4,120.13794
-12.780004,4,120.500634
-15.157712,3,120.567812
-14.292791,3,120.84138
50.146209,3,121.404992
-14.341712,3,121.467094
50.809209,3,121.597804
52.274717,4,122.048119
-15.219902,3,122.108461
-15.361712,3,122.178894
-14.292791,3,122.247391
-12.120726,4,122.328969
-15.386172,3,122.392623
-14.470251,3,122.488267
-15.463712,3,122.560782
-15.312791,3,122.795342
-9.246147,5,123.083325
-15.235251,3,123.172334
-14.556902,3,123.231386
-15.055712,3,123.320036
-15.312791,3,123.404556
-15.641172,3,123.470356
-15.157712,3,123.529196
-15.259712,3,123.590587
-14.621172,3,123.655408
-13.040587,4,123.721337
-15.437172,3,123.783721
-14.454902,3,123.840025
-12.521283,4,124.083112
-15.235251,3,124.177161
56.488614,5,124.24878
-14.658902,3,124.313645
-15.117902,3,124.372563
-15.219902,3,124.42941
52.070717,4,124.723446
-15.057791,3,125.068311
-15.284172,3,125.134329
-15.184251,3,125.203808
-14.454902,3,125.269657
-15.029172,3,125.327616
-14.545712,3,125.435464
-10.047028,5,125.537091
-14.929251,3,125.653875
52.274717,4,125.785262
-12.783726,4,125.850606
-15.321902,3,125.915587
-15.168902,3,125.977436
-15.029172,3,126.038892
-14.980251,3,126.351977
-15.235251,3,126.671185
-15.066902,3,126.7326
-14.366172,3,126.795424
-11.406726,4,126.883959
-15.057791,3,127.335464
-15.474902,3,127.399369
56.233614,5,127.490109
-15.055712,3,127.610873
53.400439,4,127.792535
-14.292791,3,128.077537
-14.341712,3,128.142522
-15.286251,3,128.257697
-15.388251,3,128.331148
-14.980251,3,128.41563
-12.117004,4,128.499573
-15.131172,3,128.559935
-15.131172,3,128.620366
-15.361712,3,128.736222
-15.312791,3,129.015865
-13.552251,3,129.105431
-12.317282,4,129.364503
-14.572251,3,129.465853
-15.414791,3,129.767171
-12.530587,4,129.837083
-14.266251,3,129.920578
-15.208712,3,130.029778
-15.539172,3,130.092216
-15.361712,3,130.170357
-15.219902,3,130.232181
-15.066902,3,130.293541
-14.545712,3,130.386921
-13.344726,4,130.518439
52.988717,4,130.673804
-15.133251,3,130.788639
-14.878251,3,130.873616
-15.159791,3,131.338981
-13.448587,4,131.405512
-15.490251,3,131.511796
-14.853791,3,131.603816
-14.366172,3,131.667275
-15.576902,3,131.732643
-14.190791,3,131.830972
-15.372902,3,131.897334
-15.463712,3,131.983859
-15.437172,3,132.053239
53.29844,4,132.299307
-15.235251,3,132.428601
-13.627712,3,132.495935
-15.006791,3,132.785801
-12.530587,4,132.856287
-15.310712,3,132.958916
-14.470251,3,133.067669
-12.324726,4,133.139983
-13.038726,4,133.222025
-15.066902,3,133.28588
-15.182172,3,133.344748
-14.980251,3,133.472785
-15.463712,3,133.53691
-12.61956,4,133.675491
-14.341712,3,133.766109
-14.853791,3,134.009523
-14.139791,3,134.332492
-14.470251,3,134.427654
-14.723172,3,134.484946
-14.454902,3,134.551348
-15.029172,3,134.618388
-15.117902,3,134.682243
-13.091587,4,134.745334
-14.647712,3,134.833868
-15.474902,3,134.899736
-12.989587,4,134.961169
58.436294,6,135.052324
-14.519172,3,135.112536
-15.386172,3,135.17568
-15.539172,3,135.231008
56.911733,5,135.505564
-15.082251,3,135.598173
-14.366172,3,135.657547
-15.312791,3,135.719543
-13.193587,4,135.777855
-14.292791,3,135.860812
-13.346587,4,135.920747
-14.443712,3,135.988681
-9.159267,5,136.125444
-12.011283,4,136.507368
56.233614,5,136.594975
-14.290712,3,136.663633
52.070717,4,136.888047
-14.545712,3,136.949914
52.83944,4,137.344249
-14.953712,3,137.41145
-15.361712,3,137.504207
-15.539172,3,137.571603
-15.312791,3,137.866384
-15.678902,3,137.923762
-14.470251,3,138.133457
-15.321902,3,138.192088
-15.474902,3,138.248028
-14.266251,3,138.436178
-12.725283,4,138.737842
52.27844,4,138.983337
-12.834726,4,139.093934
-15.335172,3,139.159851
-14.760902,3,139.224072
-14.519172,3,139.280995
-13.346587,4,139.339254
-15.361712,3,139.434615
49.993209,3,139.592251
-15.286251,3,139.663731
-14.878251,3,139.732157
-15.117902,3,139.793571
-15.106712,3,139.900293
-15.414791,3,140.360859
-14.454902,3,140.418822
-15.678902,3,140.486247
-15.335172,3,140.549148
-14.417172,3,140.61497
-15.108791,3,140.692933
-14.394791,3,140.775544
-14.904791,3,141.088285
-14.723172,3,141.148683
-15.474902,3,141.207024
-14.292791,3,141.708314
-14.215251,3,141.783176
-15.678902,3,141.844387
-14.290712,3,141.963925
-14.519172,3,142.027863
-15.576902,3,142.092769
-15.284172,3,142.158677
-13.703172,3,142.219082
-15.286251,3,142.402812
-9.027028,5,142.498956
-15.565712,3,142.557345
-12.120726,4,142.622796
-14.556902,3,142.688264
-14.139791,3,142.774743
-13.344726,4,142.847754
-10.243468,5,142.941883
-15.159791,3,143.249893
-15.490251,3,143.468805
-15.321902,3,143.53526
-14.403902,3,143.597629
-11.510587,4,143.652526
57.07554,7,143.735098
57.922114,6,143.949439
-13.035004,4,144.02544
-12.117004,4,144.097306
-15.474902,3,144.155703
-15.157712,3,144.234762
-15.641172,3,144.291548
-15.335172,3,144.351003
-12.887587,4,144.411404
-15.184251,3,144.49394
52.631717,4,144.664091
-15.057791,3,144.901542
-15.057791,3,145.00419
-14.545712,3,145.127459
52.176439,4,145.517055
-15.321902,3,145.57453
-15.284172,3,145.638508
-15.210791,3,145.696288
-14.139791,3,145.773545
-15.219902,3,145.832009
-15.270902,3,145.892857
-15.157712,3,145.98749
-11.199004,4,146.313514
-14.760902,3,146.378128
-15.286251,3,146.690651
-15.361712,3,146.755068
-14.621172,3,146.817455
-14.417172,3,146.882931
-12.530587,4,146.947826
-14.929251,3,147.05196
-15.576902,3,147.111397
-15.641172,3,147.177329
-14.368251,3,147.270524
-15.361712,3,147.35503
-14.341712,3,147.454195
-15.414791,3,147.517592
-15.361712,3,147.580139
-15.108791,3,147.640516
-12.324726,4,147.729624
-14.368251,3,147.923324
49.993209,3,148.055594
-15.055712,3,148.141227
-15.210791,3,148.431309
-15.157712,3,148.553113
-15.117902,3,148.619586
-7.818147,5,148.70011
-14.519172,3,148.758919
-15.259712,3,148.817782
-10.243468,5,148.894264
-14.292791,3,148.960239
-13.476791,3,149.124579
-15.386172,3,149.185447
-15.219902,3,149.243815
-13.040587,4,149.31272
-14.929251,3,149.42207
-14.403902,3,149.479907
-15.667712,3,149.604196
-14.621172,3,149.669093
-15.210791,3,149.762135
-15.133251,3,149.849677
-15.117902,3,149.911024
-12.428587,4,149.977465
-15.184251,3,150.045874
-14.496791,3,150.1228
-14.519172,3,150.182214
52.482439,4,150.363427
-15.474902,3,150.428831
-14.366172,3,150.485152
-15.286251,3,150.584164
52.89044,4,150.690341
-14.853791,3,151.175846
-14.190791,3,151.482893
-14.496791,3,151.825084
-15.210791,3,152.065073
-12.173587,4,152.125423
-12.831004,4,152.478368
-14.290712,3,152.544743
-15.335172,3,152.602086
49.815749,3,153.000143
-14.621172,3,153.061014
-12.576004,4,153.252781
-13.703172,3,153.311094
-12.262561,4,153.470723
-13.244587,4,153.537436
-14.394791,3,153.806083
52.737439,4,153.914258
-14.403902,3,153.971105
-14.955791,3,154.077787
-20.583631,9,154.273602
56.233614,5,154.369679
-13.627712,3,154.427974
-15.182172,3,154.484763
-14.621172,3,154.543058
-8.380476,6,154.778599
-15.210791,3,154.856045
-13.627712,3,154.916447
-14.955791,3,155.012964
-14.341712,3,155.078446
-14.394791,3,155.169014
-15.208712,3,155.247995
-14.658902,3,155.308377
-15.312791,3,155.759581
-15.361712,3,155.826001
-15.386172,3,155.883354
-15.184251,3,155.973882
-9.792028,5,156.29861
-15.335172,3,156.36527
-13.740902,3,156.42509
-15.157712,3,156.515212
-9.297147,5,156.734608
-15.286251,3,156.848876
56.386614,5,156.914252
-15.157712,3,157.001375
-15.321902,3,157.066307
-14.760902,3,157.131725
-12.936726,4,157.227307
-11.654283,4,157.379564
-15.539172,3,157.436845
50.044209,3,157.604032
-14.556902,3,157.666024
-15.312791,3,157.898123
-14.292791,3,158.34749
-15.312791,3,158.407508
-15.423902,3,158.467875
-15.310712,3,158.571006
53.29844,4,158.805464
-14.292791,3,159.097452
-15.233172,3,159.155822
-15.259712,3,159.249
-14.368251,3,159.377476
-14.470251,3,159.502071
49.942209,3,159.664085
-15.082251,3,159.78216
-15.372903,3,159.841001
55.534733,5,160.10075
-14.190791,3,160.174715
-15.117902,3,160.234582
-15.259712,3,160.325603
-15.388251,3,160.440423
-14.139791,3,160.72781
-15.539172,3,160.793205
-15.235251,3,160.98092
-15.106712,3,161.068425
-13.244587,4,161.129321
-14.545712,3,161.195828
-14.647712,3,161.272876
53.294717,4,161.655839
-13.344726,4,161.763994
-14.366172,3,161.83294
52.376717,4,162.129225
-14.290712,3,162.213774
-11.497561,4,162.527312
-15.474902,3,162.586219
-14.723172,3,162.652158
-15.678902,3,162.718084
-12.885726,4,162.829805
-15.641172,3,162.893799
-14.403902,3,162.947606
-14.215251,3,163.129374
-13.627712,3,163.235474
-9.784468,5,163.308213
-13.703172,3,163.380451
-15.259712,3,163.508222
-12.989587,4,163.575846
-14.266251,3,163.658566
-14.556902,3,163.732392
-15.004712,3,163.816691
-12.324726,4,163.920019
-14.454902,3,163.988997
-15.168902,3,164.066313
-15.184251,3,164.155034
-14.190791,3,164.223137
-15.106712,3,164.306246
-11.199004,4,164.469289
-13.140726,4,164.597487
-14.723172,3,164.662143
-11.909283,4,165.054596
-15.780902,3,165.114726
-14.647712,3,165.204533
-15.057791,3,165.271126
-15.133251,3,165.44957
-14.443712,3,165.535006
56.284614,5,165.662642
-13.344726,4,165.754777
-12.933004,4,166.120994
-14.368251,3,166.225116
-14.190791,3,166.528227
-12.069726,4,166.613378
-14.647712,3,166.684967
-14.366172,3,166.74806
-14.760902,3,166.807637
-12.224587,4,166.870305
-14.394791,3,166.948031
-15.235251,3,167.118203
-12.015004,4,167.205618
53.502439,4,167.438184
-15.210791,3,167.898098
-15.780902,3,167.955957
-15.388251,3,168.058731
-12.426726,4,168.130261
-12.069726,4,168.199857
-14.496791,3,168.681053
-15.004712,3,168.776193
-15.780902,3,168.840426
-15.321902,3,168.902486
-14.366172,3,168.966661
-15.270902,3,169.028684
-14.470251,3,169.113429
-15.004712,3,169.175782
-15.372902,3,169.233698
-15.233172,3,169.29514
50.070749,3,169.68937
-15.055712,3,169.77969
53.502439,4,170.009513
-14.556902,3,170.058548
-14.139791,3,170.365041
-12.419283,4,170.72861
-14.519172,3,170.788846
50.707209,3,171.257483
-14.215251,3,171.369538
-13.142587,4,171.486212
-15.414791,3,171.782495
-14.290712,3,171.865358
-13.552251,3,171.955308
-15.184251,3,172.073096
-15.437172,3,172.136471
-12.015004,4,172.198303
-14.545712,3,172.259522
-15.284172,3,172.326117
56.437614,5,172.414859
-15.219902,3,172.474694
52.988717,4,172.9031
-15.117902,3,172.964642
-12.324726,4,173.055629
-15.066902,3,173.120126
-15.437172,3,173.183532
-15.437172,3,173.240746
-15.117902,3,173.304077
-9.223468,5,173.377712
-14.878251,3,173.499879
-15.539172,3,173.556903
-14.647712,3,173.673702
-15.210791,3,173.806718
-14.215251,3,174.000001
-14.470251,3,174.079139
-15.210791,3,174.144227
-12.368283,4,174.40385
-14.470251,3,174.514528
-8.613386,5,174.960816
53.502439,4,175.049109
-14.723172,3,175.111203
-12.428587,4,175.176374
56.758733,5,175.366583
53.090717,4,175.652797
-13.035004,4,176.108115
-15.539172,3,176.177976
54.008717,4,176.633267
-15.386172,3,176.700609
-14.647712,3,176.763296
-15.168902,3,176.821917
-14.723172,3,176.887656
52.482439,4,177.078565
-14.802791,3,177.160661
-15.743172,3,177.274852
-15.133251,3,177.460085
-12.222726,4,177.5826
-15.080172,3,177.642213
56.758733,5,177.754685
-15.157712,3,177.849736
-12.936726,4,177.932859
-15.678902,3,177.988858
-12.929283,4,178.092724
-15.361712,3,178.15797
53.196439,4,178.422968
-15.372903,3,178.49562
-15.321902,3,178.566732
-15.219902,3,178.62862
50.503209,3,179.05316
-14.341712,3,179.112916
-15.372902,3,179.189477
-13.703172,3,179.25456
-15.031251,3,179.32416
-11.199004,4,179.430952
-14.556902,3,179.484035
-11.862004,4,179.610401
-12.120726,4,179.686592
-14.760902,3,179.746444
-15.423902,3,179.809857
-12.525004,4,180.192461
-15.335172,3,180.249824
-12.419283,4,180.552557
-14.394791,3,180.619542
-15.372902,3,180.676842
-15.386172,3,180.736765
-14.394791,3,181.055719
-14.496791,3,181.356716
-14.292791,3,181.450848
-15.539172,3,181.515964
-15.029172,3,181.576047
-15.184251,3,181.64665
-15.117902,3,181.711935
-15.312791,3,181.80922
-14.929251,3,181.885866
-14.443712,3,181.947953
-7.818147,5,182.278539
-11.913004,4,182.50177
-12.521283,4,182.631224
-14.496791,3,182.731128
-15.108791,3,183.021092
-14.190791,3,183.386853
-15.386172,3,183.443564
-15.539172,3,183.507949
-13.089726,4,183.601019
-15.270902,3,183.662418
-13.040587,4,183.723799
-9.988468,5,183.81573
-15.219902,3,183.886601
-15.080172,3,183.95659
-15.210791,3,184.242587
-12.324726,4,184.516396
-15.219902,3,184.580817
-15.310712,3,184.668404
50.503209,3,184.830486
-14.621172,3,184.891362
-10.991283,4,185.146118
-15.286251,3,185.218585
53.400439,4,185.305698
-9.843028,5,185.392329
57.694704,6,185.64393
-14.545712,3,185.708311
53.29844,4,185.990782
-15.463712,3,186.089886
-15.539172,3,186.148229
-12.517561,4,186.451737
-8.913886,6,186.753657
52.63544,4,186.998146
-14.545712,3,187.08666
-12.938587,4,187.154774
-15.286251,3,187.25642
-15.321902,3,187.322893
-14.621172,3,187.380316
-15.490251,3,187.512069
-14.403902,3,187.566586
-13.740902,3,187.620519
-9.108267,5,187.93098
-15.372903,3,187.994969
-15.219902,3,188.05535
-13.552251,3,188.153558
-13.552251,3,188.379163
53.400439,4,188.715897
-14.572251,3,188.795968
-15.780902,3,188.856265
-15.284172,3,188.922251
-14.853791,3,189.156279
-14.454902,3,189.215247
-14.545712,3,189.292056
-14.519172,3,189.350406
-15.106712,3,189.434108
-12.619561,4,189.774398
-14.621172,3,189.839313
-14.454902,3,189.896631
-10.039468,5,190.016911
-14.403902,3,190.0864
-11.909283,4,190.225845
49.993209,3,190.675934
-14.496791,3,190.751146
-11.406726,4,190.84015
-14.658902,3,190.904563
-12.069726,4,190.972254
-15.423902,3,191.032388
-11.510587,4,191.092919
-14.519172,3,191.155314
-15.259712,3,191.239852
-14.454902,3,191.300701
55.993733,5,191.58101
-14.266251,3,191.683696
52.325717,4,192.063931
-15.157712,3,192.12175
-14.556902,3,192.188144
-12.780004,4,192.250567
-15.678902,3,192.312417
57.049614,5,192.452608
-14.572251,3,192.529994
-8.980771,6,192.6271
-12.219004,4,192.718651
-15.678902,3,192.783086
-15.082251,3,192.859054
-12.368283,4,193.215696
-12.933004,4,193.485597
-15.743172,3,193.553542
-11.199004,4,193.646671
-14.394791,3,193.951727
-14.366172,3,194.013147
-13.476791,3,194.280432
-13.627712,3,194.37621
-15.490251,3,194.460657
-15.284172,3,194.526628
-14.417172,3,194.587266
-14.556902,3,194.650531
-14.417172,3,194.71191
-15.321902,3,194.769765
-15.057791,3,195.070439
56.860733,5,195.193701
-15.310712,3,195.275457
-14.519172,3,195.337336
52.27844,4,195.571666
-14.366172,3,195.634569
-8.776771,6,195.730156
-15.057791,3,196.026004
-12.069726,4,196.107018
-7.950386,5,196.560441
-15.082251,3,196.650206
-12.933004,4,196.743201
-11.862004,4,196.949833
53.55344,4,197.156932
-15.386172,3,197.254565
-12.885726,4,197.359288
-15.259712,3,197.434749
-15.133251,3,197.506694
-15.108791,3,197.994425
-15.372902,3,198.066344
-15.106712,3,198.179639
52.63544,4,198.580901
-14.955791,3,198.639736
-15.210791,3,198.878355
-15.437172,3,198.938833
-14.955791,3,199.175647
-12.834726,4,199.27234
-15.310712,3,199.376013
-13.476791,3,199.442195
-9.898771,6,199.810002
-14.470251,3,199.901621
53.196439,4,200.130146
-12.011283,4,200.195384
-10.991283,4,200.334964
-15.576902,3,200.424597
-11.909283,4,200.803413
-14.572251,3,200.881445
-15.539172,3,200.948802
-15.235251,3,201.012428
-14.139791,3,201.096501
-14.556902,3,201.160522
-15.233172,3,201.220753
-15.539172,3,201.287388
-14.723172,3,201.345102
-13.740902,3,201.405221
-15.437172,3,201.471818
-14.190791,3,201.752226
-12.222726,4,201.810062
-15.361712,3,201.921973
-15.437172,3,201.980635
-15.184251,3,202.065506
-15.219902,3,202.125471
-15.463712,3,202.198443
-13.035004,4,202.503375
-12.428587,4,202.562494
-15.312791,3,202.651926
-15.388251,3,202.993149
-14.366172,3,203.058404
-15.219902,3,203.116401
-14.394791,3,203.191875
-15.259712,3,203.282579
-15.576902,3,203.340576
-15.335172,3,203.407061
55.534733,5,203.693989
-14.341712,3,203.759969
-15.117902,3,203.821433
-12.324726,4,203.934222
-14.366172,3,203.996695
-10.251028,5,204.238465
-15.576902,3,204.301398
-12.530587,4,204.360283
-11.705283,4,204.595361
-15.210791,3,204.914162
-15.388251,3,205.103552
50.707209,3,205.568223
-15.312791,3,205.873376
-15.117902,3,205.934242
50.503209,3,206.405638
50.503209,3,206.668586
-15.108791,3,206.906495
-15.372903,3,206.966393
-15.388251,3,207.036864
-9.195147,5,207.174872
52.38044,4,207.279992
-15.184251,3,207.354167
-12.882004,4,207.447054
-15.312791,3,207.681521
-14.368251,3,208.002627
-15.539172,3,208.056426
-12.41556,4,208.186243
57.847704,6,208.269061
56.641614,5,208.394382
-12.224587,4,208.458169
-14.647712,3,208.519147
-13.089726,4,208.592124
-13.703172,3,208.658516
-13.140726,4,208.751809
-13.244587,4,208.820369
-14.723172,3,208.886673
57.967614,5,208.994894
-14.496791,3,209.274296
-14.572251,3,209.349782
-15.106712,3,209.439979
-15.259712,3,209.513431
-14.368251,3,209.836992
53.400439,4,209.940145
-14.647712,3,210.031315
55.752524,6,210.399711
-14.215251,3,210.514477
-15.106712,3,210.602563
-14.341712,3,210.688152
-15.372902,3,210.757136
-14.292791,3,210.87087
57.253614,5,210.989032
-15.004712,3,211.080597
-14.139791,3,211.381441
-12.678004,4,211.472859
-12.576004,4,211.618388
-15.678902,3,211.688809
-15.031251,3,211.880426
-14.760902,3,211.945771
-15.029172,3,212.006655
-14.572251,3,212.104331
-15.184251,3,212.238743
-13.552251,3,212.377255
49.968749,3,212.775649
-14.556902,3,212.838567
-12.419283,4,213.136116
-14.341712,3,213.216122
-14.723172,3,213.273982
-13.627712,3,213.37678
-15.184251,3,213.495952
-11.705283,4,213.633254
55.651853,5,214.013544
-15.133251,3,214.10713
-9.072386,5,214.592707
-14.454902,3,214.65507
-14.723172,3,214.718995
-12.428587,4,214.781419
-14.341712,3,215.013855
-14.190791,3,215.106343
-12.887587,4,215.165312
-14.417172,3,215.234695
-13.137004,4,215.314219
-15.565712,3,215.406809
-14.572251,3,215.479426
-15.057791,3,215.559784
-14.417172,3,215.629262
52.482439,4,215.731465
-15.539172,3,215.797299
-15.286251,3,215.865805
-15.082251,3,215.987072
55.701524,6,216.469856
-14.368251,3,216.590153
-15.208712,3,216.652525
-14.454902,3,216.712891
-15.592251,3,216.80741
-15.270902,3,216.869825
-12.428587,4,216.929056
-14.454902,3,216.988945
-14.853791,3,217.071962
49.789209,3,217.538326
-15.210791,3,217.826938
53.196439,4,217.983887
-14.454902,3,218.049475
49.687209,3,218.314436
-12.222726,4,218.388946
-13.140726,4,218.480494
-14.454902,3,218.541592
-15.057791,3,218.628963
-11.199004,4,218.743578
-15.108791,3,219.152335
-15.184251,3,219.271094
-15.182172,3,219.329903
-12.069726,4,219.400507
-15.219902,3,219.458579
-15.372902,3,219.520447
-11.909283,4,219.675042
-15.312791,3,219.757041
-14.556902,3,219.817283
-15.423902,3,219.877619
50.605209,3,220.335037
-14.266251,3,220.414313
-14.572251,3,220.602511
-14.556902,3,220.658909
-11.803561,4,220.801332
-15.117902,3,220.8607
-15.184251,3,220.98702
-13.703172,3,221.046451
-15.780902,3,221.104359
-14.417172,3,221.170524
-12.623283,4,221.444866
-14.802791,3,221.504756
-15.108791,3,221.584229
-15.270902,3,221.642652
-15.004712,3,221.701433
-15.108791,3,221.980718
53.192717,4,222.124143
-15.233172,3,222.192048
-15.106712,3,222.266522
-11.406726,4,222.359874
-14.366172,3,222.418334
-14.417172,3,222.478659
-15.219902,3,222.547061
-9.027028,5,222.633076
-15.388251,3,222.749231
-14.621172,3,222.809018
-12.933004,4,222.929401
55.498853,5,223.332842
-15.031251,3,223.405755
-15.372902,3,223.479741
-15.576902,3,223.542488
-15.004712,3,223.609613
-13.476791,3,223.90716
52.78844,4,224.204541
50.860209,3,224.663562
-14.190791,3,224.959104
50.784749,3,225.36378
-14.545712,3,225.42859
-9.231028,5,225.533857
-14.496791,3,225.625933
-15.490251,3,225.739596
-14.519172,3,225.80541
-13.035004,4,225.921126
-12.324726,4,226.009105
-15.576902,3,226.068474
-14.366172,3,226.123431
-15.106712,3,226.20996
50.605209,3,226.83173
-14.403902,3,226.891613
-14.215251,3,226.999744
54.216439,4,227.177364
-15.423902,3,227.237297
52.584439,4,227.631114
-12.120726,4,227.736303
-14.443712,3,227.822255
50.707209,3,227.971235
-9.792028,5,228.047776
-15.335172,3,228.11277
-14.403902,3,228.174756
-15.490251,3,228.510629
-8.874028,5,228.742249
-14.292791,3,229.044698
-14.572251,3,229.173175
-14.403902,3,229.23519
-14.519172,3,229.289699
-14.556902,3,229.356201
-14.519172,3,229.415888
-12.780004,4,229.561595
-14.215251,3,229.67912
53.400439,4,229.911602
-14.139791,3,230.18201
-14.556902,3,230.241835
-15.057791,3,230.510597
-13.703172,3,230.570585
-15.372902,3,230.626002
-15.321902,3,230.687076
-12.41556,4,230.832311
-14.760902,3,230.892643
-14.545712,3,230.974061
-8.838147,5,231.316564
-15.286251,3,231.442627
-13.239004,4,231.832445
-15.286251,3,231.919286
-15.335172,3,231.985287
56.233614,5,232.123416
-14.443712,3,232.186847
-11.862004,4,232.293914
-15.539172,3,232.356304
53.29844,4,232.59739
-13.448587,4,232.659967
-14.215251,3,232.881987
-10.090468,5,233.097706
-15.437172,3,233.156123
-12.831004,4,233.509763
-14.556902,3,233.567637
-14.519172,3,233.627023
-9.575233,7,233.932127
-15.117902,3,233.989935
55.993733,5,234.064825
-15.133251,3,234.251719
-15.108791,3,234.320677
-11.406726,4,234.41498
-15.006791,3,234.716007
-12.324726,4,234.815263
-12.428587,4,234.87363
-15.414791,3,235.38251
-11.199004,4,235.630285
52.584439,4,235.732407
-15.082251,3,235.818936
-15.539172,3,235.877321
-14.723172,3,235.943704
-14.519172,3,236.005584
-12.015004,4,236.334292
-12.173587,4,236.401822
-14.556902,3,236.459185
-15.286251,3,236.549755
-9.643771,6,236.944734
-15.235251,3,237.352103
-14.417172,3,237.414575
-14.341712,3,237.502205
-15.031251,3,237.573714
-15.182172,3,237.629113
-13.476791,3,237.736173
-15.133251,3,237.828696
56.233614,5,238.084355
-13.476791,3,238.321419
-15.516791,3,238.593319
-14.621172,3,238.657312
-14.878251,3,238.740285
-15.286251,3,238.961973
-14.139791,3,239.1855
-15.233172,3,239.241309
-15.133251,3,239.333879
-15.259712,3,239.408988
-14.647712,3,239.520172
-15.004712,3,239.627385
-13.040587,4,239.692839
-15.335172,3,239.750699
-15.082251,3,239.843172
-13.091587,4,239.91055
-14.341712,3,240.000684
-15.310712,3,240.059426
-13.552251,3,240.182316
-14.621172,3,240.241697
-15.270902,3,240.306542
-14.929251,3,240.431486
-15.004712,3,240.494853
-15.057791,3,240.785727
-14.341712,3,240.86918
-14.723172,3,240.935467
-14.215251,3,241.000899
-13.703172,3,241.062316
-15.286251,3,241.24321
-15.219902,3,241.31007
-14.519172,3,241.374986
-14.190791,3,241.452637
-13.476791,3,241.533414
-14.341712,3,241.648684
-14.955791,3,241.921949
50.784749,3,242.342629
-15.539172,3,242.414657
-13.703172,3,242.476234
-14.139791,3,242.544829
-14.760902,3,242.607967
-11.510587,4,242.668718
-13.703172,3,242.730306
-12.678004,4,242.820904
-7.960771,6,243.244057
-13.740902,3,243.301644
-14.556902,3,243.362275
-15.004712,3,243.472667
-12.732726,4,243.565133
-13.703172,3,243.627975
-12.725283,4,244.009467
-7.695386,5,244.611744
-15.463712,3,244.715345
-15.259712,3,244.801197
-13.344726,4,244.892351
-15.474902,3,244.9503
-15.463712,3,245.014167
-12.120726,4,245.108764
-15.474902,3,245.17231
50.809209,3,245.521884
-14.980251,3,245.630624
-12.262561,4,246.188988
-13.627712,3,246.251832
-14.190791,3,246.390007
-12.729004,4,246.47812
-13.137004,4,246.830263
56.758733,5,247.036581
-14.454902,3,247.094168
-14.658902,3,247.15932
-15.159791,3,247.225535
-14.215251,3,247.319711
-15.565712,3,247.412343
56.554733,5,247.536795
-12.326587,4,247.60325
-15.031251,3,247.921944
-14.341712,3,248.01031
-15.131172,3,248.069659
-12.933004,4,248.166763
50.044209,3,248.630459
53.192717,4,248.790981
-15.592251,3,248.977697
-15.184251,3,249.31318
52.63544,4,249.425183
57.620294,6,249.701457
-12.674283,4,250.102738
-14.760902,3,250.161762
-15.031251,3,250.247677
-8.674771,6,250.666656
-14.368251,3,250.787322
-14.647712,3,250.903094
55.534733,5,251.185751
-12.069726,4,251.293174
-13.137004,4,251.392894
-8.802267,5,251.713029
-9.223468,5,251.851772
52.63544,4,252.102259
-14.545712,3,252.173046
-9.465267,5,252.359672
-12.326587,4,252.597724
-15.539172,3,252.662849
-15.423902,3,252.722954
53.400439,4,252.962605
-15.029172,3,253.017412
-15.219902,3,253.083844
-13.740902,3,253.15186
-14.496791,3,253.382868
-15.082251,3,253.71907
-15.031251,3,253.836149
-14.658902,3,253.899729
-15.210791,3,254.381014
-15.031251,3,254.471128
-11.654283,4,254.750725
-10.991283,4,254.822836
-8.904267,5,255.140583
-14.366172,3,255.194774
-13.476791,3,255.277461
-13.346587,4,255.343358
-15.184251,3,255.413228
-10.345468,5,255.682621
-12.219004,4,255.754969
-13.242726,4,255.846313
-13.244587,4,255.904474
-15.592251,3,256.031678
-14.368251,3,256.145374
-15.335172,3,256.209203
52.682718,4,256.472213
-13.703172,3,256.536063
-14.545712,3,256.601153
-14.443712,3,256.681781
-11.654283,4,257.097351
-15.321902,3,257.162478
-15.386172,3,257.226058
-15.184251,3,257.345781
50.044209,3,257.507691
49.687209,3,257.65907
-11.862004,4,257.785593
-15.117902,3,257.848188
-15.131172,3,257.916299
-14.545712,3,258.00342
-14.341712,3,258.082621
-15.029172,3,258.138273
-14.454902,3,258.204651
-13.239004,4,258.30753
-12.936726,4,258.386194
-13.552251,3,258.481335
-12.120726,4,258.545621
-9.784468,5,258.62762
-13.476791,3,258.872469
-14.470251,3,258.995002
-14.292791,3,259.063095
-13.740902,3,259.132462
-12.678004,4,259.2366
-15.474902,3,259.294343
-12.929283,4,259.423944
-15.131172,3,259.484818
-15.057791,3,259.946708
-15.117902,3,260.009671
53.192717,4,260.466283
-14.572251,3,260.649516
-14.802791,3,260.941211
-11.705283,4,261.329229
56.758733,5,261.520983
-15.108791,3,261.605453
-15.055712,3,261.67503
53.55344,4,261.766271
-15.219902,3,261.832989
-14.290712,3,261.935819
-14.621172,3,262.001656
53.55344,4,262.248235
-12.783726,4,262.328227
-14.723172,3,262.392888
-14.556902,3,262.465305
-9.129028,5,262.647527
-14.290712,3,262.714467
-14.572251,3,262.795429
52.482439,4,262.952942
-14.647712,3,263.019628
-14.341712,3,263.094627
-14.368251,3,263.216654
-15.066902,3,263.282557
-14.403902,3,263.342424
-15.031251,3,263.414581
-13.035004,4,263.511583
-15.423902,3,263.569952
-14.980251,3,263.752606
-15.210791,3,263.817006
-11.497561,4,264.274098
-15.423902,3,264.330681
-15.210791,3,264.642415
-13.703172,3,264.699848
-14.760902,3,264.765334
-14.366172,3,264.823155
-12.989587,4,264.880019
-15.780902,3,264.944913
-14.139791,3,265.049042
-14.470251,3,265.140581
-12.470283,4,265.226052
-15.031251,3,265.543692
-15.270902,3,265.603761
-13.476791,3,265.6883
-14.878251,3,265.80244
-14.366172,3,265.866777
-15.361712,3,265.962267
-13.703172,3,266.042153
56.044733,5,266.353294
-15.576902,3,266.414131
-13.476791,3,266.705812
56.488614,5,266.774849
-15.321902,3,266.843052
-14.621172,3,266.905684
-14.215251,3,267.016952
-13.740902,3,267.073792
-14.290712,3,267.141152
-11.862004,4,267.244693
-15.312791,3,267.40502
-12.224587,4,267.460368
-12.219004,4,267.591607
-12.428587,4,267.651977
-15.286251,3,267.741232
-14.292791,3,267.87649
-13.34001,8,267.935745
-9.121468,5,268.056328
-14.556902,3,268.114712
-9.694771,6,268.191694
-15.259712,3,268.266619
-11.909283,4,268.555865
-13.476791,3,268.789499
-15.029172,3,268.845072
-11.199004,4,269.179076
-14.929251,3,269.267647
-14.454902,3,269.332553
56.590614,5,269.393033
-14.394791,3,269.529836
-14.929251,3,269.603794
53.196439,4,269.851756
52.988717,4,270.114141
-11.807283,4,270.407475
-8.623771,6,270.516073
-14.368251,3,270.617677
-14.955791,3,270.890822
-13.244587,4,270.950146
-15.210791,3,271.230036
-15.335172,3,271.298467
-13.476791,3,271.544661
-15.184251,3,271.730396
-11.199004,4,271.839536
53.400439,4,272.087012
-15.133251,3,272.165147
-13.142587,4,272.227553
57.967614,5,272.4024
-14.572251,3,272.530138
-8.838147,5,272.811182
-15.066902,3,272.873582
-14.556902,3,272.931828
-12.222726,4,273.021788
-14.658902,3,273.080104
-15.437172,3,273.131873
-14.290712,3,273.194283
-12.015004,4,273.270288
-14.292791,3,273.355804
-15.474902,3,273.412867
-15.414791,3,273.69307
-12.933004,4,273.822266
53.196439,4,274.05114
-9.121468,5,274.143249
-13.740902,3,274.206107
-12.219004,4,274.339356
52.631717,4,274.451534
-15.414791,3,274.537606
56.233614,5,274.60594
-12.987726,4,274.701683
-14.368251,3,274.812274
-14.403902,3,274.876076
-9.501147,5,275.017284
-14.470251,3,275.087624
-15.321902,3,275.152551
-14.470251,3,275.400474
-14.572251,3,275.531597
-14.454902,3,275.588341
-14.290712,3,275.654134
-15.168902,3,275.717986
-9.195147,5,276.111152
-11.913004,4,276.209571
-11.406726,4,276.309598
-14.760902,3,276.357421
-15.029172,3,276.419217
-15.208712,3,276.489192
-15.667712,3,276.572613
-15.490251,3,276.685308
57.304614,5,276.74065
-15.182172,3,276.797404
-15.208712,3,276.858075
-15.386172,3,276.925248
-13.476791,3,277.16514
-15.335172,3,277.232012
-15.386172,3,277.298343
-14.658902,3,277.357657
53.090717,4,277.819526
55.855853,5,278.097856
56.403154,7,278.425304
-8.874028,5,278.524638
-14.723172,3,278.591748
-13.740902,3,278.657854
-14.853791,3,278.728367
-14.621172,3,278.788223
-14.760902,3,278.856616
-13.476791,3,279.18051
-15.310712,3,279.26213
-11.510587,4,279.326899
-14.368251,3,279.717948
-14.545712,3,279.809976
-14.545712,3,279.874467
-14.658902,3,279.937916
-15.055712,3,280.006614
-11.510587,4,280.069434
-12.219004,4,280.39365
-9.490771,6,280.471474
-7.960771,6,280.556386
56.086114,6,280.92431
-10.09462,7,281.317936
-14.417172,3,281.380812
-14.368251,3,281.498304
-15.361712,3,281.623509
-15.080172,3,281.679845
-14.723172,3,281.739707
-15.641172,3,281.80507
56.05554,7,281.878075
-15.080172,3,281.940948
49.840209,3,282.102032
-13.552251,3,282.197191
-14.190791,3,282.327773
-8.874028,5,282.459642
-14.556902,3,282.524647
51.523209,3,282.966128
-15.565712,3,283.047671
-15.361712,3,283.130811
-15.080172,3,283.192765
-14.215251,3,283.377355
57.490704,6,283.491123
-12.10956,4,283.636455
-15.184251,3,284.012301
-7.425267,5,284.329787
-15.372903,3,284.397167
-15.743172,3,284.457476
54.216439,4,284.646843
-15.463712,3,284.92559
53.55344,4,285.1585
-14.929251,3,285.241482
-13.740902,3,285.309486
-12.120726,4,285.40852
-15.080172,3,285.46639
-14.443712,3,285.525229
-15.678902,3,285.594629
-15.576902,3,285.658459
-14.266251,3,285.747987
-13.142587,4,285.808299
54.008717,4,286.139384
-12.222726,4,286.245051
-15.388251,3,286.368217
-14.292791,3,286.449368
-12.987726,4,286.537966
-14.647712,3,286.644634
-9.427468,5,286.86097
-15.117902,3,286.919605
55.651853,5,287.147207
-12.933004,4,287.492167
-14.658902,3,287.558572
-14.394791,3,287.708535
-15.029172,3,287.765407
-14.955791,3,288.056071
-12.326587,4,288.254909
-15.208712,3,288.318284
-15.208712,3,288.446139
-12.120726,4,288.513865
53.502439,4,288.752116
-11.599561,4,289.077231
-12.426726,4,289.15592
-15.437172,3,289.215982
-12.015004,4,289.518735
-14.647712,3,289.610874
-14.853791,3,289.848053
-13.740902,3,289.907606
-14.723172,3,289.967831
-13.035004,4,290.448106
-12.326587,4,290.514224
52.482439,4,290.631895
-15.312791,3,290.697993
-9.937468,5,290.905396
-14.723172,3,290.96198
49.942209,3,291.239677
-14.556902,3,291.295457
-15.414791,3,291.354833
-14.572251,3,291.446367
57.066154,7,291.775946
-14.341712,3,291.849915
-12.219004,4,291.967195
-15.361712,3,292.032098
-7.634706,6,292.121663
-15.539172,3,292.178021
-13.627712,3,292.253512
-14.853791,3,292.488518
-12.725283,4,292.795377
-13.035004,4,292.885931
-14.443712,3,292.946783
-13.703172,3,293.007147
-12.989587,4,293.068483
56.980704,6,293.257705
58.181294,6,293.39766
-15.386172,3,293.456583
-11.406726,4,293.548237
-9.145476,6,293.855369
-12.120726,4,293.958647
52.482439,4,294.061192
56.029614,5,294.194921
-15.184251,3,294.310199
-12.678004,4,294.795321
-15.743172,3,294.854135
-9.399147,5,294.99695
-15.386172,3,295.057255
-12.576004,4,295.147281
-15.219902,3,295.217376
-8.79146,7,295.297875
53.502439,4,295.39253
-13.703172,3,295.457959
-14.470251,3,295.629603
-15.321902,3,295.694005
-14.572251,3,295.796198
-13.552251,3,295.912075
-14.545712,3,295.990592
58.283294,6,296.088084
53.192717,4,296.538621
-14.139791,3,296.608976
55.383154,7,296.80335
-14.366172,3,296.870263
-15.335172,3,296.937195
-14.454902,3,297.007129
-12.827282,4,297.146655
-14.519172,3,297.210578
-12.069726,4,297.277418
56.911733,5,297.581848
-15.641172,3,297.638713
-14.519172,3,297.705687
-12.117004,4,297.913429
-15.131172,3,297.979821
-11.807283,4,298.325067
56.860733,5,298.501193
-15.108791,3,298.795716
-15.423902,3,298.867173
-15.182172,3,298.926327
52.58444,4,299.298276
-14.647712,3,299.363188
-14.368251,3,299.490484
-15.321902,3,299.552906
-15.133251,3,299.62741
-13.552251,3,299.724531
-14.290712,3,299.820137
-14.454902,3,299.879988
52.380439,4,300.131546
-15.463712,3,300.214135
-11.913004,4,300.621105
-12.572282,4,300.710689
-10.991283,4,300.806199
-15.335172,3,300.864583
-14.190791,3,301.144875
-15.210791,3,301.215822
-12.729004,4,301.568446
-15.388251,3,301.753287
-14.368251,3,301.872098
-12.419283,4,302.126533
-15.437172,3,302.188989
-14.955791,3,302.310111
-14.368251,3,302.41767
-12.530587,4,302.710539
49.789209,3,302.963898
49.585209,3,303.434837
-15.576902,3,303.505289
-14.368251,3,303.600448
-14.545712,3,303.725582
52.584439,4,303.984779
-14.647712,3,304.106337
-15.259712,3,304.169972
-15.286251,3,304.235568
-12.426726,4,304.363796
50.503209,3,304.540236
57.671294,6,304.661578
-13.703172,3,304.725098
-7.818147,5,305.121653
52.427718,4,305.225171
-15.031251,3,305.409887
-14.368251,3,305.523232
-13.740902,3,305.592656
-14.366172,3,305.658571
-15.565712,3,305.735055
-13.242726,4,305.815591
-14.403902,3,305.877374
-9.741028,5,305.982501
-15.210791,3,306.128189
-11.510587,4,306.189109
-14.723172,3,306.251431
-13.035004,4,306.382915
-12.576004,4,306.462865
56.248733,5,306.597624
-15.361712,3,306.684709
-14.647712,3,306.74603
-12.222726,4,306.832026
-14.443712,3,306.928144
-14.545712,3,306.996964
53.400439,4,307.232056
-15.423902,3,307.290815
-15.235251,3,307.370192
-14.394791,3,307.44821
-14.341712,3,307.510146
-14.760902,3,307.576554
-14.878251,3,307.664174
-14.760902,3,307.727594
-15.386172,3,307.790941
-14.953712,3,307.892586
-7.203296,6,308.513427
-14.929251,3,308.621172
56.656733,5,308.916785
-15.361712,3,309.041501
-14.341712,3,309.107331
-15.108791,3,309.57198
52.27844,4,309.805794
-14.417172,3,309.872799
-13.242726,4,309.944789
-14.929251,3,310.058797
-14.403902,3,310.120129
-14.621172,3,310.181551
-13.740902,3,310.241992
-14.190791,3,310.310326
-14.292791,3,310.391832
53.29844,4,310.483977
-15.423902,3,310.549857
-14.266251,3,310.625622
55.855853,5,310.790191
-14.760902,3,310.845162
53.502439,4,310.962954
-12.117004,4,311.031834
-13.740902,3,311.097636
-15.219902,3,311.155461
-15.029172,3,311.223948
-15.270902,3,311.288216
52.584439,4,311.344472
-15.463712,3,311.443418
-15.335172,3,311.501743
53.502439,4,311.888278
-14.802791,3,312.165415
-10.039468,5,312.237371
-15.284172,3,312.296472
54.216439,4,312.687811
-13.038726,4,312.814607
-15.210791,3,312.945838
49.942209,3,313.541434
-12.326587,4,313.59861
-8.088267,5,313.930007
-15.463712,3,314.022179
-15.335172,3,314.081635
-14.556902,3,314.148477
-13.627712,3,314.210431
-13.552251,3,314.402035
-13.740902,3,314.459803
-14.215251,3,314.578505
-15.259712,3,314.657494
43.793531,9,314.748581
-14.556902,3,314.80839
-14.266251,3,314.919141
-15.284172,3,314.977499
-14.366172,3,315.042334
-15.029172,3,315.104136
-15.678902,3,315.163682
-15.159791,3,315.246758
-14.290712,3,315.352937
-9.541771,6,315.424906
56.161853,5,315.744551
-14.723172,3,315.803459
-13.552251,3,316.225613
-13.346587,4,316.306243
-15.159791,3,316.497157
-14.190791,3,316.768469
-11.654283,4,316.860622
-15.117902,3,316.937759
-15.168902,3,317.007846
-14.190791,3,317.309999
-8.532147,5,317.391953
-14.723172,3,317.455045
-15.388251,3,317.549185
-8.874028,5,317.725396
-15.490251,3,317.818064
-15.474902,3,317.885221
-15.576902,3,317.944303
55.891733,5,318.248473
-13.740902,3,318.315217
-15.286251,3,318.449307
-12.224587,4,318.757881
-14.545712,3,318.819978
52.78844,4,318.998209
-14.443712,3,319.060041
-14.980251,3,319.392003
-14.290712,3,319.462396
53.192717,4,319.61074
-15.031251,3,319.736672
-15.474902,3,319.800527
-11.862004,4,319.867424
-13.703172,3,319.925743
-13.703172,3,319.988157
-13.448587,4,320.058187
-15.006791,3,320.133158
-8.811886,6,320.436859
-14.403902,3,320.501218
-15.539172,3,320.564585
-12.929283,4,320.82887
-15.235251,3,320.940086
-15.667712,3,321.028214
52.27844,4,321.425155
-15.641172,3,321.493773
-15.184251,3,321.723844
-15.565712,3,321.786002
-14.341712,3,321.863747
-15.184251,3,321.957914
-13.476791,3,322.021808
-14.266251,3,322.152274
-12.827282,4,322.525966
-15.667712,3,322.614038
-15.031251,3,323.014566
-13.552251,3,323.130652
-11.199004,4,323.258653
-15.159791,3,323.328267
-14.341712,3,323.398353
-15.108791,3,323.70275
-15.057791,3,324.014553
-15.029172,3,324.073144
50.605209,3,324.554784
54.008717,4,324.804013
-15.259712,3,324.899091
-14.366172,3,324.961721
-14.139791,3,325.075536
56.776704,6,325.193676
-14.802791,3,325.262651
-12.011283,4,325.412774
-14.290712,3,325.484503
-12.674283,4,325.782287
-15.437172,3,325.847598
-14.545712,3,325.910457
-15.131172,3,325.975162
-15.117902,3,326.037005
-14.139791,3,326.168733
53.55344,4,326.412786
-14.454902,3,326.482536
-14.454902,3,326.54537
-12.987726,4,326.641554
-15.565712,3,326.705228
-14.366172,3,326.772328
-15.219902,3,326.842278
-15.108791,3,326.923591
-15.437172,3,326.988417
-14.545712,3,327.078995
52.376717,4,327.527802
-15.131172,3,327.595537
-12.725283,4,327.692495
50.605209,3,328.182855
-8.482476,6,328.260779
-15.159791,3,328.341554
-15.080172,3,328.410169
-15.210791,3,328.664692
-15.310712,3,328.980282
-14.723172,3,329.052369
50.631749,3,329.491838
-13.740902,3,329.560173
-9.006267,5,329.875217
-11.199004,4,330.015592
-13.627712,3,330.136752
-8.634147,5,330.449001
-12.831004,4,330.778779
-14.454902,3,330.841722
-13.740902,3,330.903972
-14.403902,3,330.976869
-12.989587,4,331.037014
-11.406726,4,331.113382
-15.361712,3,331.189449
-15.576902,3,331.256907
-15.565712,3,331.32904
-11.803561,4,331.481571
52.529717,4,331.650357
-15.080172,3,331.72646
-13.244587,4,331.784549
58.510704,6,331.902496
-14.394791,3,332.146458
-13.140726,4,332.234947
-8.634147,5,332.719093
-14.443712,3,332.79883
54.008717,4,332.950239
-15.270902,3,333.009107
-14.403902,3,333.073491
-15.565712,3,333.136868
-15.335172,3,333.195633
49.917749,3,333.610753
-15.233172,3,333.672901
-14.403902,3,333.73748
-11.705283,4,333.890721
-12.929283,4,334.254592
-14.621172,3,334.304806
56.197733,5,334.733313
-14.647712,3,334.795634
-9.450147,5,335.103214
-14.496791,3,335.184921
-14.519172,3,335.250241
-15.286251,3,335.34605
-14.556902,3,335.414136
-14.290712,3,335.482259
-15.270902,3,335.544002
-15.210791,3,335.608237
-15.055712,3,335.670329
-14.403902,3,335.729153
-13.038726,4,335.963524
-15.539172,3,336.025361
-13.703172,3,336.083082
-11.70156,4,336.420272
-14.621172,3,336.478699
-15.310712,3,336.565004
-13.740902,3,336.631354
-12.989587,4,336.74813
-14.368251,3,336.858155
-14.417172,3,336.914431
54.216439,4,337.042622
-8.088267,5,337.352279
-14.292791,3,337.649343
-9.027028,5,337.85744
57.304614,5,337.974092
54.008717,4,338.141946
-14.980251,3,338.253577
-14.292791,3,338.520994
-15.108791,3,338.79798
56.590614,5,338.905046
-14.290712,3,338.968824
56.947614,5,339.173377
-15.641172,3,339.235005
56.488614,5,339.512954
-15.157712,3,339.606324
-15.210791,3,339.904482
-15.667712,3,339.992424
-14.658902,3,340.053312
-14.190791,3,340.36802
-11.199004,4,340.464045
-14.366172,3,340.524332
-14.470251,3,340.595203
-11.909283,4,340.743055
-9.690028,5,341.110495
-12.725283,4,341.467841
-14.190791,3,341.559196
-14.443712,3,341.666765
56.656733,5,341.773813
-12.222726,4,341.86485
-15.678902,3,341.931296
-12.936726,4,342.01474
-14.403902,3,342.074136
49.993209,3,342.253655
-15.157712,3,342.345838
-14.621172,3,342.405894
52.83944,4,342.517513
-15.386172,3,342.575928
-10.090468,5,342.760994
-12.989587,4,342.819806
-15.286251,3,342.892315
57.967614,5,343.026059
-15.184251,3,343.130077
-9.223468,5,343.225656
55.447853,5,343.510554
-11.406726,4,343.594659
-14.366172,3,343.650443
-14.454902,3,343.711739
-14.519172,3,343.771906
-14.266251,3,343.861792
57.07554,7,343.945811
-15.321902,3,344.021213
-11.862004,4,344.085999
-13.091587,4,344.417712
-14.760902,3,344.477092
56.386614,5,344.652217
53.196439,4,344.743766
-8.874028,5,344.893853
-11.406726,4,344.982489
-14.647712,3,345.044086
-15.490251,3,345.106222
-11.199004,4,345.27213
-14.139791,3,345.62603
57.967614,5,345.768398
-12.324726,4,345.846903
-15.004712,3,346.129053
-13.552251,3,346.198993
-15.159791,3,346.495496
-12.834726,4,346.77414
-13.040587,4,346.836008
-11.913004,4,346.91143
-14.647712,3,347.01846
-14.647712,3,347.090922
-12.780004,4,347.496862
-14.556902,3,347.565852
-14.647712,3,347.629071
-13.552251,3,347.741659
-9.552147,5,348.13459
-8.532147,5,348.255747
-11.913004,4,348.589626
-12.173587,4,348.655831
-14.454902,3,348.72392
-14.454902,3,348.790899
53.502439,4,348.89689
-15.210791,3,349.174277
-10.047028,5,349.274185
-14.394791,3,349.331273
-12.173587,4,349.394713
-14.215251,3,349.514582
54.216439,4,349.756984
-9.843028,5,350.203301
57.259114,6,350.598912
-15.284172,3,350.658962
50.503209,3,351.025073
-12.887587,4,351.089408
-14.443712,3,351.197786
-12.069726,4,351.288188
-14.621172,3,351.354936
-11.862004,4,351.48286
-13.740902,3,351.550677
-14.139791,3,351.656852
-14.802791,3,351.745471
-14.519172,3,351.80936
-13.627712,3,351.921326
-15.106712,3,352.007359
-15.284172,3,352.067585
-14.760902,3,352.133934
50.605209,3,352.289841
-15.423902,3,352.343636
-14.454902,3,352.409017
-15.286251,3,352.716527
-14.658902,3,352.777759
-14.723172,3,352.843659
-14.368251,3,352.914588
-13.627712,3,353.038655
-15.157712,3,353.160482
55.447853,5,353.535576
-12.069726,4,353.682925
-15.474902,3,353.744715
-11.11462,7,353.876286
-15.031251,3,353.992934
-15.539172,3,354.056714
54.008717,4,354.418477
-15.361712,3,354.488727
55.738733,5,354.841162
-13.476791,3,355.08187
-15.259712,3,355.135176
-12.989587,4,355.196142
-15.080172,3,355.25502
-11.705283,4,355.471305
-15.474902,3,355.535247
-15.208712,3,355.632861
-13.703172,3,355.697207
49.917749,3,356.085522
-14.139791,3,356.325075
-15.066902,3,356.38797
-12.426726,4,356.469861
-14.266251,3,356.583524
-14.190791,3,356.662976
-14.470251,3,356.886711
-9.129028,5,356.992769
-13.627712,3,357.060678
-11.654283,4,357.305375
-15.031251,3,357.405452
53.090717,4,357.507966
-15.780902,3,357.565773
-14.621172,3,357.632701
-11.913004,4,357.828809
-12.313561,4,357.97606
53.345717,4,358.230612
-15.055712,3,358.325487
-13.703172,3,358.391074
-7.848386,5,358.495418
-15.080172,3,358.555785
-12.887587,4,358.616039
-12.428587,4,358.684924
-14.341712,3,358.788154
-14.496791,3,358.868871
-14.290712,3,358.935457
-11.199004,4,359.136708
-13.552251,3,359.5058
-14.366172,3,359.569764
-14.470251,3,359.693579
-14.292791,3,359.824268
-14.454902,3,359.884876
-13.740902,3,359.943909
-15.066902,3,360.011378
-8.634147,5,360.357435
-15.259712,3,360.445861
-15.474902,3,360.515839
-15.335172,3,360.57675
-15.270902,3,360.636591
-15.235251,3,360.719544
-14.572251,3,360.827568
-14.545712,3,360.896271
-14.723172,3,360.960281
-14.556902,3,361.018373
-15.031251,3,361.109152
-15.565712,3,361.184094
-15.082251,3,361.254468
-14.802791,3,361.388736
-15.006791,3,361.448576
-15.310712,3,361.551627
-15.108791,3,361.861637
-11.807283,4,362.012923
-14.292791,3,362.135459
-15.131172,3,362.201518
56.086114,6,362.463654
51.447749,3,362.862593
-14.341712,3,362.952204
52.482439,4,363.344591
49.713749,3,363.754828
-9.027028,5,363.863626
-13.627712,3,363.929127
-12.222726,4,363.997495
-7.818147,5,364.2964
-14.572251,3,364.656051
-12.572282,4,364.724194
-14.519172,3,364.785564
-14.368251,3,364.873591
-11.406726,4,365.046474
-15.233172,3,365.11162
-8.596846,7,365.550974
-13.038726,4,365.622359
-13.476791,3,365.683075
-14.366172,3,365.73935
-14.556902,3,365.807787
-15.131172,3,365.8697
-9.945028,5,365.946425
56.554733,5,366.276601
-13.703172,3,366.329834
-12.173587,4,366.385557
-12.831004,4,366.797475
-14.955791,3,367.187199
-12.069726,4,367.29219
54.441687,7,367.692916
53.29844,4,368.080733
-15.055712,3,368.147241
-14.519172,3,368.206486
-15.780902,3,368.265374
-15.057791,3,368.501667
-14.878251,3,368.914681
-14.545712,3,369.02074
-12.729004,4,369.361974
-15.667712,3,369.439856
-15.678902,3,369.498497
-9.04646,7,369.575891
-14.621172,3,369.640767
50.095209,3,370.093423
-15.565712,3,370.177332
-8.980771,6,370.476841
-14.723172,3,370.536254
-13.740902,3,370.596028
-14.266251,3,370.707668
-15.463712,3,370.772125
57.967614,5,370.862778
-14.760902,3,370.923619
-15.312791,3,370.987397
-13.476791,3,371.280799
-15.057791,3,371.57664
-12.428587,4,371.639987
53.29844,4,371.86839
57.181853,5,372.342738
-14.394791,3,372.575078
-15.321902,3,372.633207
-14.545712,3,372.720956
53.294717,4,372.995535
-12.572282,4,373.296301
-12.783726,4,373.37996
-14.290712,3,373.44603
-14.556902,3,373.519649
-12.324726,4,373.608164
-13.740902,3,373.670822
-15.235251,3,373.988114
-13.703172,3,374.043667
56.248733,5,374.405614
56.146733,5,374.523156
-14.955791,3,374.826024
-14.545712,3,374.897363
49.840209,3,375.349329
-15.270902,3,375.408754
-14.394791,3,375.711098
-14.621172,3,375.767169
-12.324726,4,375.837015
-13.035004,4,375.96368
-12.783726,4,376.069746
-14.394791,3,376.139967
-15.157712,3,376.231002
-12.015004,4,376.36567
-15.490251,3,376.437629
-14.417172,3,376.501479
-15.184251,3,376.57606
-15.080172,3,376.63788
-12.46656,4,376.786627
-14.290712,3,376.852908
-15.284172,3,376.914568
-9.070468,5,377.013974
52.686439,4,377.402674
-14.394791,3,377.697574
-13.627712,3,377.769054
-12.313561,4,378.231981
-14.760902,3,378.298884
-14.292791,3,378.409073
-15.641172,3,378.464408
-14.290712,3,378.52483
52.070717,4,378.674937
-14.545712,3,378.744794
-15.080172,3,378.808124
-15.286251,3,378.907989
-14.545712,3,378.987389
-14.723172,3,379.049215
53.294717,4,379.398789
-13.448587,4,379.464703
-14.647712,3,379.544137
49.789209,3,379.789594
-14.760902,3,379.85463
-15.210791,3,380.169614
-14.723172,3,380.237379
-13.627712,3,380.29962
57.049614,5,380.390089
53.196439,4,380.623637
-15.780902,3,380.683862
-14.292791,3,381.019012
-15.576902,3,381.079447
-9.070468,5,381.189357
57.574733,5,381.305691
-14.443712,3,381.368187
-14.621172,3,381.426417
-12.783726,4,381.505393
-14.290712,3,381.565276
-15.576902,3,381.628989
-13.242726,4,381.69494
-14.215251,3,381.813056
-14.139791,3,382.094692
-14.929251,3,382.173239
-12.069726,4,382.256366
-12.885726,4,382.327784
-9.756147,5,382.64035
50.707209,3,382.903282
-13.552251,3,383.009992
-14.878251,3,383.081863
-14.658902,3,383.147754
-14.341712,3,383.266593
-15.286251,3,383.358759
57.049614,5,383.420145
-15.259712,3,383.478772
-15.565712,3,383.560259
-14.368251,3,383.650375
-10.991283,4,383.799759
53.55344,4,384.05282
-7.968296,6,384.642603
-15.474902,3,384.707854
-14.496791,3,385.020125
-14.292791,3,385.133886
50.860209,3,385.311207
50.809209,3,385.745376
-9.325468,5,385.811181
51.45599,8,386.015361
-15.184251,3,386.105389
56.554733,5,386.208473
-9.223468,5,386.291341
-14.368251,3,386.600133
52.482439,4,386.840022
-13.552251,3,386.920998
-15.286251,3,387.029788
-14.519172,3,387.086768
-13.244587,4,387.143059
52.988717,4,387.378074
-13.038726,4,387.465451
-15.235251,3,387.57621
-13.239004,4,387.929884
-15.284172,3,387.995746
-12.725283,4,388.290113
-14.215251,3,388.434608
53.400439,4,388.689771
57.151614,5,388.814242
-13.476791,3,389.107351
-14.572251,3,389.422098
-14.519172,3,389.481906
43.119693,9,389.773005
-14.266251,3,389.892926
-14.454902,3,389.958035
-14.723172,3,390.014404
58.283294,6,390.121734
-15.219902,3,390.180531
-14.266251,3,390.32887
-15.133251,3,390.416352
57.416294,6,390.579094
-15.474902,3,390.63695
-15.066902,3,390.69511
50.809209,3,391.157244
-14.292791,3,391.231737
-13.627712,3,391.296757
-14.290712,3,391.384674
-14.470251,3,391.495545
-14.443712,3,391.591347
-13.740902,3,391.648881
-14.658902,3,391.705042
-12.678004,4,392.00443
-14.341712,3,392.057217
-9.937468,5,392.174261
-13.703172,3,392.248852
-12.41556,4,392.399697
-15.388251,3,392.499976
-15.463712,3,392.596639
-11.199004,4,392.984919
-9.792028,5,393.218093
-15.463712,3,393.346376
-14.723172,3,393.406488
-11.406726,4,393.474585
-13.703172,3,393.538705
-13.344726,4,393.624679
-14.341712,3,393.712527
-13.552251,3,393.840408
-9.399147,5,393.931329
-15.235251,3,394.164188
-14.647712,3,394.253881
-9.427468,5,394.378278
-13.552251,3,394.593225
-15.219902,3,394.655302
-14.556902,3,394.709905
-15.372903,3,394.774294
-14.366172,3,394.841888
-15.182172,3,394.911993
-15.106712,3,395.020499
-13.740902,3,395.0897
-13.740902,3,395.158431
-14.760902,3,395.21653
53.29844,4,395.445011
-10.047028,5,395.551715
-12.933004,4,395.81411
-14.470251,3,395.879543
-15.117902,3,395.939215
-15.117902,3,396.006292
-12.224587,4,396.071401
-14.139791,3,396.149423
-15.565712,3,396.216124
51.523209,3,396.360407
-14.266251,3,396.451527
-14.417172,3,396.544845
-15.004712,3,396.62046
53.29844,4,396.851336
50.707209,3,397.108287
-15.108791,3,397.399375
-15.106712,3,397.475973
-14.929251,3,397.582547
-14.545712,3,397.705672
56.911733,5,397.913579
53.090717,4,398.219374
-14.341712,3,398.29332
-15.168902,3,398.351564
-15.310712,3,398.414085
-12.882004,4,398.49973
-13.703172,3,398.558209
-14.292791,3,398.790294
-15.780902,3,398.857602
-14.496791,3,398.99267
-11.862004,4,399.361509
-10.783561,4,399.498654
-11.913004,4,399.623036
-14.341712,3,399.723235
57.967614,5,400.038264
-15.031251,3,400.108155
-15.437172,3,400.172039
-14.190791,3,400.471399
-15.388251,3,400.570435
-15.284172,3,400.6267
-14.647712,3,400.708308
-14.403902,3,400.768476
-10.991283,4,400.919048
-11.654283,4,401.052252
-14.215251,3,401.13453
-13.627712,3,401.251402
-15.312791,3,401.453086
-15.159791,3,401.515505
-9.325468,5,401.584626
-14.190791,3,401.661435
-12.120726,4,401.804184
-9.108267,5,402.328085
-14.266251,3,402.44591
-15.259712,3,402.535952
-9.843028,5,402.805469
-15.335172,3,402.880129
-9.427468,5,403.003356
-9.592771,6,403.12678
-15.286251,3,403.21416
-14.292791,3,403.309773
-14.496791,3,403.616707
-12.326587,4,403.684806
-8.481147,5,404.018473
-14.190791,3,404.274756
-15.031251,3,404.378953
-15.235251,3,404.4761
-11.199004,4,404.578859
-14.190791,3,404.903025
-15.414791,3,404.966605
-12.831004,4,405.034252
-14.394791,3,405.130184
-14.394791,3,405.199836
-15.310712,3,405.28697
-13.035004,4,405.370475
-14.290712,3,405.489778
-15.539172,3,405.549189
-14.443712,3,405.61261
-11.199004,4,405.725739
57.253614,5,405.849806
-8.584476,6,405.947367
-14.760902,3,406.005442
-11.497561,4,406.141889
-13.038726,4,406.228308
-7.818147,5,406.504959
-14.215251,3,406.613792
-10.090468,5,406.709568
-14.621172,3,406.769978
-12.732726,4,406.857538
-9.792028,5,407.181376
-13.552251,3,407.298915
-14.454902,3,407.356205
-14.394791,3,407.667232
-15.286251,3,407.768449
-14.417172,3,407.834752
-15.210791,3,407.970013
-14.760902,3,408.037426
-11.510587,4,408.096756
54.404767,7,408.232876
-14.292791,3,408.509004
-9.399147,5,408.601679
-13.035004,4,408.688808
52.737439,4,408.785194
54.008717,4,408.919657
-13.552251,3,409.146914
-14.904791,3,409.432697
-14.760902,3,409.497685
52.63544,4,409.89824
-14.723172,3,409.957092
-14.368251,3,410.043878
-14.545712,3,410.112411
50.605209,3,410.218907
57.967614,5,410.292233
-14.394791,3,410.790042
-14.470251,3,410.86968
50.631749,3,411.275234
-13.627712,3,411.367382
56.188114,6,411.663248
-15.159791,3,411.786701
-15.386172,3,411.852429
-14.572251,3,411.966053
-14.366172,3,412.025891
53.55344,4,412.211801
-12.426726,4,412.304464
-14.403902,3,412.368335
-9.894028,5,412.438945
-14.341712,3,412.503557
-14.190791,3,412.788564
-13.627712,3,412.881787
-15.361712,3,412.967279
-11.705283,4,413.097926
-15.057791,3,413.403035
-15.780902,3,413.461844
53.29844,4,413.69236
-12.426726,4,413.784575
56.911733,5,413.99602
-12.623283,4,414.128782
-15.219902,3,414.191592
-14.519172,3,414.249963
-14.443712,3,414.31179
-11.913004,4,414.389175
-14.556902,3,414.449989
-14.290712,3,414.541473
-14.572251,3,414.619673
-15.312791,3,414.681487
-13.627712,3,414.782312
-13.627712,3,414.868237
-14.556902,3,414.929489
-15.780902,3,414.988766
-15.117902,3,415.050139
-15.117902,3,415.113586
-11.406726,4,415.193515
-15.106712,3,415.251799
-14.215251,3,415.3587
-14.292791,3,415.506378
51.523209,3,415.726081
-11.705283,4,415.809667
-12.10956,4,415.952235
-11.862004,4,416.054154
-10.04362,7,416.461486
-14.417172,3,416.518758
56.488614,5,416.62779
-14.394791,3,416.693152
-14.878251,3,416.793156
-13.740902,3,416.850008
-14.723172,3,416.914744
-15.310712,3,417.003207
-12.324726,4,417.094003
-13.552251,3,417.208643
-13.627712,3,417.328327
49.891209,3,417.770311
-14.190791,3,417.89214
51.523209,3,418.171704
-13.040587,4,418.452012
-15.312791,3,418.512437
-9.094476,6,418.580328
-9.027028,5,418.660711
-11.807283,4,418.928692
-15.437172,3,418.987494
-15.678902,3,419.05163
-14.621172,3,419.110735
56.284614,5,419.369164
-14.290712,3,419.437329
-10.29862,7,419.74261
-11.909283,4,419.888741
-14.572251,3,420.012128
-14.496791,3,420.090506
-13.703172,3,420.14788
-15.184251,3,420.236391
-13.448587,4,420.303678
-14.454902,3,420.36406
-12.069726,4,420.443995
-14.190791,3,420.509892
-14.470251,3,420.839339
-11.406726,4,420.921703
-9.792028,5,421.003458
-15.312791,3,421.122057
-15.131172,3,421.181886
-14.621172,3,421.248827
-14.454902,3,421.312171
-15.004712,3,421.418787
-15.641172,3,421.479886
-15.743172,3,421.537513
-15.108791,3,421.599362
52.83944,4,421.981695
-14.215251,3,422.072119
-13.627712,3,422.160587
-14.417172,3,422.220714
-8.874028,5,422.57619
-11.705283,4,422.709368
-8.211028,5,422.815379
-14.953712,3,422.907151
-14.190791,3,422.987879
-11.913004,4,423.08042
53.55344,4,423.148589
-15.055712,3,423.232005
-13.627712,3,423.336514
-8.380476,6,423.472295
-15.004712,3,423.533973
-15.057791,3,423.622136
-11.199004,4,423.716476
-11.909283,4,423.845741
56.878704,6,423.922121
-14.403902,3,423.98997
53.192717,4,424.390318
-13.703172,3,424.453551
-13.740902,3,424.518498
-11.497561,4,424.630412
-11.913004,4,424.725292
-14.139791,3,424.964117
-12.725283,4,425.087158
-14.470251,3,425.184056
-14.366172,3,425.237034
-14.290712,3,425.316475
-12.989587,4,425.381002
-15.335172,3,425.444345
-9.886468,5,425.512602
-12.222726,4,425.590106
-11.199004,4,425.675321
-14.519172,3,425.740591
-14.496791,3,425.820651
57.967614,5,425.939364
-13.740902,3,426.00223
54.14038,7,426.259471
-14.366172,3,426.320931
53.29844,4,426.509423
-14.290712,3,426.600367
-14.417172,3,426.660607
-15.539172,3,426.719886
-13.476791,3,426.777627
-12.530587,4,426.834934
-13.035004,4,426.917358
53.502439,4,427.166985
-12.117004,4,427.248931
-14.266251,3,427.364198
-15.106712,3,427.44744
-13.627712,3,427.539723
-14.658902,3,427.60791
-12.933004,4,427.835325
-12.576004,4,428.172182
-13.703172,3,428.227917
-14.572251,3,428.295264
-14.417172,3,428.355265
57.796704,6,428.485909
-15.208712,3,428.548161
-14.556902,3,428.605563
-15.312791,3,428.898445
-14.760902,3,428.956476
52.686439,4,429.058359
53.196439,4,429.442317
-13.740902,3,429.502896
-14.470251,3,429.56758
56.352154,7,429.672076
-12.120726,4,429.782253
-8.343267,5,430.130174
57.304614,5,430.253674
-15.576902,3,430.310951
52.89044,4,430.572978
-14.366172,3,430.63186
-15.108791,3,430.717307
53.192717,4,431.159787
-9.937468,5,431.243242
-12.224587,4,431.302079
50.019749,3,431.699032
-12.011283,4,432.069556
-14.266251,3,432.192236
-15.233172,3,432.253989
-15.270902,3,432.31318
52.529717,4,432.704016
-15.539172,3,432.770352
-12.219004,4,432.848414
49.919576,8,433.140135
-15.208712,3,433.199977
-15.312791,3,433.28802
-14.519172,3,433.353552
-15.372902,3,433.422494
-14.341712,3,433.509323
-15.108791,3,433.832164
-11.406726,4,433.951032
52.83944,4,434.182369
-15.386172,3,434.244253
-15.490251,3,434.341002
-14.760902,3,434.400455
-14.556902,3,434.461187
-13.552251,3,434.585831
-14.368251,3,434.655742
-14.878251,3,434.746919
-13.344726,4,434.827668
-11.909283,4,435.123366
-13.476791,3,435.358029
-15.055712,3,435.422446
-14.215251,3,435.732787
-15.080172,3,435.799487
-14.290712,3,435.887502
57.181853,5,436.191825
-11.705283,4,436.288442
-12.428587,4,436.351096
-14.266251,3,436.43456
-13.552251,3,436.549191
-14.139791,3,436.833792
54.216439,4,436.955404
-14.519172,3,437.018353
-15.361712,3,437.103344
-13.627712,3,437.168192
-15.208712,3,437.245886
59.099294,6,437.30693
50.197209,3,437.867013
-14.394791,3,438.150888
-9.654147,5,438.232869
-9.784468,5,438.303384
-14.366172,3,438.369501
-15.539172,3,438.434985
-14.341712,3,438.495745
56.095733,5,438.737266
-14.290712,3,438.822278
-12.117004,4,439.020224
-14.290712,3,439.109615
-15.208712,3,439.22667
-14.658902,3,439.290495
-15.437172,3,439.352628
57.151614,5,439.41387
-15.361712,3,439.519662
-13.703172,3,439.578002
-14.266251,3,439.731975
53.196439,4,439.965676
57.592704,6,440.057648
-13.476791,3,440.343365
56.437614,5,440.638532
-14.802791,3,440.865446
-15.080172,3,440.924689
-14.556902,3,440.987708
-13.346587,4,441.051074
-9.121468,5,441.182429
-15.463712,3,441.275383
-14.572251,3,441.360544
-15.539172,3,441.423913
-14.955791,3,441.720979
-14.139791,3,441.822127
-14.572251,3,442.032128
-13.476791,3,442.318524
-14.519172,3,442.383397
-9.796771,6,442.898234
-12.324726,4,442.99281
-13.740902,3,443.054651
-14.658902,3,443.115088
-12.120726,4,443.20215
56.947614,5,443.399346
55.891733,5,443.490951
-13.703172,3,443.547799
-14.470251,3,443.752787
53.78338,7,444.07571
-15.361712,3,444.157209
-14.658902,3,444.219493
-15.463712,3,444.286185
-15.080172,3,444.350744
-12.882004,4,444.548715
-12.368283,4,444.683044
-15.004712,3,444.806077
50.605209,3,444.9748
-12.015004,4,445.234215
-14.658902,3,445.300344
-13.740902,3,445.367604
-14.341712,3,445.483378
53.192717,4,445.790128
53.502439,4,445.884612
-15.565712,3,446.154049
-15.182172,3,446.220098
-14.723172,3,446.281341
-11.510587,4,446.343722
-14.443712,3,446.410187
-13.239004,4,446.51404
-13.627712,3,446.580933
-12.117004,4,446.677778
-14.266251,3,446.755285
-14.545712,3,446.862127
56.188114,6,447.210161
-14.878251,3,447.300931
-14.955791,3,447.533588
-14.647712,3,447.597418
-14.139791,3,447.655567
57.722294,6,447.812506
-14.556902,3,447.87218
-13.703172,3,447.93231
-13.552251,3,448.255325
-14.658902,3,448.322249
-10.29862,7,448.477773
-14.556902,3,448.535045
-12.173587,4,448.598721
-12.120726,4,448.692258
-8.481147,5,448.978035
-14.443712,3,449.064677
-15.184251,3,449.155187
-14.403902,3,449.214793
-14.394791,3,449.505951
-15.539172,3,449.56884
-14.417172,3,449.630154
-13.627712,3,449.700442
-11.654283,4,449.827674
-14.658902,3,449.888549
-6.920706,6,449.99392
-12.780004,4,450.066661
-11.654283,4,450.407742
-14.403902,3,450.467516
-14.953712,3,450.530878
-15.372903,3,450.59252
-13.193587,4,450.649814
-13.703172,3,450.715836
-13.703172,3,450.778905
49.764749,3,451.1749
-12.627004,4,451.400937
-15.219902,3,451.459431
52.53344,4,451.697294
-14.190791,3,451.764702
-15.157712,3,451.823521
-14.454902,3,451.885495
-13.142588,4,451.948397
-14.545712,3,452.022811
56.902114,6,452.284865
-14.341712,3,452.371412
-15.463712,3,452.456824
55.636733,5,452.698769
-14.454902,3,452.765559
-15.106712,3,452.854104
53.55344,4,453.022142
-14.470251,3,453.137904
-12.173587,4,453.204455
-14.647712,3,453.322325
-14.621172,3,453.378358
-14.341712,3,453.447259
-12.933004,4,453.546592
-12.426726,4,453.610928
-15.312791,3,453.925916
56.467853,5,454.203215
-14.290712,3,454.264935
-15.031251,3,454.330673
-8.925028,5,454.405478
-15.208712,3,454.510777
56.97354,7,454.616534
-8.445267,5,454.959458
-14.556902,3,455.019435
-12.989587,4,455.083432
53.502439,4,455.403361
-14.658902,3,455.461223
53.400439,4,455.553341
-14.572251,3,455.734886
-13.740902,3,455.794921
-12.173587,4,455.85951
-8.407468,5,455.929441
-14.519172,3,455.996597
-14.454902,3,456.057965
-14.647712,3,456.134942
-13.740902,3,456.195329
-12.61956,4,456.500373
-11.199004,4,456.719944
50.427749,3,457.117275
-15.386172,3,457.180641
-14.341712,3,457.249128
-14.545712,3,457.311031
-15.474902,3,457.376043
-13.627712,3,457.437905
52.482439,4,457.681422
-14.443712,3,457.750653
-12.326587,4,457.814632
-14.394791,3,458.080995
-9.337771,6,458.269741
-15.310712,3,458.354284
-13.242726,4,458.452905
-12.224587,4,458.515993
-15.182172,3,458.582954
-15.080172,3,458.641284
50.146209,3,458.772618
-13.627712,3,458.846299
-6.716706,6,458.923214
-12.326587,4,458.982529
-14.417172,3,459.040958
-8.925028,5,459.480752
-15.414791,3,459.604169
-14.366172,3,459.671778
-15.233172,3,459.738616
57.253614,5,459.817434
-12.426726,4,459.903335
52.482439,4,460.070471
-14.266251,3,460.142882
-15.678902,3,460.20068
52.376717,4,460.483072
-15.437172,3,460.542409
53.502439,4,460.81948
-11.199004,4,461.163283
57.049614,5,461.279175
49.815749,3,461.670785
-15.780902,3,461.730623
-15.474902,3,461.793022
-11.70156,4,461.945635
-15.286251,3,462.264313
-14.853791,3,462.499216
-14.658902,3,462.554751
-14.443712,3,462.642813
-14.394791,3,462.932348
-15.080172,3,462.994208
-15.286251,3,463.324712
44.263369,9,463.810355
-13.740902,3,463.866646
-14.368251,3,463.934511
-13.552251,3,464.061096
-12.426726,4,464.238088
-14.368251,3,464.309651
-10.039468,5,464.475455
-13.703172,3,464.536046
-13.740902,3,464.597999
-14.368251,3,464.71368
-14.443712,3,465.016037
-14.519172,3,465.069869
-13.740902,3,465.13249
-15.565712,3,465.19615
-15.423902,3,465.262582
-14.760902,3,465.324939
-15.219902,3,465.382283
-14.417172,3,465.447439
-14.496791,3,465.527788
-14.443712,3,465.588942
57.12654,7,465.690634
-14.366172,3,465.758291
-15.565712,3,465.846814
-14.443712,3,465.932306
-11.654283,4,466.195607
-14.760902,3,466.263433
-14.802791,3,466.598985
-8.445267,5,466.730966
-14.341712,3,466.819114
-15.678902,3,466.885375
56.97354,7,466.964176
-13.703172,3,467.029076
-9.145476,6,467.290615
-14.454902,3,467.345901
-14.443712,3,467.448902
-14.366172,3,467.511611
-14.139791,3,468.00368
52.482439,4,468.181603
-14.292791,3,468.414142
-15.157712,3,468.480934
-15.208712,3,468.545834
-14.929251,3,468.617076
58.436294,6,468.732962
-14.290712,3,468.802549
-15.565712,3,468.894214
50.605209,3,469.353955
-14.572251,3,469.423268
-13.193587,4,469.486274
-8.556886,6,469.617988
-15.539172,3,469.673837
-14.443712,3,469.733085
-13.703172,3,469.790222
-8.776771,6,469.922668
-9.129028,5,470.051807
57.78954,7,470.123952
-14.215251,3,470.504943
-15.006791,3,470.677735
49.968749,3,471.073446
-15.031251,3,471.190999
56.148154,7,471.509408
54.216439,4,471.639774
-14.572251,3,471.764149
-14.454902,3,471.838285
-14.266251,3,471.938938
-15.208712,3,472.007421
-15.235251,3,472.095036
-15.423902,3,472.155185
-12.069726,4,472.240982
-13.703172,3,472.303607
-11.862004,4,472.402763
-12.426726,4,472.464469
-8.445267,5,472.812377
-14.723172,3,472.873731
56.284614,5,472.983879
-15.678902,3,473.051188
-14.341712,3,473.116027
-14.454902,3,473.177616
-12.936726,4,473.271007
-8.329476,6,473.343444
-13.703172,3,473.410364
-13.242726,4,473.503163
-13.703172,3,473.567322
-15.335172,3,473.632672
-21.891145,9,473.984013
-14.403902,3,474.045755
-12.011283,4,474.134533
-13.476791,3,474.365612
-9.337771,6,474.44148
56.860733,5,474.564668
-14.545712,3,474.674361
-13.627712,3,474.734452
-12.987726,4,474.851571
57.574733,5,474.981702
-15.157712,3,475.051388
-14.139791,3,475.128526
-12.173587,4,475.194194
-15.159791,3,475.433986
-13.703172,3,475.491819
-13.035004,4,475.577946
-13.703172,3,475.634624
56.095733,5,475.79132
-9.129028,5,476.172726
-8.482476,6,476.45337
-14.215251,3,476.532607
-15.259712,3,476.608858
-14.496791,3,476.876786
-9.027028,5,476.961491
-14.266251,3,477.047472
-13.040587,4,477.110936
-13.346587,4,477.176883
-11.199004,4,477.256055
57.07554,7,477.352546
-13.476791,3,477.640903
-14.723172,3,477.70031
56.911733,5,477.837243
50.860209,3,478.264711
-11.803561,4,478.40936
-11.406726,4,478.501371
53.502439,4,478.835511
-15.463712,3,478.924032
50.605209,3,479.344776
-15.437172,3,479.406685
-15.414791,3,479.49066
55.738733,5,479.765506
-15.208712,3,479.833287
56.656733,5,480.18736
-13.193587,4,480.250114
-14.496791,3,480.485179
-14.853791,3,480.548865
-14.215251,3,480.636341
-13.740902,3,480.693242
-12.933004,4,480.804724
-12.882004,4,480.891888
-11.199004,4,481.345815
-14.658902,3,481.401968
-15.157712,3,481.499119
-15.286251,3,481.694923
52.27844,4,481.818913
-12.326587,4,481.884326
-14.647712,3,481.949337
-15.066902,3,482.013385
-12.011283,4,482.316491
-14.443712,3,482.407934
-14.470251,3,482.623542
-12.222726,4,482.735049
-8.211028,5,483.222663
57.151614,5,483.341683
57.620294,6,483.461709
53.55344,4,483.575479
-14.366172,3,483.631076
50.809209,3,484.063716
-15.386172,3,484.127085
-15.031251,3,484.203909
-14.417172,3,484.257162
58.283294,6,484.318624
-11.705283,4,484.410487
-12.368283,4,484.71925
-14.292791,3,484.778565
-14.723172,3,484.83716
-8.532147,5,484.920008
56.161853,5,485.21377
-14.139791,3,485.291392
-14.621172,3,485.352978
-13.703172,3,485.420673
-15.474902,3,485.489507
-13.091587,4,485.557296
-14.417172,3,485.645962
-14.454902,3,485.706053
-15.133251,3,486.075324
-15.474902,3,486.140323
-15.321902,3,486.19987
-9.231028,5,486.307158
-14.545712,3,486.374974
-14.572251,3,486.452039
-15.576902,3,486.509064
-14.266251,3,486.587191
-14.470251,3,486.710104
-13.552251,3,486.792879
-14.368251,3,486.863845
-14.853791,3,487.337154
-12.831004,4,487.727782
-15.259712,3,487.788914
-15.678902,3,487.856849
-14.647712,3,487.94034
-9.690028,5,488.043459
-15.270902,3,488.114571
-14.621172,3,488.176145
53.400439,4,488.268337
-13.552251,3,488.360981
51.478956,8,488.497954
53.502439,4,488.741159
-15.080172,3,488.798048
-14.470251,3,488.989112
-13.740902,3,489.049446
-14.519172,3,489.107755
-13.476791,3,489.41292
-14.545712,3,489.505098
-14.443712,3,489.615325
-15.474902,3,489.677692
-15.133251,3,489.763267
-13.740902,3,489.826115
-15.474902,3,489.886468
-15.133251,3,489.995133
-14.572251,3,490.110527
-13.193587,4,490.172116
56.911733,5,490.282863
-14.556902,3,490.350278
-15.080172,3,490.416822
53.55344,4,490.637514
-14.290712,3,490.728182
-14.980251,3,490.823809
-12.426726,4,490.90918
-14.341712,3,490.994753
-9.784468,5,491.073767
-14.403902,3,491.134598
56.290114,6,491.255338
-15.321902,3,491.31958
-15.082251,3,491.413092
-7.818147,5,491.714835
-14.266251,3,491.806325
-9.463846,7,491.982902
-15.031251,3,492.070681
55.891733,5,492.458928
-14.658902,3,492.51766
-15.031251,3,492.741247
-14.658902,3,492.801572
-12.120726,4,492.898793
-7.21046,7,493.430854
-8.925028,5,493.586469
-14.723172,3,493.64606
-13.476791,3,493.788839
56.878704,6,493.913629
57.967614,5,494.040659
-12.219004,4,494.165101
-15.780902,3,494.219882
-12.117004,4,494.522866
-12.219004,4,494.720058
-13.703172,3,494.778107
-14.266251,3,494.897509
-13.627712,3,494.967003
-13.740902,3,495.02725
-13.703172,3,495.08908
-15.372902,3,495.150013
-13.627712,3,495.240726
-13.142587,4,495.309166
57.967614,5,495.422848
-10.29862,7,495.568774
-14.470251,3,495.686238
-10.991283,4,495.811285
50.860209,3,496.256553
-15.117902,3,496.324275
-15.335172,3,496.387113
-15.361712,3,496.447408
44.037693,9,496.554591
-14.368251,3,496.660069
-15.159791,3,496.737885
-12.219004,4,496.813622
-14.556902,3,496.877582
-14.290712,3,496.959333
-14.454902,3,497.015625
56.342767,7,497.198659
-14.545712,3,497.288985
57.574733,5,497.434918
-12.428587,4,497.491728
-14.215251,3,497.604316
-14.621172,3,497.661657
-12.219004,4,497.730463
-13.552251,3,497.861668
-13.703172,3,497.918523
-14.443712,3,497.984588
-14.292791,3,498.257391
-14.658902,3,498.314255
57.161294,6,498.657084
-8.329476,6,499.025647
-14.443712,3,499.104057
-12.827283,4,499.39595
51.002059,8,499.694187
-14.190791,3,499.982307
-14.190791,3,500.264419
-15.235251,3,500.376631
-13.137004,4,500.714551
-11.913004,4,500.838369
-13.552251,3,501.030407
-14.556902,3,501.093276
51.523209,3,501.256221
-14.292791,3,501.328594
-15.423902,3,501.386832
-14.190791,3,501.455749
-12.224587,4,501.516639
-13.476791,3,501.602819
-15.423902,3,501.660939
-14.290712,3,501.750305
-6.563706,6,501.843846
-15.106712,3,501.947936
-12.222726,4,502.039781
-15.006791,3,502.102135
-14.519172,3,502.167736
-13.740902,3,502.229506
-14.904791,3,502.500118
-14.545712,3,502.59229
-11.913004,4,502.813296
-13.627712,3,502.918398
-14.266251,3,503.041765
-11.119313,7,503.163524
-15.576902,3,503.220319
-15.080172,3,503.285876
-13.627712,3,503.343164
-14.443712,3,503.56552
-12.224587,4,503.638776
-9.537028,5,503.959552
57.796704,6,504.076778
-13.740902,3,504.141762
53.196439,4,504.5248
-9.643771,6,504.68874
-14.496791,3,504.917353
-15.539172,3,504.975781
57.253614,5,505.053649
-13.552251,3,505.133105
-14.292791,3,505.239732
-14.904791,3,505.296826
-13.038726,4,505.379297
-13.740902,3,505.439216
-13.740902,3,505.498059
-13.627712,3,505.580491
-14.980251,3,505.703174
54.216439,4,505.795403
-14.443712,3,505.851183
-14.519172,3,505.908918
-12.015004,4,505.981316
-14.556902,3,506.041281
59.099294,6,506.193186
-15.286251,3,506.305988
-12.324726,4,506.394744
-15.159791,3,506.669607
-13.740902,3,506.724655
-8.532147,5,507.093235
-14.953712,3,507.401941
-15.159791,3,507.667952
-14.290712,3,507.727683
-14.366172,3,507.791602
-14.658902,3,507.84773
-14.139791,3,507.943323
-11.510587,4,508.010212
-13.703172,3,508.068553
-14.556902,3,508.133898
-15.159791,3,508.204816
-15.208712,3,508.29193
-13.627712,3,508.359371
56.046154,7,508.432119
-14.290712,3,508.490474
56.046154,7,508.547576
54.008717,4,508.704454
-14.519172,3,508.76299
-14.496791,3,508.84754
-12.450044,8,509.038248
-13.627712,3,509.10212
-14.658902,3,509.154406
-15.490251,3,509.230218
-12.831004,4,509.385154
-14.341712,3,509.465093
-15.235251,3,509.577471
-10.047028,5,509.650898
-15.310712,3,509.869514
-14.290712,3,509.932196
-11.497561,4,510.393387
-15.233172,3,510.451769
-14.368251,3,510.56905
-14.290712,3,510.644835
53.400439,4,510.897716
-15.106712,3,510.978037
-13.552251,3,511.046674
-12.426726,4,511.122274
-15.106712,3,511.207738
53.502439,4,511.584651
-13.040587,4,511.643369
-14.723172,3,511.706753
-14.647712,3,511.79009
-14.519172,3,511.847665
-9.027028,5,511.919497
-14.443712,3,511.983678
-14.454902,3,512.044539
51.447749,3,512.441849
-9.027028,5,512.541774
-15.576902,3,512.607062
-13.242726,4,512.682006
53.400439,4,512.783551
-12.069726,4,512.866219
57.967614,5,513.1269
-14.647712,3,513.188101
54.216439,4,513.449406
-11.199004,4,513.521164
-12.224587,4,513.579591
-15.106712,3,513.641684
53.400439,4,513.885344
51.523209,3,514.313564
-15.082251,3,514.632339
-14.368251,3,514.713116
-13.627712,3,514.797969
-14.403902,3,514.860375
-15.372902,3,514.926485
54.216439,4,515.118614
-11.497561,4,515.2572
-13.703172,3,515.310018
-14.545712,3,515.373867
-8.088267,5,515.509176
-12.224587,4,515.567984
-9.690028,5,515.946157
-14.545712,3,516.023571
-12.324726,4,516.110929
56.095733,5,516.345503
50.784749,3,516.724878
-12.517561,4,517.043214
-15.117902,3,517.102064
-14.496791,3,517.170979
-14.266251,3,517.285268
-14.556902,3,517.349456
-12.938587,4,517.41349
51.523209,3,517.870567
49.942209,3,517.979647
-11.909283,4,518.054089
54.008717,4,518.24745
-15.539172,3,518.311979
-14.556902,3,518.372605
-13.627712,3,518.451679
-7.960771,6,518.541595
-12.011283,4,518.677199
-14.760902,3,518.747673
-14.292791,3,519.031198
-14.341712,3,519.138459
52.38044,4,519.828434
-15.108791,3,520.061066
-14.621172,3,520.125114
-14.443712,3,520.227643
-15.106712,3,520.327194
-14.647712,3,520.389306
-14.647712,3,520.458822
-14.215251,3,520.769805
52.78844,4,520.931864
-13.476791,3,521.226002
-14.519172,3,521.28335
-15.235251,3,521.356819
57.151614,5,521.484975
55.942733,5,521.742452
57.181853,5,522.029684
-15.235251,3,522.119977
-14.760902,3,522.179693
-21.998564,9,522.311215
-11.199004,4,522.400775
56.674704,6,522.458585
-13.740902,3,522.518455
-11.862004,4,522.588371
-15.414791,3,522.879925
-14.519172,3,522.938164
-13.552251,3,523.022571
-10.783561,4,523.160094
-13.476791,3,523.400163
50.005025,8,523.653255
-11.406726,4,523.743918
-13.552251,3,523.9275
-14.723172,3,523.993389
-13.476791,3,524.056138
-14.545712,3,524.115705
-12.015004,4,524.481738
-13.137004,4,524.557205
56.284614,5,524.68142
-13.140726,4,524.788439
-15.031251,3,524.916101
-14.139791,3,525.144663
45.997369,9,525.626966
-14.470251,3,525.696387
-21.845564,9,526.039865
-13.552251,3,526.15377
55.534733,5,526.300138
-15.490251,3,526.404045
-15.576902,3,526.46482
-7.746386,5,526.54102
-12.836587,4,526.607251
-11.199004,4,526.942659
52.988717,4,527.380267
-14.394791,3,527.475731
-12.324726,4,527.605833
50.503209,3,527.750514
-14.292791,3,528.226194
53.29844,4,528.594851
-15.117902,3,528.652204
56.263853,5,528.810513
54.216439,4,529.07635
-14.658902,3,529.134668
-15.286251,3,529.216907
-10.558313,7,529.332561
-15.743172,3,529.404787
56.947614,5,529.525415
-14.215251,3,529.638827
56.197733,5,529.73679
-14.215251,3,529.80925
-8.623771,6,529.912757
-8.904267,5,530.045905
-14.417172,3,530.106864
56.403154,7,530.179179
-11.510587,4,530.25216
-9.231028,5,530.34812
-14.621172,3,530.415202
-15.641172,3,530.472358
-14.621172,3,530.536089
-15.210791,3,530.816534
-9.843028,5,530.923497
-15.388251,3,531.154487
56.87154,7,531.21986
-9.427468,5,531.293341
51.523209,3,531.58517
-14.556902,3,531.648548
-14.366172,3,531.713754
-14.470251,3,531.920781
-14.545712,3,531.985812
-15.108791,3,532.26027
50.809209,3,532.771876
-15.780902,3,532.83077
37.271359,10,533.244163
-14.556902,3,533.303534
-13.552251,3,533.389631
-13.552251,3,533.501947
-14.496791,3,533.735152
55.738733,5,534.00713
-15.286251,3,534.099577
57.592704,6,534.346256
-14.454902,3,534.402565
-12.011283,4,534.681793
-13.627712,3,534.771456
-14.443712,3,534.854507
-14.292791,3,535.08566
-15.259712,3,535.166083
-15.437172,3,535.227468
-14.545712,3,535.332245
-11.909283,4,535.709221
-13.552251,3,535.81497
-12.831004,4,535.8775
-15.108791,3,536.149859
-15.388251,3,536.234824
-14.417172,3,536.291108
-15.463712,3,536.379107
-14.545712,3,536.497736
54.008717,4,536.754799
-13.627712,3,536.861428
-14.621172,3,536.921324
-12.015004,4,536.990285
-12.428587,4,537.054064
-14.366172,3,537.121322
-14.366172,3,537.178154
-12.224587,4,537.237934
-8.532147,5,537.377673
-14.658902,3,537.442035
-12.725283,4,537.700265
-13.740902,3,537.758523
-12.834726,4,537.827946
-8.211028,5,537.905483
-15.576902,3,537.9718
-15.157712,3,538.034328
-12.324726,4,538.124169
-15.678902,3,538.190533
-12.987726,4,538.256813
-13.627712,3,538.345676
-13.627712,3,538.406406
-7.379706,6,538.69157
-15.667712,3,538.754944
-14.723172,3,538.81986
-13.740902,3,538.887921
-14.853791,3,539.197675
-14.290712,3,539.253932
-15.106712,3,539.339463
-11.406726,4,539.416142
-13.476791,3,539.738691
56.029614,5,539.848391
44.416369,9,539.934463
-11.909283,4,540.03895
57.059294,6,540.315982
57.78954,7,540.36915
50.362025,8,540.490499
-14.394791,3,540.580189
-14.443712,3,540.682895
-14.519172,3,540.745056
-15.576902,3,540.811258
-14.341712,3,540.87109
-12.326587,4,540.933516
-15.286251,3,541.030643
-14.572251,3,541.249505
-15.182172,3,541.30994
-15.184251,3,541.373737
-11.510587,4,541.441882
-14.290712,3,541.503496
-13.627712,3,541.59194
-14.556902,3,541.655787
-11.199004,4,541.765433
55.61938,7,541.999185
-20.871145,9,542.137702
-15.335172,3,542.195717
-14.215251,3,542.315076
-13.193587,4,542.499843
-13.740902,3,542.568808
-12.173587,4,542.625653
-15.184251,3,542.712441
-14.723172,3,542.77229
-14.417172,3,542.839853
-12.224587,4,542.90005
53.294717,4,543.047924
-13.476791,3,543.356897
58.079294,6,543.580344
-10.243468,5,543.671684
-14.443712,3,543.786077
-12.219004,4,544.146374
-13.552251,3,544.212315
51.631956,8,544.310091
-15.006791,3,544.37775
-13.740902,3,544.438621
-12.117004,4,544.510951
53.090717,4,544.96793
-10.991283,4,545.114885
-14.621172,3,545.175611
50.860209,3,545.598086
-14.443712,3,545.656935
57.922114,6,545.981581
-14.556902,3,546.041245
-14.470251,3,546.1098
56.086114,6,546.371934
-15.372903,3,546.436792
-14.556902,3,546.496613
55.549853,5,546.984977
57.049614,5,547.09411
49.687209,3,547.402296
-12.525004,4,547.470189
43.742531,9,547.776905
-14.658902,3,547.841773
-15.182172,3,547.902241
-11.510587,4,547.967952
-14.368251,3,548.081023
-14.470251,3,548.185719
50.707209,3,548.346498
-13.740902,3,548.411179
-7.032386,5,548.867376
-14.556902,3,548.930194
-15.310712,3,548.992551
-14.403902,3,549.050538
-12.989587,4,549.115707
-14.519172,3,549.172577
-14.443712,3,549.237177
-15.780902,3,549.30452
-12.117004,4,549.428845
56.758733,5,549.740444
-13.703172,3,549.802217
-14.394791,3,549.864049
-14.454902,3,549.927184
-14.290712,3,550.02138
-15.437172,3,550.092584
56.233614,5,550.211846
-15.080172,3,550.289092
-14.519172,3,550.359187
-12.117004,4,550.448801
-15.004712,3,550.547137
57.574733,5,551.000299
-9.027028,5,551.169698
-15.321902,3,551.229281
58.079294,6,551.357274
-12.224587,4,551.478463
-14.572251,3,551.596645
57.184704,6,551.944037
-11.510587,4,552.006047
-12.729004,4,552.069189
-12.428587,4,552.136473
-14.417172,3,552.204054
-14.545712,3,552.297712
-15.474902,3,552.356996
-14.572251,3,552.441316
-15.133251,3,552.755862
-14.904791,3,553.020946
-13.627712,3,553.099754
-13.476791,3,553.362525
-14.443712,3,553.438959
-14.215251,3,553.531366
-15.157712,3,553.617987
-13.552251,3,553.742682
55.549853,5,553.86149
-12.120726,4,553.948619
51.376956,8,554.059766
-14.341712,3,554.118013
-14.266251,3,554.231054
57.574733,5,554.41977
-14.723172,3,554.481894
-15.667712,3,554.553997
-14.266251,3,554.658509
52.172717,4,554.912571
54.216439,4,555.205224
-15.259712,3,555.295868
56.467853,5,555.586803
-10.289233,7,555.884714
-9.38062,7,556.125854
56.335614,5,556.225978
-14.723172,3,556.284121
57.049614,5,556.409766
-14.266251,3,556.512593
54.216439,4,556.689594
-14.394791,3,557.171732
-13.740902,3,557.228529
56.365853,5,557.34779
57.574733,5,557.612762
54.216439,4,557.727541
-13.703172,3,557.790847
-12.117004,4,557.883799
-14.470251,3,557.998006
-15.210791,3,558.243181
57.151614,5,558.469329
-12.117004,4,558.578925
53.196439,4,558.964259
-13.476791,3,559.226147
56.148154,7,559.318316
-7.818147,5,559.456791
-15.423902,3,559.520612
-12.834726,4,559.608123
-12.173587,4,559.667943
51.523209,3,560.001024
54.216439,4,560.220708
57.253614,5,560.320604
53.502439,4,560.572428
-14.403902,3,560.636505
-12.428587,4,560.70567
-12.324726,4,560.787342
-14.980251,3,560.856598
-10.991283,4,561.157064
56.131614,5,561.292431
-15.437172,3,561.356771
-15.335172,3,561.424098
-14.556902,3,561.48167
-11.510587,4,561.545277
-13.703172,3,561.605957
-14.368251,3,561.919056
-11.913004,4,562.124561
-14.572251,3,562.192161
-14.403902,3,562.256754
53.502439,4,562.371471
-13.627712,3,562.431804
-14.556902,3,562.495324
-14.394791,3,562.569272
52.482439,4,562.748113
-12.16056,4,563.071355
-15.372902,3,563.13799
-13.550587,4,563.202356
-15.372902,3,563.267731
-8.481147,5,563.350605
-14.190791,3,563.527525
-11.406726,4,563.618585
-11.510587,4,563.684015
-12.117004,4,563.874612
-9.552147,5,564.371514
57.365294,6,564.4729
-14.403902,3,564.53431
-13.627712,3,564.606668
-13.627712,3,564.67767
-12.011283,4,564.764327
-13.140726,4,564.844626
58.436294,6,564.914239
57.796704,6,565.036244
43.833693,9,565.122167
-9.223468,5,565.280377
-15.641172,3,565.340202
-11.913004,4,565.412617
-14.519172,3,565.469536
-8.634147,5,565.702122
-14.658902,3,565.762466
53.400439,4,565.997733
50.860209,3,566.326509
-14.621172,3,566.384334
-13.550587,4,566.452167
-21.891145,9,566.867447
-14.647712,3,566.951458
-14.443712,3,567.026457
-15.168902,3,567.088809
-14.139791,3,567.382096
-12.222726,4,567.495588
57.574733,5,567.788185
-12.120726,4,567.874679
-10.991283,4,568.172618
-13.627712,3,568.245592
-14.723172,3,568.305804
-13.740902,3,568.383157
-11.199004,4,568.857954
44.128855,9,569.239993
-13.552251,3,569.356657
50.146209,3,569.719718
-14.403902,3,569.782986
50.044209,3,570.336508
-10.783561,4,570.484784
-10.558313,7,570.842899
-13.740902,3,570.904436
-14.556902,3,570.966387
-14.658902,3,571.031861
-14.403902,3,571.087368
-15.423902,3,571.151096
-14.139791,3,571.213449
52.737439,4,571.316131
-8.874028,5,571.392216
56.929704,6,571.648813
-9.129028,5,571.734543
-7.818147,5,572.026251
-15.031251,3,572.118623
-12.222726,4,572.227228
-11.909283,4,572.312397
-15.057791,3,572.376121
56.148154,7,572.47466
-15.576902,3,572.539405
-14.658902,3,572.602761
-14.190791,3,572.881965
-7.87346,7,572.928271
-12.576004,4,573.003144
-14.341712,3,573.098008
-8.407468,5,573.166729
-11.44656,4,573.487643
-13.552251,3,573.578602
-13.627712,3,573.679252
-9.231028,5,573.741038
-14.290712,3,573.852723
-13.740902,3,573.919626
51.523209,3,574.366655
51.523209,3,574.539448
-15.259712,3,574.602805
-14.621172,3,574.660539
-9.667846,7,574.73836
-13.242726,4,574.864339
-14.341712,3,574.922656
-14.266251,3,575.010422
-11.705283,4,575.359403
-14.454902,3,575.417739
-15.388251,3,575.506391
-15.006791,3,575.762906
-13.703172,3,575.829858
-8.94446,7,575.87681
-8.482476,6,575.945263
-12.933004,4,576.106616
-13.552251,3,576.300891
-14.215251,3,576.484071
-13.552251,3,576.600337
-8.407468,5,576.689859
54.008717,4,577.130913
-15.361712,3,577.217815
54.216439,4,577.43281
58.436294,6,577.50161
-15.182172,3,577.56415
-10.29862,7,577.757864
-14.266251,3,577.836869
58.283294,6,577.934101
52.482439,4,578.180029
-12.222726,4,578.242879
-14.454902,3,578.300423
-15.270902,3,578.362779
58.436294,6,578.453017
-12.324726,4,578.543046
-9.121468,5,578.706652
-13.476791,3,578.766175
59.099294,6,578.825493
-14.519172,3,578.88506
-9.298476,6,578.995267
56.365853,5,579.281627
-12.530587,4,579.348479
56.518853,5,579.565023
-13.627712,3,579.630883
-11.705283,4,579.927266
-11.406726,4,579.991198
-14.290712,3,580.083014
-14.417172,3,580.145039
-14.190791,3,580.377403
-12.525004,4,580.43823
-13.627712,3,580.504531
-13.627712,3,580.565783
57.151614,5,580.713261
-12.224587,4,580.771045
-14.366172,3,580.834203
-13.703172,3,580.902557
-14.417172,3,580.966981
50.503209,3,581.39855
-14.190791,3,581.53169
-15.576902,3,581.59806
-8.505886,6,581.968009
-14.266251,3,582.03889
58.181294,6,582.149128
-14.341712,3,582.214966
-13.476791,3,582.281352
-14.556902,3,582.339227
-9.121468,5,582.680084
-8.878771,6,582.932255
-13.627712,3,583.001639
50.860209,3,583.450061
57.151614,5,583.526463
-11.913004,4,583.878335
-12.069726,4,583.958468
-11.510587,4,584.014763
-15.321902,3,584.077225
-14.417172,3,584.142722
-14.366172,3,584.206738
53.55344,4,584.380724
-15.312791,3,584.681496
-14.368251,3,584.758948
59.099294,6,584.849771
-14.266251,3,584.964875
-13.740902,3,585.02316
-13.476791,3,585.32856
55.628767,7,585.585821
-7.666476,6,585.758855
-14.470251,3,585.851465
-12.120726,4,586.054698
-14.760902,3,586.110177
-13.552251,3,586.187978
-9.121468,5,586.270852
-14.621172,3,586.328532
-7.960771,6,586.859172
56.878704,6,587.047624
-9.38062,7,587.113082
-14.545712,3,587.201798
-13.740902,3,587.262054
-13.627712,3,587.324709
-13.627712,3,587.391326
-12.987726,4,587.459368
-7.666476,6,587.722671
-15.576902,3,587.788244
-15.335172,3,587.845508
57.967614,5,587.922836
-14.760902,3,587.980925
56.250154,7,588.250792
-11.199004,4,588.452037
-15.423902,3,588.518623
-14.417172,3,588.583002
-8.838147,5,588.645341
49.585209,3,588.7719
52.176439,4,589.00612
56.674704,6,589.118329
-14.215251,3,589.205271
-12.827283,4,589.495507
-12.069726,4,589.582075
-14.572251,3,589.71546
53.55344,4,589.822217
56.188114,6,590.070199
-11.199004,4,590.152782
-13.703172,3,590.208303
-14.394791,3,590.69219
57.574733,5,590.927271
-13.140726,4,591.015719
54.008717,4,591.414857
-14.760902,3,591.473547
51.523209,3,591.799462
53.196439,4,592.121362
45.374531,9,592.214636
-9.473233,7,592.350191
49.891209,3,592.768209
-15.157712,3,592.849097
-15.423902,3,592.916099
-13.703172,3,592.975411
57.049614,5,593.102043
-14.290712,3,593.200466
-13.040587,4,593.25983
57.967614,5,593.45288
-12.011283,4,593.580632
-14.556902,3,593.637322
-14.454902,3,593.694404
-14.417172,3,593.759246
-12.530587,4,593.823117
-12.936726,4,593.928527
-12.011283,4,594.296274
-9.231028,5,594.432763
-15.004712,3,594.496814
-14.417172,3,594.561724
-14.368251,3,594.775072
-14.292791,3,595.020961
-10.783561,4,595.156799
-13.476791,3,595.219702
-13.476791,3,595.314748
-12.834726,4,595.407958
-13.740902,3,595.464601
-15.312791,3,595.920215
-13.476791,3,596.018969
-15.259712,3,596.087927
52.376717,4,596.337124
-12.011283,4,596.461444
-14.292791,3,596.725281
-14.621172,3,596.784991
-14.266251,3,596.896641
-9.894028,5,597.031283
-12.224587,4,597.103015
-12.933004,4,597.202477
-15.361712,3,597.29251
-8.532147,5,597.429565
-14.647712,3,597.519569
-14.190791,3,597.790548
-14.496791,3,597.855839
-11.913004,4,597.919399
-14.454902,3,597.98188
-15.004712,3,598.100215
52.47599,8,598.225255
-14.190791,3,598.311747
-15.029424,8,598.686943
-14.760902,3,598.752961
-14.394791,3,598.836866
-14.290712,3,598.925735
-12.069726,4,599.009423
56.911733,5,599.199063
-8.980771,6,599.306061
-14.215251,3,599.419939
-12.521283,4,599.682285
-12.426726,4,599.769767
-14.519172,3,599.832645
-12.117004,4,599.906596
-14.802791,3,600.348043
57.620294,6,600.402314
-15.474902,3,600.467726
-14.341712,3,600.754917
57.181853,5,601.108292
-13.193587,4,601.173725
-13.703172,3,601.236145
-14.368251,3,601.303806
-11.705283,4,601.700013
36.40491,10,601.885226
-14.368251,3,601.98622
-14.760902,3,602.051419
-13.740902,3,602.113332
-7.818147,5,602.176319
-11.654283,4,602.312127
-14.292791,3,602.762356
-14.366172,3,602.832431
-14.556902,3,602.895297
-13.703172,3,602.957997
56.860733,5,603.281716
-9.741028,5,603.363559
-14.647712,3,603.443055
57.151614,5,603.698915
-13.703172,3,603.76197
-7.226706,6,603.845937
-11.807283,4,603.982837
-13.703172,3,604.043903
52.376717,4,604.301635
-10.991283,4,604.667275
-14.266251,3,604.742771
-13.740902,3,604.811691
-13.476791,3,604.87512
-11.510587,4,604.941504
-13.740902,3,605.003346
-12.120726,4,605.085664
-11.803561,4,605.546504
-14.341712,3,605.608053
-13.703172,3,605.675062
51.076025,8,605.991426
-15.463712,3,606.093505
-12.222726,4,606.174587
-7.818147,5,606.501815
-13.476791,3,606.568848
-14.139791,3,606.801827
-12.882004,4,606.892696
-15.184251,3,606.963648
-13.476791,3,607.271803
53.400439,4,607.559037
53.090717,4,607.709892
-12.530587,4,607.772191
-11.510587,4,607.836556
-12.117004,4,607.910061
-14.266251,3,608.001315
-11.705283,4,608.129169
-9.070468,5,608.242833
-14.723172,3,608.305676
-8.211028,5,608.383626
-14.878251,3,608.508898
52.070717,4,608.788822
56.860733,5,608.913126
-14.545712,3,608.977487
53.29844,4,609.316226
-11.654283,4,609.669532
-11.654283,4,610.059044
-12.780004,4,610.506625
58.385294,6,610.600508
-14.454902,3,610.666684
-14.572251,3,610.747072
-14.292791,3,610.979922
-11.70156,4,611.126867
50.107025,8,611.260851
-14.394791,3,611.336387
-15.361712,3,611.401219
54.216439,4,611.76905
-12.428587,4,611.833443
-14.417172,3,611.897637
-10.757619,7,612.383229
-14.470251,3,612.45823
-14.190791,3,612.902908
-14.572251,3,613.016538
-11.70156,4,613.517897
-13.552251,3,613.628868
-14.496791,3,613.906256
-11.862004,4,614.016369
-12.224587,4,614.070117
-14.723172,3,614.134834
-14.290712,3,614.199702
-11.199004,4,614.312715
-14.139791,3,614.378293
-14.556902,3,614.433127
-9.677233,7,614.726876
-12.783726,4,614.846507
-14.366172,3,614.910944
57.031704,6,615.019264
-14.760902,3,615.08181
-14.290712,3,615.147475
-15.312791,3,615.48382
51.447749,3,615.866315
53.55344,4,616.059106
56.827704,6,616.24675
58.283294,6,616.295853
-7.818147,5,616.366085
-14.470251,3,616.483012
-13.552251,3,616.561993
-9.070468,5,616.717343
-12.428587,4,616.784166
-11.406726,4,616.911391
53.192717,4,617.186609
-14.647712,3,617.274887
-7.425267,5,617.546643
-14.366172,3,617.603385
-14.139791,3,617.896851
-14.366172,3,617.958181
-13.703172,3,618.022352
-12.530587,4,618.086603
-13.703172,3,618.156004
-14.760902,3,618.220625
-13.740902,3,618.283013
-13.740902,3,618.338804
44.751693,9,618.592502
-14.403902,3,618.649406
-13.740902,3,618.715363
-13.703172,3,618.773256
-13.476791,3,618.927603
-13.740902,3,618.990825
-14.470251,3,619.062084
-12.222726,4,619.166489
-12.885726,4,619.268424
59.099294,6,619.338137
-14.443712,3,619.452157
52.988717,4,619.742149
53.55344,4,619.97124
-14.403902,3,620.030256
53.212956,8,620.128867
-12.725283,4,620.24541
57.304614,5,620.356131
-8.097886,6,620.745276
57.574733,5,620.900052
-13.476791,3,621.344974
-9.070468,5,621.445671
-13.244587,4,621.503557
50.503209,3,621.983084
51.447749,3,622.380546
-11.406726,4,622.480778
-14.190791,3,622.708349
56.263853,5,623.006242
-13.476791,3,623.441124
-12.326587,4,623.635139
-8.211028,5,623.742337
50.311025,8,623.958967
-14.647712,3,624.034097
53.502439,4,624.152913
-10.991283,4,624.288646
-15.286251,3,624.381116
-11.199004,4,624.483338
-11.199004,4,624.577808
-15.210791,3,624.662907
-13.740902,3,624.735411
-14.545712,3,624.802216
-14.647712,3,624.890049
-11.510587,4,624.940231
-15.233172,3,625.005316
-11.862004,4,625.234322
-14.853791,3,625.359485
-9.129028,5,625.455317
56.947614,5,625.772621
-15.108791,3,625.946813
-14.443712,3,626.048898
-14.658902,3,626.113093
-12.069726,4,626.202277
-14.266251,3,626.509399
56.488614,5,626.577631
51.523209,3,626.933382
-15.310712,3,627.041338
-15.133251,3,627.166843
-14.621172,3,627.222143
-14.454902,3,627.269959
56.029614,5,627.455496
-14.621172,3,627.507852
-14.658902,3,627.57019
-9.349476,6,627.63417
-13.703172,3,627.694205
-11.199004,4,627.769234
59.099294,6,627.926493
-12.530587,4,627.989863
53.294717,4,628.127156
-8.736147,5,628.236795
-8.980771,6,628.370448
-13.627712,3,628.453375
-13.740902,3,628.514981
-13.703172,3,628.581066
-14.621172,3,628.63591
-13.740902,3,628.693081
-14.341712,3,628.787481
-9.742313,7,629.107681
-9.898771,6,629.216623
-14.454902,3,629.279984
-14.496791,3,629.591729
-8.623771,6,630.030603
-14.368251,3,630.255539
-12.224587,4,630.314977
-35.274966,11,630.428415
-13.627712,3,630.512857
-14.139791,3,630.828935
54.216439,4,631.00222
-14.443712,3,631.062491
-14.519172,3,631.129666
-12.368283,4,631.394011
-15.361712,3,631.453186
-7.818147,5,631.757393
-12.219004,4,631.875654
-15.031251,3,631.99128
-14.454902,3,632.054099
53.502439,4,632.301257
-15.133251,3,632.575195
-11.913004,4,632.709266
-10.991283,4,632.846764
56.263853,5,633.13961
-12.987726,4,633.226112
-12.117004,4,633.309505
-37.065015,12,633.383746
-11.803561,4,633.528522
-14.878251,3,633.618006
-15.108791,3,633.700161
-14.368251,3,633.792768
-14.443712,3,633.878881
-9.742313,7,633.966504
-15.539172,3,634.031594
-13.627712,3,634.142666
52.47599,8,634.247222
-15.388251,3,634.343217
-12.069726,4,634.433158
-12.224587,4,634.547869
-15.678902,3,634.610474
57.049614,5,634.730138
-14.760902,3,634.792622
-15.388251,3,634.898832
-15.641172,3,634.956211
-13.740902,3,635.023619
56.947614,5,635.085963
-12.224587,4,635.14386
-14.290712,3,635.255147
-15.233172,3,635.322114
-14.368251,3,635.511924
-13.703172,3,635.571124
52.482439,4,635.800387
-13.627712,3,635.912585
-13.997941,8,635.977135
51.580956,8,636.073786
-14.341712,3,636.159389
-14.545712,3,636.253563
-15.029172,3,636.310611
54.216439,4,636.48687
-14.394791,3,636.805851
-11.406726,4,636.933452
-14.519172,3,636.992246
-11.406726,4,637.086803
-9.027028,5,637.209501
-10.991283,4,637.487431
-14.139791,3,637.550795
-13.476791,3,637.841177
-12.324726,4,637.910581
-12.224587,4,637.979187
-8.584476,6,638.049215
-14.711941,8,638.425421
-10.991283,4,638.559647
-12.015004,4,638.63124
-13.193587,4,638.688582
-14.519172,3,638.749913
-9.231028,5,638.88834
58.385294,6,638.952892
-15.168902,3,639.015621
-14.341712,3,639.082074
-15.335172,3,639.140473
57.922114,6,639.2659
54.216439,4,639.355641
-14.760902,3,639.424092
-7.077886,6,639.554337
-11.199004,4,639.653764
-15.361712,3,639.719789
-12.324726,4,639.873085
-15.463712,3,639.938033
-14.417172,3,640.005581
-14.723172,3,640.063975
-7.666476,6,640.342853
-12.120726,4,640.465268
-13.740902,3,640.522623
-12.120726,4,640.616443
-14.403902,3,640.675172
56.911733,5,640.791958
-14.443712,3,640.858063
-12.117004,4,640.949446
-15.210791,3,641.255328
-11.654283,4,641.390332
57.208114,6,641.722417
52.192956,8,641.77902
-15.031251,3,641.891222
-14.454902,3,641.950052
-14.290712,3,642.06009
-14.454902,3,642.125503
58.181294,6,642.190616
-13.703172,3,642.251216
-11.406726,4,642.362922
-14.443712,3,642.480612
56.878704,6,642.706172
-12.069726,4,642.795587
-14.215251,3,643.096342
-14.292791,3,643.378618
-12.21156,4,643.516342
-14.266251,3,643.596765
53.55344,4,643.843828
-13.740902,3,643.90291
-11.406726,4,643.977679
-14.760902,3,644.04559
-12.530587,4,644.112776
-15.108791,3,644.349887
-14.572251,3,644.460167
-14.556902,3,644.523246
-14.545712,3,644.623994
-12.324726,4,644.694366
-14.980251,3,644.780874
-13.740902,3,644.840756
-14.417172,3,644.896252
-11.199004,4,644.966757
-14.723172,3,645.027666
54.302767,7,645.323943
-12.521283,4,645.719007
-14.341712,3,645.810851
-13.740902,3,645.870791
-12.521283,4,645.950717
-9.043476,6,646.015617
-14.443712,3,646.108332
51.076025,8,646.482114
-8.634147,5,646.544164
-14.341712,3,646.616676
52.172718,4,646.907019
-14.139791,3,646.983853
-7.666476,6,647.365571
-14.266251,3,647.479427
56.911733,5,647.672531
-8.634147,5,648.04898
-8.776771,6,648.115268
-11.199004,4,648.238758
53.192717,4,648.460854
-14.760902,3,648.525145
-13.627712,3,648.645268
-14.723172,3,648.7119
-15.004712,3,648.801097
-14.366172,3,648.861455
57.365294,6,648.984422
-11.654283,4,649.126877
-13.552251,3,649.208053
-14.292791,3,649.498296
52.58444,4,649.78606
-14.470251,3,649.887557
-15.219902,3,649.947055
56.352154,7,650.023253
-15.270902,3,650.081377
-12.117004,4,650.192734
-12.326587,4,650.415356
53.212956,8,650.526335
-11.913004,4,650.923363
-14.496791,3,651.224359
-15.080172,3,651.286253
-13.552251,3,651.377773
-13.627712,3,651.440044
-11.913004,4,651.552542
-12.117004,4,651.862409
-14.572251,3,651.955486
53.192717,4,652.380615
58.510704,6,652.460203
-11.406726,4,652.549988
-14.443712,3,652.60937
-11.510587,4,652.668735
-15.678902,3,652.728518
57.253614,5,652.841176
-13.740902,3,652.903567
-11.862004,4,652.988033
-13.703172,3,653.053494
52.176439,4,653.146373
53.090717,4,653.339427
-13.627712,3,653.402908
-14.572251,3,653.530089
-11.406726,4,653.59621
-13.740902,3,653.658074
-11.807283,4,653.954654
-11.199004,4,654.131281
-12.069726,4,654.234073
-12.326587,4,654.29655
-11.406726,4,654.397029
-12.426726,4,654.476666
-13.446726,4,654.554128
53.192717,4,654.717872
-14.417172,3,654.782351
-12.069726,4,654.887501
-13.091587,4,654.951873
-14.290712,3,655.010291
-9.070468,5,655.082007
-11.510587,4,655.144365
-12.36456,4,655.466141
-13.703172,3,655.528323
-8.407468,5,655.605844
-15.270902,3,655.66974
-14.454902,3,655.735651
-13.627712,3,655.800566
-14.621172,3,655.862974
-14.368251,3,655.943528
-14.443712,3,656.02906
-14.621172,3,656.095977
-14.556902,3,656.162399
-14.417172,3,656.219332
-14.366172,3,656.278453
53.400439,4,656.37409
-13.476791,3,656.455715
-15.133251,3,656.529952
53.196439,4,656.75389
-12.219004,4,656.82554
-14.417172,3,656.891909
56.148154,7,657.151057
52.988717,4,657.404649
53.196439,4,657.634773
-15.372902,3,657.696647
-15.437172,3,657.753956
-13.627712,3,657.820936
-14.290712,3,657.912387
52.83944,4,658.099569
-10.991283,4,658.391471
36.226135,10,658.603936
-14.647712,3,658.703524
-14.647712,3,658.797238
-15.539172,3,658.860339
-13.703172,3,658.936034
-12.117004,4,659.024165
-15.312791,3,659.103075
-14.366172,3,659.164279
-13.627712,3,659.22722
-15.133251,3,659.338409
-14.470251,3,659.459319
-15.565712,3,659.521655
-14.980251,3,659.644835
-8.407468,5,659.756914
-7.818147,5,660.06206
-12.015004,4,660.177334
-14.266251,3,660.296697
57.066154,7,660.392805
53.29844,4,660.630014
-14.723172,3,660.699414
-7.818147,5,660.971366
-13.740902,3,661.039636
54.008717,4,661.184255
-15.184251,3,661.274112
-14.545712,3,661.357358
-12.120726,4,661.457454
-15.335172,3,661.52567
-9.070468,5,661.639746
55.804853,5,661.879987
54.216439,4,662.061357
-8.407468,5,662.153676
-13.476791,3,662.437404
-15.284172,3,662.506312
-14.394791,3,662.739244
52.529717,4,663.088042
-12.117004,4,663.192012
57.049614,5,663.283106
-14.647712,3,663.339412
53.400439,4,663.444979
-8.407468,5,663.515909
-14.215251,3,663.602889
54.216439,4,663.857124
-14.341712,3,663.944079
-11.199004,4,664.033497
-11.862004,4,664.223845
-12.725283,4,664.476196
-12.929283,4,664.759389
52.988717,4,665.208826
-14.572251,3,665.320445
-14.496791,3,665.609379
-14.647712,3,665.676229
-15.641172,3,665.743086
-13.476791,3,665.821759
-12.521283,4,665.897185
-14.454902,3,665.957886
-14.139791,3,666.254727
-14.519172,3,666.314716
-11.44656,4,666.783034
-11.510587,4,667.097121
-12.120726,4,667.173021
-13.740902,3,667.234169
-8.736147,5,667.331106
-14.417172,3,667.391285
57.049614,5,667.528717
-12.326587,4,667.587066
-13.346587,4,667.647363
-14.443712,3,667.741882
-12.117004,4,667.975091
-13.552251,3,668.15945
-15.641172,3,668.221309
-10.660313,7,668.631156
-13.550587,4,668.693186
50.631749,3,669.077701
-13.552251,3,669.197264
-11.70156,4,669.334404
-11.510587,4,669.399025
-9.261267,5,669.548848
53.400439,4,669.661582
-13.476791,3,669.741812
57.922114,6,669.888565
-13.740902,3,669.953447
-14.266251,3,670.042162
-8.980771,6,670.118615
-14.647712,3,670.194394
-11.862004,4,670.322514
-7.995886,6,670.393403
-13.476791,3,670.682289
-13.740902,3,670.742155
57.066154,7,670.815097
-14.760902,3,670.880196
-14.368251,3,670.970231
57.049614,5,671.04313
-15.565712,3,671.113109
-14.190791,3,671.254934
-13.476791,3,671.313245
-15.437172,3,671.369462
-14.394791,3,671.43383
-12.015004,4,671.525638
52.737439,4,671.631221
-12.324726,4,671.733237
51.523209,3,672.160515
-9.325468,5,672.287685
-13.627712,3,672.405694
-7.893886,6,672.536338
53.196439,4,672.718313
-14.813941,8,672.849015
-13.552251,3,673.032223
52.427718,4,673.276099
-13.476791,3,673.333887
-14.519172,3,673.391015
-12.015004,4,673.466055
57.922114,6,673.604216
-15.463712,3,673.696062
-15.641172,3,673.751416
-12.426726,4,673.817093
-13.627712,3,673.940897
-11.862004,4,674.284609
-11.862004,4,674.614439
-11.510587,4,674.688954
51.580956,8,675.056934
-12.011283,4,675.334677
-13.627712,3,675.453889
-15.066902,3,675.514782
-11.913004,4,675.629217
57.922114,6,675.795057
-12.470283,4,676.140227
-15.057791,3,676.42676
-14.139791,3,676.503647
-7.818147,5,676.802405
-8.407468,5,676.879483
-8.211028,5,676.974774
-14.454902,3,677.041614
53.196439,4,677.216094
-14.723172,3,677.27304
-7.960771,6,677.349648
-9.195147,5,677.43302
-14.853791,3,677.666319
51.523209,3,677.918249
55.855853,5,678.38173
-14.190791,3,678.825892
-14.711941,8,678.968371
53.55344,4,679.194505
-13.476791,3,679.463777
54.216439,4,679.592972
-12.885726,4,679.674355
-11.406726,4,679.738722
-11.44656,4,680.063372
-8.407468,5,680.232272
-13.703172,3,680.289361
-13.703172,3,680.347345
57.574733,5,680.597661
-14.572251,3,680.696432
-15.539172,3,680.754298
53.294717,4,681.081673
-14.368251,3,681.264526
-13.740902,3,681.332919
-9.145476,6,681.399283
-15.031251,3,681.490394
-13.703172,3,681.550255
-15.372902,3,681.609802
53.502439,4,681.698015
-12.224587,4,681.762664
-12.011283,4,681.845795
57.574733,5,682.00066
-14.139791,3,682.084029
57.467294,6,682.134268
-14.139791,3,682.389465
-11.199004,4,682.45979
-11.909283,4,682.598881
-11.510587,4,682.65773
-8.878771,6,682.720535
-14.403902,3,682.784157
-10.783561,4,683.298449
-11.510587,4,683.367555
-12.120726,4,683.432311
-9.552147,5,683.717516
-9.231028,5,683.835971
-13.552251,3,683.948706
-14.572251,3,684.134423
-11.510587,4,684.36636
-12.222726,4,684.528855
-12.887587,4,684.586728
50.605209,3,684.723161
-15.372902,3,684.782402
-10.991283,4,684.917899
50.707209,3,685.212566
-7.933846,7,685.834795
51.835956,8,685.923639
-15.463712,3,686.007136
-11.406726,4,686.094975
-13.703172,3,686.150755
-14.496791,3,686.456741
-14.443712,3,686.521261
-13.552251,3,686.637351
-8.736147,5,686.983148
-15.463712,3,687.043775
-15.539172,3,687.102656
-13.703172,3,687.161687
-14.394791,3,687.231099
-12.525004,4,687.548091
-14.621172,3,687.60744
-14.556902,3,687.664205
-8.838147,5,687.944316
-15.423902,3,688.002539
-15.516791,3,688.496634
-14.215251,3,688.591292
52.482439,4,688.796843
57.722294,6,688.960924
-12.120726,4,689.10184
-20.838631,9,689.196663
-12.224587,4,689.306494
-14.266251,3,689.524855
-14.519172,3,689.5867
-14.403902,3,689.649085
54.506767,7,689.845928
-14.417172,3,689.911932
-14.658902,3,689.969743
-14.915941,8,690.031295
-13.552251,3,690.14053
-14.647712,3,690.198811
-14.621172,3,690.260608
50.733749,3,690.644684
-8.211028,5,690.743121
-13.552251,3,690.804903
-11.862004,4,690.987415
-11.862004,4,691.04819
-13.552251,3,691.126044
-10.783561,4,691.616944
-15.312791,3,691.711911
-14.470251,3,691.822053
-11.497561,4,691.902977
54.216439,4,692.236947
-15.474902,3,692.294823
-7.21046,7,692.340365
-14.519172,3,692.400731
-15.004712,3,692.464927
-12.41556,4,692.797066
-13.703172,3,692.861858
56.860733,5,692.969838
-8.776771,6,693.046171
-12.936726,4,693.14105
-11.862004,4,693.439567
57.031704,6,693.574238
-14.290712,3,693.634915
-13.476791,3,693.701898
-8.380476,6,693.764877
-13.476791,3,694.05448
53.196439,4,694.235045
-14.647712,3,694.299392
-15.117902,3,694.364026
-14.723172,3,694.42935
-14.266251,3,694.587373
-14.711941,8,694.969526
-8.874028,5,695.101839
-12.530587,4,695.15972
-12.326587,4,695.219176
-14.290712,3,695.288199
57.181853,5,695.623307
-11.913004,4,695.746348
-14.929251,3,695.847919
-14.519172,3,695.904296
-14.266251,3,695.973823
-13.740902,3,696.038644
-8.838147,5,696.132684
53.502439,4,696.194585
-14.215251,3,696.312666
53.090717,4,696.566275
-13.703172,3,696.630066
-11.406726,4,696.716443
-13.703172,3,696.775214
-14.647712,3,696.859896
-15.667712,3,696.94756
-15.361712,3,697.007849
30.295884,11,697.134058
-12.069726,4,697.220489
-13.627712,3,697.281057
52.584439,4,697.543447
55.984114,6,697.698168
-12.219004,4,697.787896
-15.210791,3,698.078828
57.967614,5,698.210983
-15.490251,3,698.293104
-15.423902,3,698.351834
-12.836587,4,698.408721
-14.454902,3,698.468582
-7.818147,5,698.781339
-14.545712,3,698.855093
-14.368251,3,698.923538
-10.660313,7,699.036122
57.304614,5,699.146174
-14.215251,3,699.247653
-14.496791,3,699.31199
-9.070468,5,699.395883
-10.660313,7,699.663992
-14.519172,3,699.730528
-14.545712,3,699.819211
-12.517561,4,700.252755
-12.729004,4,700.482301
-12.324726,4,700.584885
50.809209,3,701.05701
-13.346587,4,701.114852
56.860733,5,701.449444
-9.502476,6,701.517339
-11.70156,4,701.660299
54.216439,4,701.94612
53.55344,4,702.117962
-10.991283,4,702.200431
-13.035004,4,702.329088
-14.443712,3,702.393499
-12.326587,4,702.455023
-14.723172,3,702.510721
57.922114,6,702.824936
50.005025,8,702.974444
-12.069726,4,703.071939
-13.703172,3,703.141032
-15.592251,3,703.217394
-11.406726,4,703.296499
-13.552251,3,703.409434
51.523209,3,703.555382
-14.266251,3,703.929627
-15.576902,3,703.991282
57.574733,5,704.261545
52.396956,8,704.337741
-14.403902,3,704.398842
-15.006791,3,704.45873
-12.324726,4,704.566225
-14.139791,3,704.666375
-11.199004,4,704.74648
-13.476791,3,704.989503
53.502439,4,705.171353
-13.740902,3,705.232933
-14.572251,3,705.41498
-14.215251,3,705.523045
-13.703172,3,705.583956
-11.913004,4,705.740948
-14.443712,3,705.841547
-14.266251,3,706.023173
36.634135,10,706.221329
58.510704,6,706.474359
-13.476791,3,706.712343
-11.510587,4,706.770566
-14.723172,3,706.831167
-13.552251,3,706.906845
-8.980771,6,707.069915
-14.292791,3,707.352365
-15.029172,3,707.417498
51.14999,8,707.495131
-14.545712,3,707.559821
-15.108791,3,707.640244
-13.627712,3,707.757863
57.004114,6,707.864886
-8.686476,6,707.926466
-14.556902,3,707.988657
-11.406726,4,708.096656
-8.736147,5,708.175028
57.967614,5,708.321467
-10.40062,7,708.519353
-11.913004,4,708.603854
-13.552251,3,708.693043
-13.703172,3,708.754189
57.066154,7,708.840467
-14.470251,3,708.933158
-14.366172,3,709.003862
-15.004712,3,709.098145
-14.366172,3,709.161016
58.510704,6,709.331707
-13.627712,3,709.435126
-13.740902,3,709.501262
-8.481147,5,709.793902
-14.139791,3,710.074692
58.079294,6,710.23403
-11.705283,4,710.358818
-11.510587,4,710.426308
-11.654283,4,710.505734
-14.417172,3,710.573383
-13.031283,4,710.793377
-7.995886,6,711.285532
53.502439,4,711.385446
-13.703172,3,711.457829
-10.456313,7,711.5231
-14.519172,3,711.577944
-12.326587,4,711.645249
-19.002631,9,711.861473
-14.417172,3,711.918546
-13.740902,3,711.988514
-14.443712,3,712.070108
57.253614,5,712.381992
-13.476791,3,712.464882
57.259114,6,712.608915
-13.476791,3,712.83984
57.796704,6,713.057044
-14.647712,3,713.118942
-13.703172,3,713.17958
-8.481147,5,713.468963
-14.760902,3,713.532885
-13.703172,3,713.595196
-7.960771,6,713.665182
-12.52401,8,713.711099
-14.813941,8,713.857014
-14.621172,3,713.921353
-14.556902,3,713.976537
-8.481147,5,714.270438
-13.627712,3,714.351317
-14.572251,3,714.435237
-13.627712,3,714.532866
-8.211028,5,714.641049
-12.426726,4,714.7468
-14.470251,3,714.84113
49.970576,8,714.989289
-11.510587,4,715.062325
-7.893886,6,715.207792
-11.705283,4,715.356473
-14.470251,3,715.575766
-14.723172,3,715.637577
-14.621172,3,715.698425
58.436294,6,715.802357
-13.740902,3,715.865095
-15.641172,3,715.933213
49.483209,3,716.070509
52.83944,4,716.302985
56.161853,5,716.567708
-14.658902,3,716.630595
56.365853,5,716.891066
54.216439,4,717.143706
-9.231028,5,717.255125
-14.417172,3,717.37125
-15.233172,3,717.42803
-14.519172,3,717.499785
-14.292791,3,717.573136
-8.407468,5,717.656694
-13.627712,3,717.714532
-8.407468,5,717.893344
-15.259712,3,718.000022
54.70138,7,718.234383
-9.38062,7,718.366423
-13.740902,3,718.429895
-15.423902,3,718.496655
-13.740902,3,718.558742
-14.215251,3,718.679943
-15.516791,3,718.808733
-14.723172,3,718.86669
-15.270902,3,718.933318
-11.599561,4,719.428911
-13.740902,3,719.486516
53.29844,4,719.675276
-14.519172,3,719.735105
-9.070468,5,719.80704
-11.654283,4,719.941188
-7.818147,5,720.241051
-15.031251,3,720.568403
51.523209,3,721.01042
-13.552251,3,721.11856
-11.199004,4,721.263754
-13.476791,3,721.548929
-13.627712,3,721.883806
-9.223468,5,721.980484
57.592704,6,722.081012
-11.654283,4,722.332951
-8.736147,5,722.830507
-11.199004,4,722.949062
52.686439,4,723.183331
-14.454902,3,723.243975
54.216439,4,723.503665
-14.621172,3,723.561969
-28.54409,10,723.853059
-12.173587,4,723.914837
54.008717,4,724.030987
56.860733,5,724.153586
-14.454902,3,724.210949
-15.565712,3,724.275225
56.518853,5,724.435771
-13.476791,3,724.541526
-13.031283,4,724.664156
-13.627712,3,724.726705
57.694704,6,724.981076
54.008717,4,725.129902
-11.199004,4,725.210055
-12.426726,4,725.285375
-7.92446,7,725.734242
-13.703172,3,725.799635
-12.224587,4,725.861911
-7.746386,5,726.315454
-14.190791,3,726.584264
-14.470251,3,726.708918
-14.572251,3,726.822834
53.090717,4,727.305523
-13.552251,3,727.401133
-15.361712,3,727.489277
-15.055712,3,727.57736
-13.703172,3,727.64313
-8.211028,5,727.744996
-14.341712,3,727.83443
-13.740902,3,727.893771
-9.223468,5,728.008978
-14.366172,3,728.073292
-13.627712,3,728.191461
-13.448587,4,728.251309
-15.184251,3,728.370281
-15.210791,3,728.432863
-8.211028,5,728.523617
-13.627712,3,728.610689
-14.519172,3,728.667412
-15.031251,3,728.766984
53.400439,4,728.871632
-15.539172,3,728.936743
-14.658902,3,729.000597
-13.740902,3,729.070007
-14.572251,3,729.136919
-15.182172,3,729.201341
53.55344,4,729.437015
58.510704,6,729.563741
-8.925028,5,729.634786
-12.324726,4,729.743894
-15.131172,3,729.802748
-14.519172,3,729.86207
-15.080172,3,729.93149
-14.417172,3,729.993328
-15.463712,3,730.103227
-12.882004,4,730.206728
-14.215251,3,730.27715
-10.456313,7,730.356727
54.008717,4,730.52334
52.83944,4,730.822087
-13.703172,3,730.88767
-21.182564,9,731.017555
-12.426726,4,731.153122
-9.427468,5,731.491872
-12.705044,8,731.611648
-14.470251,3,731.703871
-10.762313,7,732.177862
-12.117004,4,732.305514
-9.298476,6,732.396985
-7.077886,6,732.525819
-14.368251,3,732.932938
-15.182172,3,732.998801
-15.361712,3,733.06297
-9.945028,5,733.49444
56.029614,5,733.680466
-12.117004,4,733.781237
-11.199004,4,733.856662
-11.199004,4,733.981408
-14.545712,3,734.056907
-13.740902,3,734.118129
-13.552251,3,734.244576
51.447749,3,734.639734
56.352154,7,734.714646
-12.117004,4,734.845282
57.967614,5,734.965695
-14.266251,3,735.288443
-14.723172,3,735.344732
-14.292791,3,735.826817
-7.818147,5,736.125756
-8.211028,5,736.217163
-7.666476,6,736.341047
-13.193587,4,736.404869
-14.403902,3,736.467386
56.758733,5,736.793674
-10.991283,4,736.917123
56.656733,5,737.214001
57.253614,5,737.511762
53.345717,4,737.715893
57.574733,5,737.889471
-14.366172,3,737.954298
-13.552251,3,738.025685
-11.510587,4,738.079984
-11.705283,4,738.206122
56.161853,5,738.564861
-15.082251,3,738.692532
-13.740902,3,738.749369
-14.853791,3,738.98876
-13.040587,4,739.044951
-12.326587,4,739.156969
-9.231028,5,739.290209
-14.292791,3,739.610196
43.374693,9,739.882767
-13.740902,3,739.944655
-13.740902,3,740.006941
-13.552251,3,740.120326
-21.182564,9,740.191925
-14.647712,3,740.27081
-14.470251,3,740.337576
-11.862004,4,740.433414
-11.862004,4,740.538634
-13.552251,3,740.651745
-14.496791,3,740.889127
-14.290712,3,740.977579
-14.290712,3,741.041484
56.284614,5,741.159776
-14.496791,3,741.24889
-13.740902,3,741.307226
55.61938,7,741.556333
-13.740902,3,741.62219
53.196439,4,741.953114
56.902114,6,742.195939
-6.716706,6,742.324729
-13.703172,3,742.385257
56.902114,6,742.51216
54.216439,4,742.619028
-8.776771,6,742.700501
52.498956,8,742.765867
-15.312791,3,742.863486
-13.627712,3,742.957141
57.574733,5,743.271504
-10.991283,4,743.369183
-8.674771,6,743.525102
-15.565712,3,743.587515
-14.572251,3,743.778582
57.208114,6,744.115708
-9.231028,5,744.220417
56.342767,7,744.507757
-14.572251,3,744.598758
-12.885726,4,744.66222
-8.211028,5,744.740209
-15.312791,3,744.816124
56.148154,7,744.950495
-11.510587,4,745.018964
-14.292791,3,745.078305
56.902114,6,745.284239
-11.510587,4,745.342076
-15.361712,3,745.429279
-10.09462,7,745.784747
53.400439,4,746.173026
-10.783561,4,746.673577
-11.199004,4,747.041671
-15.233172,3,747.098988
56.947614,5,747.225718
-11.909283,4,747.371203
-13.703172,3,747.427588
-14.215251,3,747.523196
-12.426726,4,747.611858
-10.991283,4,747.917966
57.592704,6,748.334056
-11.406726,4,748.415622
-14.454902,3,748.47843
-14.190791,3,748.620715
58.510704,6,748.846966
-13.703172,3,748.904735
-14.290712,3,748.972208
-14.658902,3,749.041136
-12.72156,4,749.373516
-9.886468,5,749.444472
-7.425267,5,749.767778
-14.266251,3,749.949971
54.216439,4,750.142625
-9.835468,5,750.254843
-14.647712,3,750.312191
56.947614,5,750.44277
-9.38062,7,750.7506
-14.723172,3,750.811438
-15.184251,3,751.12047
-15.667712,3,751.21353
-9.027028,5,751.340033
-13.552251,3,751.432977
-14.621172,3,751.490276
-6.818706,6,751.58571
-9.298476,6,751.722909
-13.703172,3,751.789542
-10.991283,4,752.174329
-12.530587,4,752.234678
-14.368251,3,752.551576
-14.470251,3,752.669332
-13.740902,3,752.723696
54.90538,7,752.834448
-15.474902,3,752.893239
55.636733,5,753.123187
-11.70156,4,753.269063
-15.004712,3,753.362222
-14.723172,3,753.422608
-14.878251,3,753.494564
-14.215251,3,753.5915
-14.572251,3,753.780293
-13.740902,3,753.851224
-7.666476,6,753.945535
-13.627712,3,754.186431
-9.592771,6,754.482499
53.196439,4,754.580739
52.482439,4,754.698894
57.208114,6,755.017598
-14.266251,3,755.144361
-13.552251,3,755.271693
-8.211028,5,755.397021
-14.417172,3,755.455956
-14.443712,3,755.548573
-11.199004,4,755.638619
-15.576902,3,755.703912
-15.057791,3,756.000515
-14.519172,3,756.06144
-8.925028,5,756.150482
-7.818147,5,756.220426
-11.510587,4,756.284372
50.044209,3,756.609109
-12.882004,4,756.698534
-12.426726,4,756.794935
-14.647712,3,756.891002
-10.991283,4,757.027756
-13.627712,3,757.101634
-15.006791,3,757.407091
57.592704,6,757.52616
-13.476791,3,757.58748
-12.324726,4,757.712839
-14.266251,3,757.833567
-12.936726,4,757.920972
-8.925028,5,758.009075
-14.519172,3,758.068446
-8.980771,6,758.376439
-12.224587,4,758.679321
-13.740902,3,758.745718
-15.219902,3,758.806082
-13.552251,3,759.024374
-10.991283,4,759.115489
-13.740902,3,759.18292
-13.740902,3,759.240271
53.400439,4,759.531632
44.751693,9,759.617643
-8.838147,5,759.904001
-10.047028,5,760.007131
56.263853,5,760.267077
-13.740902,3,760.326465
-13.740902,3,760.394563
44.751693,9,760.50761
-8.532147,5,760.648138
-12.120726,4,760.726194
-13.627712,3,760.784839
-13.703172,3,760.845205
52.376717,4,761.100778
-14.454902,3,761.162192
-8.623771,6,761.290821
-14.215251,3,761.42105
-11.199004,4,761.520713
56.911733,5,761.768388
-14.470251,3,761.954427
-12.834726,4,762.04349
-8.481147,5,762.118876
50.056025,8,762.55914
56.860733,5,762.759473
-11.803561,4,763.209662
58.385294,6,763.32739
-13.703172,3,763.383993
-8.407468,5,763.473936
56.161853,5,763.978302
-14.266251,3,764.093701
56.97354,7,764.2559
-8.925028,5,764.344875
-13.627712,3,764.57575
-14.215251,3,764.762488
-14.519172,3,764.832289
53.192717,4,764.95649
-14.454902,3,765.017841
-8.211028,5,765.248124
-14.443712,3,765.316441
-12.324726,4,765.468754
-13.627712,3,765.548231
-13.552251,3,765.662688
-13.346587,4,765.729072
57.592704,6,765.795916
-14.443712,3,765.860339
-13.476791,3,766.173633
-29.346927,10,766.323435
-9.945028,5,766.419252
-14.572251,3,766.509308
-14.802791,3,766.834413
-11.199004,4,767.176079
-15.743172,3,767.240491
-13.476791,3,767.464765
-12.015004,4,767.652277
-13.740902,3,767.717261
-12.627004,4,768.09114
-14.723172,3,768.147424
-6.818706,6,768.227926
-15.133251,3,768.298851
-12.576004,4,768.396379
-11.44656,4,768.722517
-14.915941,8,769.105837
53.55344,4,769.358259
-10.149028,5,769.479416
-21.182564,9,769.764285
-13.552251,3,770.170175
-13.552251,3,770.279809
56.827704,6,770.585445
49.268059,8,770.985985
51.835956,8,771.056527
-12.326587,4,771.113946
-13.627712,3,771.171966
56.656733,5,771.293422
-11.510587,4,771.3561
-12.069726,4,771.488428
-7.848386,5,771.939493
-8.992476,6,772.207618
-15.743172,3,772.267978
53.29844,4,772.358881
52.988717,4,772.735549
56.342767,7,772.853395
-10.762313,7,773.133259
-11.705283,4,773.375092
-14.292791,3,773.665777
-12.987726,4,773.745775
-14.647712,3,773.849197
-12.428587,4,773.909513
56.947614,5,774.021251
-9.121468,5,774.099717
-9.427468,5,774.200942
-13.34001,8,774.275889
-12.725283,4,774.586595
-12.224587,4,774.644866
-14.470251,3,774.738431
-11.807283,4,774.878786
57.574733,5,774.98344
-13.703172,3,775.045863
-14.139791,3,775.28079
-13.476791,3,775.51074
57.049614,5,775.589204
-14.368251,3,775.705946
-12.117004,4,775.768922
-15.208712,3,775.829729
35.63991,10,775.956136
-14.341712,3,776.050308
-11.497561,4,776.199383
-14.621172,3,776.262337
57.574733,5,776.367461
-13.627712,3,776.429383
-12.015004,4,776.547603
-13.476791,3,776.842452
-15.117902,3,776.909369
-8.913886,6,777.291883
50.79299,8,777.376456
-7.666476,6,777.44576
-11.406726,4,777.615747
54.008717,4,777.87296
-8.776771,6,777.947378
-12.426726,4,778.076118
-14.621172,3,778.142979
-11.406726,4,778.212883
-12.324726,4,778.276284
-12.222726,4,778.404138
-14.454902,3,778.46753
-12.173587,4,778.531911
-14.915941,8,778.847673
-14.658902,3,778.907542
-14.139791,3,779.362274
-14.723172,3,779.432253
-14.215251,3,779.617499
51.002059,8,779.871402
51.65999,8,779.960469
-13.740902,3,780.02569
53.400439,4,780.284183
-14.366172,3,780.339793
53.345717,4,780.776781
-14.290712,3,780.83417
-13.552251,3,780.9188
-12.882004,4,781.018977
-14.723172,3,781.0778
57.847704,6,781.20137
-13.091587,4,781.269334
57.184704,6,781.357819
-12.011283,4,781.512601
57.574733,5,781.676686
43.538531,9,781.897398
57.967614,5,781.966088
-11.406726,4,782.083187
-10.991283,4,782.17837
-13.552251,3,782.354912
-14.454902,3,782.435066
57.967614,5,782.514198
57.304614,5,782.752123
-14.368251,3,782.875345
-13.552251,3,783.002373
56.947614,5,783.127858
-13.476791,3,783.193959
-9.894028,5,783.301276
54.506767,7,783.524812
-10.991283,4,783.654325
-12.219004,4,783.750532
-9.427468,5,783.880563
-11.406726,4,783.984725
-14.366424,8,784.334913
55.345853,5,784.724532
-14.266251,3,784.910508
-9.784468,5,784.986428
-9.792028,5,785.071477
57.106114,6,785.432523
-15.437172,3,785.496149
-13.552251,3,785.809532
-14.723172,3,785.87198
-13.140726,4,785.935771
56.095733,5,786.055991
-14.496791,3,786.391946
-10.04362,7,786.520869
-13.703172,3,786.580734
55.840733,5,786.959011
-12.426726,4,787.069203
-12.015004,4,787.221675
51.523209,3,787.684118
-11.406726,4,787.763253
-8.329476,6,787.892611
53.400439,4,787.998564
-12.117004,4,788.43608
-11.406726,4,788.497621
-14.496791,3,788.754008
57.574733,5,789.000931
-12.120726,4,789.112056
50.503209,3,789.261794
-14.572251,3,789.380338
56.029614,5,789.504069
53.192717,4,789.889051
-13.476791,3,790.127628
-8.329476,6,790.464086
56.365853,5,790.860535
-13.552251,3,790.971
-12.725283,4,791.238382
-14.647712,3,791.30424
-8.980771,6,791.424309
-14.403902,3,791.508808
-9.129028,5,791.607014
-14.366424,8,791.703168
-13.740902,3,791.761255
-16.202424,8,792.004775
-13.627712,3,792.105938
-11.909283,4,792.433455
-13.740902,3,792.493677
-8.481147,5,793.009441
-12.173587,4,793.079569
-12.428587,4,793.142713
-8.481147,5,793.216654
-8.980771,6,793.392503
-13.552251,3,793.495484
-7.666476,6,793.653661
-13.552251,3,793.739314
-8.407468,5,793.815059
-13.627712,3,793.922869
-10.039468,5,794.017759
53.29844,4,794.427028
-8.211028,5,794.533485
51.523209,3,794.860588
-14.366172,3,794.936682
-13.239004,4,795.059467
-15.474902,3,795.120691
-28.90109,10,795.425625
-14.572251,3,795.494677
57.574733,5,795.616895
-8.925028,5,795.746463
-11.406726,4,795.869904
-12.069726,4,795.948678
-11.510587,4,796.008972
-14.572251,3,796.33132
-12.173587,4,796.635936
57.847704,6,796.720081
-14.572251,3,797.036259
36.838135,10,797.454059
-7.995886,6,797.747944
53.400439,4,798.150847
-9.129028,5,798.254142
-11.406726,4,798.345547
-40.544294,14,798.415496
-13.627712,3,798.477964
-13.552251,3,798.553353
-13.740902,3,798.609782
54.008717,4,798.90306
-14.394791,3,798.982313
-15.565712,3,799.096315
-9.231028,5,799.574902
-14.723172,3,799.646006
-8.211028,5,799.776578
-40.016833,13,799.929947
50.809209,3,800.278282
-14.190791,3,800.343134
-11.807283,4,800.605611
-12.572282,4,800.988097
-12.219004,4,801.093255
56.947614,5,801.225057
-13.627712,3,801.324573
57.253614,5,801.385338
-11.862004,4,801.489183
56.87154,7,801.587819
-8.407468,5,801.655675
-11.406726,4,801.738815
-14.647712,3,801.818559
-8.211028,5,801.91536
-12.120726,4,801.997912
-14.454902,3,802.058741
-14.290712,3,802.174123
53.196439,4,802.409786
-14.292791,3,802.870599
-14.760902,3,802.92796
-8.139267,5,803.250331
53.090717,4,803.610525
-14.341712,3,803.71917
-13.740902,3,803.7891
-12.324726,4,803.85942
54.216439,4,803.961155
-11.199004,4,804.051917
-11.44656,4,804.192408
-8.241267,5,804.3323
-10.991283,4,804.41615
-13.703172,3,804.480334
56.518853,5,804.838555
-14.290712,3,804.961408
-12.428587,4,805.019927
-8.878771,6,805.09684
-11.862004,4,805.514241
-13.627712,3,805.633469
-12.678004,4,805.881251
-9.070468,5,805.985428
-9.231028,5,806.08153
-12.368283,4,806.154737
53.294717,4,806.437951
51.002059,8,806.710396
52.988717,4,806.862162
-13.740902,3,806.921496
53.196439,4,807.307837
-8.634147,5,807.625793
-12.324726,4,807.719957
57.181853,5,808.098963
-14.658902,3,808.163386
-14.266251,3,808.29021
-13.344726,4,808.356938
-6.614706,6,808.440962
-13.740902,3,808.507967
-9.796771,6,808.66434
-9.38062,7,808.798009
53.400439,4,808.979851
-9.231028,5,809.34668
55.840733,5,809.474595
56.929704,6,809.903824
57.304614,5,810.037139
-14.366424,8,810.33788
-15.082251,3,810.540495
-29.334315,10,810.892797
49.891209,3,811.062387
55.128154,7,811.156496
-10.991283,4,811.454317
50.719025,8,811.583671
-13.627712,3,811.688791
-11.406726,4,811.754671
-13.740902,3,811.815053
51.523209,3,812.143979
-12.117004,4,812.298951
54.216439,4,812.570362
-9.223468,5,812.650312
-11.510587,4,812.715914
-14.443712,3,812.825649
49.891209,3,813.298602
-39.133775,13,813.370563
-13.244587,4,813.434433
-13.476791,3,813.521177
55.61938,7,813.881269
-14.290712,3,813.969696
-14.760902,3,814.030162
-8.925028,5,814.285137
50.605209,3,814.448588
-13.703172,3,814.513534
56.656733,5,814.581115
-13.740902,3,814.641036
54.506767,7,814.827049
-16.202424,8,814.903532
-13.244587,4,814.96546
56.342767,7,815.156085
-11.807283,4,815.280863
56.758733,5,815.483882
53.196439,4,815.748577
-12.525004,4,816.071191
-11.406726,4,816.179898
-8.874028,5,816.25685
58.510704,6,816.474237
-34.732608,11,816.558836
56.947614,5,816.633835
37.271359,10,816.751571
53.502439,4,816.86924
-14.519172,3,816.926641
-13.703172,3,816.989584
57.304614,5,817.119474
-14.658902,3,817.176323
-12.987726,4,817.264112
51.55799,8,817.367258
-11.510587,4,817.433648
56.878704,6,817.661172
52.549956,8,818.159227
-15.310712,3,818.224683
-14.341712,3,818.310323
-12.326587,4,818.381796
-10.558313,7,818.602232
51.968717,4,818.90522
-39.41648,13,819.25392
-14.760902,3,819.315606
-13.34001,8,819.400799
-14.454902,3,819.464625
-12.120726,4,819.549887
-15.335172,3,819.608644
-14.647712,3,819.678588
57.490704,6,819.780678
53.212956,8,819.856163
-15.159791,3,820.363291
-13.703172,3,820.425219
-14.417172,3,820.483027
-11.909283,4,820.56655
-8.481147,5,820.696904
49.789209,3,821.1489
-14.292791,3,821.446347
-7.509296,6,821.518355
-9.742313,7,821.615052
-13.552251,3,821.712264
-8.878771,6,821.958675
-13.703172,3,822.01669
-9.742313,7,822.094518
-13.627712,3,822.155239
55.61938,7,822.439167
-12.428587,4,822.498501
-12.173587,4,822.564933
-15.029424,8,822.738378
-14.454902,3,822.811853
-8.584476,6,822.965468
-15.361712,3,823.052495
-11.199004,4,823.162252
-14.760902,3,823.22581
-14.760902,3,823.284654
-8.12846,7,823.834235
-13.627712,3,823.901855
-11.199004,4,823.982662
-14.00301,8,824.038298
-14.443712,3,824.110009
-15.310712,3,824.199286
-11.510587,4,824.256358
56.284614,5,824.34549
-12.326587,4,824.636494
-15.321902,3,824.703902
-14.266251,3,824.788427
-11.913004,4,825.156561
-12.989587,4,825.216895
-14.366424,8,825.713832
-14.139791,3,825.953616
-14.980251,3,826.136224
-11.909283,4,826.455856
-13.627712,3,826.52067
-13.476791,3,826.767382
-9.894028,5,826.987543
54.216439,4,827.0851
-14.572251,3,827.1908
-13.552251,3,827.27837
-13.740902,3,827.338551
-11.199004,4,827.458726
-14.290712,3,827.544695
-13.740902,3,827.603907
59.099294,6,827.674624
-15.565712,3,827.76516
-8.407468,5,827.889493
-14.368251,3,827.965664
-13.627712,3,828.035603
-14.366172,3,828.099403
-14.760902,3,828.162255
56.554733,5,828.396513
57.967614,5,828.510777
-12.326587,4,828.567109
-11.199004,4,829.056391
45.283369,9,829.186357
-12.426726,4,829.25292
-14.621172,3,829.313131
49.472059,8,829.38413
-12.428587,4,829.448621
53.29844,4,829.709166
-12.219004,4,829.825835
-13.476791,3,830.055537
53.196439,4,830.308428
57.694704,6,830.519847
-15.474902,3,830.582848
-12.120726,4,830.670771
-14.760902,3,830.730326
-19.665631,9,830.779304
-14.760902,3,830.838297
-14.545712,3,830.913921
-9.427468,5,831.008278
-12.426726,4,831.098816
-14.621172,3,831.164736
-12.324726,4,831.260315
36.09891,10,831.527553
-14.139791,3,831.862517
-12.324726,4,831.951502
-13.476791,3,832.184488
-13.552251,3,832.408589
56.148154,7,832.48614
-11.199004,4,832.794301
-14.403902,3,832.850605
57.066154,7,832.966056
-14.647712,3,833.04957
-37.016506,12,833.12332
56.148154,7,833.221904
-12.530587,4,833.279367
56.046154,7,833.364881
-14.454902,3,833.428853
57.967614,5,833.551774
-12.732726,4,833.643374
58.510704,6,833.703738
45.079369,9,834.091582
-11.913004,4,834.395516
-14.366424,8,834.536941
30.629317,11,834.796192
-8.481147,5,835.103184
-14.760902,3,835.169611
57.151614,5,835.290977
52.192956,8,835.376783
-14.760902,3,835.441246
-12.623283,4,835.747648
-15.108791,3,835.831316
57.78954,7,835.8991
-16.049424,8,836.194964
-13.703172,3,836.254417
54.216439,4,836.550812
-14.454902,3,836.613189
56.860733,5,836.739694
-14.417172,3,836.799967
57.181853,5,836.890061
-34.843399,11,837.354224
-8.736147,5,837.482059
57.490704,6,837.600329
-13.552251,3,837.710987
-11.862004,4,838.093896
57.574733,5,838.278127
-8.776771,6,838.349285
56.250154,7,838.447007
-8.634147,5,838.516514
-7.203296,6,838.844638
-8.584476,6,839.233751
-14.496791,3,839.717173
52.584439,4,839.834831
53.400439,4,840.062887
-14.760902,3,840.130832
-15.286251,3,840.226942
-15.437172,3,840.29333
-8.674771,6,840.404253
-15.490251,3,840.619097
-15.310712,3,840.709169
-13.140726,4,840.829948
-12.011283,4,840.962172
57.049614,5,841.030597
-12.428587,4,841.099037
-9.027028,5,841.414983
37.11891,10,841.549005
-14.417172,3,841.608402
-14.443712,3,841.686353
-15.182424,8,842.032571
-8.211028,5,842.122705
-14.190791,3,842.474504
-13.703172,3,842.532715
-13.552251,3,842.61124
-11.510587,4,842.67214
51.45599,8,842.79531
-13.476791,3,842.876898
-9.231028,5,842.983468
-12.324726,4,843.069989
-13.242726,4,843.21035
57.490704,6,843.411387
57.12654,7,843.506895
-13.997941,8,843.761554
53.212956,8,843.856164
-14.621172,3,843.916369
57.967614,5,844.098535
-13.740902,3,844.160297
-14.519172,3,844.227262
-13.552251,3,844.324142
-11.216619,7,844.720006
-13.552251,3,844.845829
-14.266251,3,844.95077
51.682956,8,845.160691
57.049614,5,845.296798
-13.740902,3,845.360932
-14.403902,3,845.429362
-11.510587,4,845.493333
-13.193587,4,845.550724
-13.627712,3,845.650307
-13.627712,3,845.747478
-7.666476,6,846.01528
56.947614,5,846.135453
-14.658902,3,846.19682
-14.621172,3,846.252238
-35.390683,11,846.534956
-12.011283,4,846.885459
-14.723172,3,846.94534
-12.011283,4,847.025479
57.304614,5,847.116472
57.004114,6,847.282137
57.694704,6,847.414643
-13.142587,4,847.474549
57.259114,6,847.809907
56.554733,5,847.989421
-14.556902,3,848.049036
-14.403902,3,848.117695
54.008717,4,848.39867
-8.407468,5,848.480319
57.574733,5,848.605606
-29.028315,10,848.78153
-14.266251,3,848.964359
-15.080424,8,849.289631
-15.082251,3,849.406646
-15.361712,3,849.482914
-15.208712,3,849.590101
-14.290712,3,849.676661
-14.658902,3,849.73459
57.066154,7,849.952985
54.216439,4,850.097351
55.332154,7,850.400373
-13.552251,3,850.493577
-10.660313,7,850.864713
-15.259712,3,850.955708
-39.31448,13,851.25889
-14.915941,8,851.592619
56.554733,5,851.713918
49.942209,3,851.92098
-11.406726,4,852.007725
-13.703172,3,852.071445
-14.417172,3,852.133636
-14.341712,3,852.191949
57.967614,5,852.393704
58.079294,6,852.749631
-8.407468,5,852.863319
-12.117004,4,853.176873
-13.703172,3,853.239773
-12.173587,4,853.441675
-14.417172,3,853.506366
-15.219902,3,853.568953
-15.474902,3,853.634414
-13.627712,3,853.705009
-7.818147,5,853.876323
54.441687,7,854.153669
-9.325468,5,854.241493
-13.476791,3,854.562799
-14.417172,3,854.619703
-8.925028,5,854.719278
-13.627712,3,854.791271
-13.703172,3,854.86694
51.739025,8,855.00402
53.55344,4,855.101842
-14.290712,3,855.177548
-15.080172,3,855.25768
-13.476791,3,855.537039
-14.290712,3,855.64709
-12.222726,4,855.741042
-13.627712,3,855.812458
56.758733,5,856.045914
-11.406726,4,856.137529
-8.925028,5,856.430645
-6.489296,6,856.994139
-7.791886,6,857.647235
-14.443712,3,857.735351
-15.312791,3,857.841996
43.334531,9,857.976364
-14.341712,3,858.049458
-11.199004,4,858.151503
-11.510587,4,858.213517
-15.361712,3,858.310741
52.27844,4,858.587657
56.554733,5,858.748804
-7.960771,6,858.849044
-14.403902,3,858.909115
53.29844,4,859.006968
-14.572251,3,859.122945
-14.394791,3,859.428748
-9.575233,7,859.77528
-14.341712,3,859.855877
-13.627712,3,859.950727
-11.510587,4,860.014599
-13.740902,3,860.072839
-13.740902,3,860.130919
57.574733,5,860.333831
53.400439,4,860.466536
-15.780902,3,860.54577
-15.080424,8,860.839755
37.322359,10,861.200288
-14.443712,3,861.31329
-9.502476,6,861.401722
-14.290712,3,861.501631
-14.368251,3,861.602268
-14.556902,3,861.666353
-14.292791,3,861.830163
-8.634147,5,862.367311
-10.405313,7,862.452413
-20.871145,9,862.832169
59.099294,6,862.917266
-11.913004,4,863.014447
56.554733,5,863.269803
-14.368251,3,863.365389
-8.329476,6,863.91951
-13.703172,3,863.979594
-12.41556,4,864.331938
-14.403902,3,864.396003
56.656733,5,864.518832
-14.658902,3,864.582724
-11.510587,4,864.649654
52.78844,4,864.759148
-14.572251,3,864.878813
-9.38062,7,864.943712
56.758733,5,865.204489
-9.070468,5,865.294725
49.585209,3,865.459369
-7.848386,5,865.946096
-21.182564,9,866.047654
-14.647712,3,866.111008
-7.740886,6,866.484109
53.55344,4,866.664932
-14.139791,3,866.731292
56.878704,6,866.864051
57.151614,5,866.930405
-15.157712,3,867.240684
-14.813941,8,867.519053
-13.476791,3,867.585081
51.076025,8,867.863675
-14.443712,3,867.925258
-11.406726,4,868.022975
53.192717,4,868.530405
-14.368251,3,868.655621
-11.406726,4,868.73472
-13.740902,3,868.80612
52.631717,4,869.185153
-14.621172,3,869.246551
-13.552251,3,869.563615
-11.510587,4,869.625053
55.804853,5,869.727303
-12.324726,4,869.835126
54.543687,7,870.210599
-14.470251,3,870.297709
57.574733,5,870.495088
52.529717,4,870.971787
55.424767,7,871.151384
-8.211028,5,871.247374
-11.909283,4,871.589177
52.380439,4,871.831386
-13.552251,3,871.941447
-14.215251,3,872.056625
-13.552251,3,872.15071
-28.314315,10,872.224788
-14.290712,3,872.311869
-10.251028,5,872.426816
56.947614,5,872.568282
-14.443712,3,872.679436
-11.199004,4,872.757537
57.967614,5,872.87231
-11.199004,4,873.152768
52.498956,8,873.217371
54.216439,4,873.633728
56.131614,5,873.728297
-14.519172,3,873.794198
57.574733,5,873.907363
-12.224587,4,873.974304
-14.290712,3,874.061702
-10.558313,7,874.300379
-12.450044,8,874.434373
-11.199004,4,874.784593
-13.476791,3,875.027041
-14.403902,3,875.091
-8.407468,5,875.24283
-13.260975,8,875.71806
-7.995886,6,875.860004
-14.139791,3,875.942938
-14.519172,3,876.004827
-11.199004,4,876.421269
-15.576902,3,876.482648
57.967614,5,876.737164
-10.19662,7,877.154909
-15.182172,3,877.21688
57.049614,5,877.4774
36.685685,10,877.757036
-14.417172,3,877.825902
57.967614,5,877.889794
-12.428587,4,877.954706
-40.341837,15,878.028187
-13.552251,3,878.135275
-15.208712,3,878.223757
-14.519172,3,878.284671
57.967614,5,878.418047
-13.740902,3,878.489013
-14.496791,3,878.592687
-13.552251,3,878.712282
-14.556902,3,878.774692
-13.552251,3,878.897216
-13.740902,3,878.959868
-13.476791,3,879.05047
-10.991283,4,879.174537
-7.960771,6,879.394285
-8.407468,5,879.480786
-13.627712,3,879.547674
-13.740902,3,879.607673
-13.740902,3,879.676612
56.947614,5,879.940341
-12.426726,4,880.029914
-15.108791,3,880.131545
53.29844,4,880.24465
-11.199004,4,880.326712
49.509749,3,880.728294
-13.627712,3,880.832546
-7.666476,6,881.192492
-11.199004,4,881.324305
57.208114,6,881.659362
-11.510587,4,881.718254
43.833693,9,881.93327
57.574733,5,882.128518
-14.215251,3,882.357983
58.510704,6,882.572929
-20.871145,9,882.874023
57.049614,5,882.944849
-12.324726,4,883.036433
-14.139791,3,883.095846
-13.476791,3,883.428499
-15.680941,8,883.763358
-8.407468,5,883.864111
-15.780902,3,883.933028
-7.960771,6,884.016232
-14.519172,3,884.079662
-13.703172,3,884.139949
55.61938,7,884.262608
53.29844,4,884.375422
-13.476791,3,884.626045
-15.184251,3,884.729143
-9.792028,5,884.834694
-14.368251,3,884.946892
-15.592251,3,885.059505
-7.818147,5,885.187377
-12.120726,4,885.275723
-15.386424,8,885.745766
-11.199004,4,886.057758
-7.425267,5,886.371649
-9.223468,5,886.453045
-11.510587,4,886.511996
-11.199004,4,886.583053
-8.211028,5,886.796836
-11.199004,4,887.164719
-13.703172,3,887.232658
-11.862004,4,887.305619
55.679767,7,887.700236
56.161853,5,888.008182
-14.417172,3,888.064013
-8.407468,5,888.147054
-7.666476,6,888.287538
-9.027028,5,888.392699
-12.219004,4,888.508564
-13.627712,3,888.577019
-8.482476,6,888.671172
-13.476791,3,888.752297
-12.120726,4,888.84858
-9.070468,5,888.93596
-10.991283,4,889.242893
54.216439,4,889.47858
-14.368251,3,889.671607
-14.443712,3,889.792604
-14.417172,3,889.857114
-15.388251,3,890.024804
-12.173587,4,890.089314
45.283369,9,890.241322
55.651853,5,890.538046
53.502439,4,890.651067
56.403154,7,890.730831
-14.556902,3,890.791343
57.967614,5,890.902268
43.817436,9,891.495711
-14.215251,3,891.6024
-8.736147,5,891.734243
-13.476791,3,891.879682
-7.818147,5,892.022721
-13.476791,3,892.153415
-13.627712,3,892.238016
-12.117004,4,892.331634
56.860733,5,892.560632
-12.530587,4,892.623507
-12.011283,4,892.755875
-39.423837,15,892.82828
-12.530587,4,892.895274
-13.627712,3,892.961555
-8.407468,5,893.062068
-11.199004,4,893.1456
-11.909283,4,893.284002
-11.406726,4,893.364535
54.008717,4,893.471707
-13.476791,3,893.549649
-14.290712,3,893.614577
54.216439,4,893.729667
-13.740902,3,893.78938
-7.203296,6,893.872308
-12.530587,4,893.934681
-14.556902,3,894.005627
-9.027028,5,894.103039
54.216439,4,894.342476
-10.91062,7,894.735835
57.922114,6,894.84447
-8.407468,5,894.92294
-14.621172,3,894.983849
56.342767,7,895.100081
-21.845564,9,895.518172
-14.292791,3,895.581469
-8.623771,6,895.643348
-8.407468,5,895.729769
-14.403902,3,895.790119
-14.723172,3,895.852471
57.922114,6,895.932958
-10.660313,7,896.000346
54.914767,7,896.087338
-11.510587,4,896.144708
-13.740902,3,896.205432
56.342767,7,896.315647
-14.496791,3,896.374544
-9.231028,5,896.46967
-11.510587,4,896.527545
-8.674771,6,896.640458
-8.623771,6,896.707422
-14.519172,3,896.774877
44.751693,9,896.910122
-12.426726,4,897.001906
-12.173587,4,897.268775
-14.454902,3,897.33161
-13.476791,3,897.832535
-7.032386,5,897.911012
-11.497561,4,898.347813
-7.032386,5,898.838695
-13.703172,3,898.90763
-12.222726,4,898.995195
-12.120726,4,899.104377
-12.428587,4,899.168794
-12.326587,4,899.232733
-15.017941,8,899.484385
-14.292791,3,899.719587
-13.703172,3,899.782482
-12.069726,4,899.871
-9.38062,7,900.242052
-11.909283,4,900.545541
-8.407468,5,900.629691
-15.388251,3,900.744429
53.090717,4,900.891842
56.670524,6,901.147387
-15.184251,3,901.290219
-9.349476,6,901.465851
-14.215251,3,901.787466
-11.406726,4,901.890844
-35.047399,11,902.355826
-9.742313,7,902.427812
57.574733,5,902.602126
-13.552251,3,902.925784
-15.372903,3,902.994155
36.889135,10,903.082749
57.574733,5,903.319694
-14.519172,3,903.384073
-8.874028,5,903.657973
-8.211028,5,903.937775
-11.199004,4,904.051092
-13.740902,3,904.113007
-11.406726,4,904.185906
-12.525004,4,904.290666
-8.211028,5,904.59958
-8.596846,7,904.778718
-7.666476,6,904.920803
-9.38062,7,905.037399
-8.211028,5,905.136098
-13.703172,3,905.194059
-37.73549,12,905.423093
56.342767,7,905.718113
-8.407468,5,905.80316
-15.082251,3,905.910365
-8.925028,5,906.224014
53.090717,4,906.505439
-8.647846,7,906.708428
-11.406726,4,906.788891
-7.960771,6,906.918858
57.181853,5,907.365854
-8.657233,7,907.942311
56.76954,7,908.064899
-11.705283,4,908.373387
54.95638,7,908.586599
-13.476791,3,908.647983
-9.325468,5,908.723128
-14.470251,3,909.054468
56.437614,5,909.186795
-14.496791,3,909.465724
-8.584476,6,909.810121
31.111884,11,909.878013
-9.121468,5,910.104363
-13.627712,3,910.207536
-29.130315,10,910.792175
-13.552251,3,910.883766
-14.190791,3,911.025984
-10.660313,7,911.328341
-14.545712,3,911.398968
-13.552251,3,911.493083
-13.703172,3,911.560077
45.374531,9,911.618447
-13.552251,3,911.686443
-14.519172,3,911.746799
56.263853,5,912.10449
50.89499,8,912.423571
-7.950386,5,912.501669
57.694704,6,912.62841
-14.266251,3,912.743009
-14.470251,3,912.823995
-14.572251,3,912.946249
-14.545712,3,913.042561
56.758733,5,913.232869
-14.417172,3,913.293624
57.592704,6,913.427042
36.889135,10,913.493371
-8.407468,5,913.588984
57.967614,5,913.851615
-9.733468,5,913.934717
-8.380476,6,914.185627
52.89044,4,914.312902
56.758733,5,914.563759
56.518853,5,914.937565
-13.476791,3,915.178164
-20.871145,9,915.254679
-12.324726,4,915.330134
58.510704,6,915.458544
-14.496791,3,915.552734
-11.199004,4,915.701276
56.342767,7,915.830688
59.099294,6,915.927372
-8.407468,5,916.116588
-15.388251,3,916.307128
-11.705283,4,916.601327
-13.552251,3,916.687381
-11.510587,4,916.755803
-9.027028,5,917.079957
-10.991283,4,917.423187
57.304614,5,917.556787
-13.740902,3,917.616142
-8.407468,5,917.733436
-12.222726,4,917.808361
-7.818147,5,917.941699
-10.762313,7,918.319868
-15.998424,8,918.613218
-9.742313,7,918.969579
-14.076975,8,919.046652
-14.454902,3,919.105986
-14.572251,3,919.202127
-10.345468,5,919.329837
-13.193587,4,919.391648
-7.818147,5,919.667911
-12.117004,4,919.758514
-12.222726,4,919.851741
-12.222726,4,919.947531
-14.341712,3,920.007959
-14.556902,3,920.072884
-8.407468,5,920.196063
-11.406726,4,920.289939
-7.960771,6,920.370443
50.79299,8,920.500175
54.216439,4,920.803345
-13.740902,3,920.864681
50.733749,3,921.26321
-11.510587,4,921.329149
-14.25801,8,921.525569
57.304614,5,921.630256
55.74954,7,921.924674
-14.572251,3,922.03539
-14.190791,3,922.277281
-14.341712,3,922.358874
-14.647712,3,922.443858
-9.231028,5,922.541487
-14.955791,3,922.85865
-13.627712,3,922.967214
52.47599,8,923.102056
-11.654283,4,923.231056
-11.70156,4,923.390278
-11.406726,4,923.48387
-11.406726,4,923.584685
-13.552251,3,923.688842
-11.807283,4,924.060088
57.967614,5,924.285704
-13.552251,3,924.404849
-11.803561,4,924.750872
-14.292791,3,925.046411
-13.552251,3,925.170176
-11.199004,4,925.246613
-14.647712,3,925.334192
56.403154,7,925.398661
57.967614,5,925.576947
56.902114,6,925.833158
24.983167,13,926.238843
-7.818147,5,926.301715
-15.539172,3,926.368561
-7.666476,6,926.586943
-11.199004,4,926.701163
56.095733,5,927.042442
-9.427468,5,927.107869
-13.627712,3,927.330209
-10.660313,7,927.720159
58.385294,6,928.010139
-11.406726,4,928.098697
57.967614,5,928.381027
-14.647712,3,928.489942
-11.654283,4,928.608428
-14.368251,3,928.797423
55.600853,5,928.910052
-14.470251,3,929.241637
-14.139791,3,929.325623
-12.887587,4,929.390013
-8.407468,5,929.634673
-12.117004,4,929.707131
-11.913004,4,929.802624
-9.223468,5,929.87165
-14.139791,3,930.362064
-13.476791,3,930.432506
-10.090468,5,930.498392
-11.862004,4,930.575
-15.284172,3,930.635427
-13.446726,4,930.721981
30.295884,11,930.824066
-7.077886,6,931.133369
-14.417172,3,931.188038
26.615167,13,931.590065
-8.925028,5,931.67811
-12.627004,4,931.884284
-7.425267,5,932.215143
-6.716706,6,932.467346
57.847704,6,932.650663
44.660531,9,932.741397
-14.139791,3,932.893833
57.78954,7,932.978402
-14.545712,3,933.04381
-21.534145,9,933.188747
53.294717,4,933.310139
-15.235251,3,933.533596
56.97354,7,933.631402
-13.703172,3,933.699284
51.55799,8,933.767694
-8.407468,5,933.857093
-15.286251,3,933.957524
-8.776771,6,934.114451
-7.933846,7,934.243304
-13.552251,3,934.347033
-14.470251,3,934.433104
-14.403902,3,934.492974
-13.740902,3,934.560831
-11.913004,4,934.69725
-11.199004,4,935.031485
-13.740902,3,935.090773
-14.556902,3,935.156741
-13.476791,3,935.417309
58.436294,6,935.509372
-9.070468,5,935.81464
57.253614,5,935.900185
-15.133251,3,935.996253
-13.703172,3,936.058649
57.253614,5,936.237187
-14.658902,3,936.307138
-12.426726,4,936.386658
-7.425267,5,937.178784
-8.686476,6,937.478718
-15.057791,3,937.545679
-14.454902,3,937.611612
-14.556902,3,937.676525
51.65999,8,938.056084
50.733749,3,938.457097
-15.474902,3,938.532692
-12.117004,4,938.947839
51.523209,3,939.487632
-8.53646,7,939.561748
52.988717,4,939.801066
-14.417172,3,939.868996
53.523687,7,940.123917
57.78954,7,940.227371
53.212956,8,940.343517
-8.211028,5,940.555122
-12.324726,4,940.740533
-11.199004,4,940.848032
-13.703172,3,940.906605
-8.407468,5,940.981237
52.38044,4,941.063626
-14.621172,3,941.128959
54.008717,4,941.280923
-12.933004,4,941.421253
-14.760902,3,941.503002
57.181853,5,941.802886
-12.827283,4,942.11317
-13.703172,3,942.174587
-15.780902,3,942.232969
58.079294,6,942.473114
-15.270902,3,942.532717
56.161853,5,942.963152
-9.742313,7,943.268142
-11.510587,4,943.330661
-14.394791,3,943.878249
-14.621172,3,943.948546
57.574733,5,944.125846
54.216439,4,944.523359
-7.21046,7,944.762869
58.510704,6,945.125767
-7.666476,6,945.421835
-12.120726,4,945.500839
-11.787044,8,945.55742
-14.403902,3,945.624096
57.922114,6,945.881149
-14.454902,3,945.947728
-12.674283,4,946.078984
-11.705283,4,946.207637
-12.224587,4,946.261573
57.592704,6,946.631492
-14.443712,3,946.720109
-13.260975,8,947.264704
-9.027028,5,947.635717
56.284614,5,947.745489
-12.368283,4,948.06053
56.467853,5,948.26812
57.151614,5,948.376143
-8.211028,5,948.485726
-13.740902,3,948.54451
-13.476791,3,948.625065
-15.270902,3,948.691032
53.29844,4,948.940368
-14.545712,3,949.00556
57.333524,6,949.300507
56.947614,5,949.487329
-14.190791,3,949.745631
-14.394791,3,950.0748
53.212956,8,950.186309
-14.215251,3,950.30599
-8.407468,5,950.372159
56.554733,5,950.544431
54.216439,4,950.828604
-10.991283,4,951.112111
-11.862004,4,951.198976
-14.545712,3,951.284192
54.216439,4,951.556456
-9.223468,5,951.668706
-13.627712,3,951.745809
57.967614,5,951.827915
-12.324726,4,951.938279
-14.292791,3,951.997087
-14.545712,3,952.06059
-11.510587,4,952.129055
53.196439,4,952.220648
-9.38062,7,952.353861
57.967614,5,952.413335
-12.530587,4,952.475812
56.148154,7,952.609037
-13.703172,3,952.668462
57.967614,5,952.986317
-11.705283,4,953.116813
-13.476791,3,953.185421
37.985359,10,953.300651
54.216439,4,953.562958
-14.366172,3,953.627382
54.216439,4,953.958859
50.74199,8,954.045272
54.216439,4,954.382661
-7.87346,7,954.458674
-14.417172,3,954.524279
-13.627712,3,954.604214
57.967614,5,954.894853
-10.991283,4,955.313371
-11.909283,4,955.622633
57.967614,5,955.763742
-13.627712,3,955.845397
-13.476791,3,956.119004
-12.117004,4,956.226247
45.374531,9,956.333524
-13.703172,3,956.398177
37.985359,10,956.47679
57.049614,5,956.526886
-11.510587,4,956.595044
-8.407468,5,956.816767
57.78954,7,956.966739
59.099294,6,957.098408
-11.862004,4,957.189513
-8.532147,5,957.277615
57.574733,5,957.384921
-14.572251,3,957.468105
-7.818147,5,957.790955
-8.623771,6,958.077011
-13.476791,3,958.160646
-13.627712,3,958.224998
-12.426726,4,958.359081
57.967614,5,958.483809
-13.703172,3,958.547059
-14.470251,3,958.734936
-14.290712,3,958.841533
-11.654283,4,958.966691
45.997369,9,959.049207
57.574733,5,959.424133
-12.219004,4,959.519202
-13.703172,3,959.586703
-13.703172,3,959.651811
57.151614,5,959.707538
-13.703172,3,959.775506
-6.614706,6,959.855287
-14.366172,3,959.919137
-13.740902,3,959.97957
57.151614,5,960.118991
-14.955791,3,960.206078
57.722294,6,960.282543
-8.980771,6,960.437611
-10.991283,4,960.5906
-13.476791,3,960.673441
-11.705283,4,960.797723
-9.223468,5,960.88724
59.099294,6,960.95783
50.146209,3,961.346472
-8.211028,5,961.481928
58.385294,6,961.528173
-14.519172,3,961.592633
-8.925028,5,961.675066
-12.603044,8,961.715841
34.735073,10,962.022814
-13.476791,3,962.089774
53.502439,4,962.363403
-14.443712,3,962.450852
-13.740902,3,962.515622
-13.476791,3,962.638109
-8.874028,5,962.715016
-14.496791,3,963.012953
-15.312791,3,963.077863
57.07554,7,963.164391
-14.454902,3,963.231304
52.63544,4,963.35873
-9.742313,7,963.484552
-13.703172,3,963.545953
-12.326587,4,963.664269
-7.666476,6,964.002904
-14.290712,3,964.070857
56.131614,5,964.197127
-11.406726,4,964.304922
-8.776771,6,964.403051
56.911733,5,964.597304
-19.818631,9,964.780427
-15.284424,8,965.090857
-9.575233,7,965.228147
-13.703172,3,965.288962
-12.324726,4,965.375125
-10.991283,4,965.686615
58.510704,6,965.80905
-12.426726,4,965.935003
-14.621172,3,965.989664
-14.519172,3,966.053721
56.76954,7,966.210763
59.099294,6,966.335486
53.212956,8,966.451588
54.216439,4,966.638612
-13.740902,3,966.70174
27.254543,12,966.842181
-15.182424,8,967.121647
-14.368251,3,967.206293
56.250154,7,967.306934
-13.703172,3,967.366524
54.216439,4,967.600782
-13.627712,3,967.696278
-11.199004,4,967.852524
-7.666476,6,968.12073
-5.900706,6,968.268053
-13.740902,3,968.32214
-13.740902,3,968.387271
-14.545712,3,968.452564
57.066154,7,968.552216
-8.380476,6,968.841827
-9.742313,7,968.982457
-11.199004,4,969.082578
57.304614,5,969.358167
-14.454902,3,969.421278
57.967614,5,969.488377
-11.199004,4,969.617423
57.78954,7,969.686031
-14.366172,3,969.754709
-6.563706,6,969.831338
-13.552251,3,969.921965
-14.368251,3,970.041809
-10.149028,5,970.136992
-11.862004,4,970.542222
52.631717,4,970.799799
-13.476791,3,971.08047
-8.647846,7,971.187655
59.099294,6,971.289042
-9.231028,5,971.406011
-14.621172,3,971.460599
58.510704,6,971.564953
50.288059,8,971.806987
-6.614706,6,971.888323
57.967614,5,971.97902
57.922114,6,972.102842
-7.032386,5,972.176993
-14.368251,3,972.368814
57.967614,5,972.47049
-14.443712,3,972.559159
57.12654,7,972.696379
-15.414791,3,973.177516
-13.476791,3,973.278693
-7.746386,5,973.377472
-7.21046,7,973.593825
-14.190791,3,973.852686
-14.658902,3,973.917838
-13.703172,3,973.975375
-9.490771,6,974.075693
51.733956,8,974.632593
52.294956,8,975.188972
57.967614,5,975.257363
-8.211028,5,975.335513
-19.818631,9,975.509749
-14.266251,3,975.704819
50.733749,3,976.080657
57.181853,5,976.51938
57.967614,5,976.675779
-13.552251,3,976.785123
53.55344,4,977.009268
-14.519172,3,977.067865
57.78954,7,977.221944
56.76954,7,977.325391
-10.991283,4,977.40712
56.911733,5,977.529434
58.283294,6,977.607205
-13.142587,4,977.662461
-14.366172,3,977.715562
-13.703172,3,977.7754
-7.960771,6,977.90675
-8.211028,5,978.021064
-13.703172,3,978.079176
-13.703172,3,978.147792
48.899576,8,978.528402
-12.011283,4,978.810878
57.253614,5,978.917016
-13.476791,3,979.176852
-13.552251,3,979.265118
-11.406726,4,979.363088
-13.740902,3,979.423293
-11.510587,4,979.484317
52.83944,4,979.572858
-7.960771,6,979.700681
53.196439,4,979.907839
-13.552251,3,980.000686
-14.647712,3,980.287682
57.07554,7,980.449715
-8.58746,7,980.492818
-12.933004,4,980.636336
57.07554,7,980.733008
57.574733,5,981.024066
-9.070468,5,981.191336
-8.874028,5,981.279546
-13.552251,3,981.385374
-13.703172,3,981.449221
59.099294,6,981.527359
-8.407468,5,981.639504
-11.406726,4,981.728197
57.967614,5,981.995926
53.196439,4,982.109012
-7.666476,6,982.488463
-7.666476,6,982.545281
50.631749,3,982.94067
50.288059,8,983.219556
-8.532147,5,983.564734
57.181853,5,983.927032
-15.108791,3,984.220928
-14.215251,3,984.418134
57.967614,5,984.479326
57.07554,7,984.573084
53.090717,4,984.721075
-12.222726,4,984.822976
-12.324726,4,984.890087
-9.473233,7,985.023768
57.07554,7,985.192124
-8.407468,5,985.261262
-14.647712,3,985.342451
-11.199004,4,985.428797
59.099294,6,985.547812
53.55344,4,985.776354
-10.991283,4,985.90274
-9.043476,6,986.45538
-8.776771,6,986.703643
-11.510587,4,986.91402
-13.740902,3,986.972607
-13.740902,3,987.027175
-14.621172,3,987.093803
-11.406726,4,987.179108
59.099294,6,987.241206
57.922114,6,987.480959
-19.002631,9,987.672027
-7.21046,7,987.731644
57.574733,5,987.973181
58.385294,6,988.324968
-14.366172,3,988.391075
57.574733,5,988.61616
-14.496791,3,988.839911
-15.539172,3,988.902331
-12.173587,4,988.961939
-8.407468,5,989.028529
-5.900706,6,989.127594
57.049614,5,989.206009
-13.552251,3,989.278648
57.796704,6,989.352276
-13.703172,3,989.415241
-7.933846,7,989.846163
52.27844,4,990.068018
59.099294,6,990.171704
-12.011283,4,990.248399
57.049614,5,990.441089
-13.476791,3,990.717698
-13.476791,3,991.209627
-13.740902,3,991.27994
-8.211028,5,991.387434
54.216439,4,991.629552
57.574733,5,991.743343
54.216439,4,991.899372
-7.746386,5,992.356835
51.523209,3,992.511608
-10.991283,4,992.743748
-13.031283,4,992.871066
-15.576902,3,992.927645
57.253614,5,993.228146
56.947614,5,993.269742
53.196439,4,993.576225
50.707209,3,993.747141
50.503209,3,993.936362
-13.552251,3,994.162338
50.503209,3,994.294679
-14.394791,3,994.488964
56.758733,5,994.664861
-14.572251,3,994.754505
-13.740902,3,994.819633
-11.510587,4,994.888256
-8.925028,5,995.124786
57.518294,6,995.235416
-13.552251,3,995.30656
57.151614,5,995.43178
-13.740902,3,995.49541
-7.634706,6,995.738769
50.707209,3,996.055828
57.574733,5,996.177031
-13.740902,3,996.242146
-13.476791,3,996.531126
-12.224587,4,996.584258
-13.627712,3,996.645355
-13.476791,3,996.728494
-13.703172,3,996.776217
-13.703172,3,996.836659
-9.231028,5,996.90427
-13.476791,3,996.985259
-14.341712,3,997.100906
-15.321902,3,997.164409
57.304614,5,997.294965
58.385294,6,997.356337
-13.627712,3,997.456491
-13.552251,3,997.525141
51.523209,3,997.786802
-13.476791,3,998.244256
57.967614,5,998.350288
-13.552251,3,998.574783
-13.740902,3,998.640996
-9.325468,5,999.026177
-11.510587,4,999.093294
-11.913004,4,999.251148
-14.139791,3,999.488124
54.216439,4,999.578276
-14.366172,3,999.633886
-14.519172,3,999.695966
58.385294,6,999.816783
-13.703172,3,999.87886
58.510704,6,1000.07667
52.63544,4,1000.161034
-11.787044,8,1000.200316
-7.21046,7,1000.241878
53.502439,4,1000.487391
-13.740902,3,1000.542973
-14.658902,3,1000.602079
57.467294,6,1000.686629
57.253614,5,1000.754224
-14.139791,3,1001.012127
-11.510587,4,1001.07009
54.008717,4,1001.313578
54.216439,4,1001.43356
49.585209,3,1001.848105
57.967614,5,1002.148421
-7.21046,7,1002.189755
59.099294,6,1002.344987
-13.627712,3,1002.409646
-14.545712,3,1002.495256
59.099294,6,1002.613099
-7.21046,7,1002.654493
-15.678902,3,1002.714314
-11.406726,4,1002.796464
-7.960771,6,1002.861575
-14.496791,3,1003.145947
57.263294,6,1003.345751
57.304614,5,1003.477016
59.099294,6,1003.541654
-11.406726,4,1003.636775
-8.674771,6,1003.697903
-7.87346,7,1003.734519
-12.224587,4,1003.787117
54.216439,4,1003.875273
-11.199004,4,1003.935487
57.967614,5,1003.995074
59.099294,6,1004.08555
59.099294,6,1004.219259
-9.502476,6,1004.345937
-7.960771,6,1004.500282
-10.783561,4,1004.646092
57.967614,5,1004.830055
59.099294,6,1004.905678
58.385294,6,1004.998102
52.27844,4,1005.23641
52.294956,8,1005.310004
-11.510587,4,1005.373609
57.181853,5,1005.624662
-14.266251,3,1005.744331
57.049614,5,1006.018476
-7.818147,5,1006.102421
-14.556902,3,1006.154488
57.574733,5,1006.218567
-12.426726,4,1006.271212
57.967614,5,1006.507959
58.436294,6,1006.572584
-9.502476,6,1006.799232
59.099294,6,1006.849837
-9.450147,5,1006.979584
-7.736706,6,1007.027646
-13.627712,3,1007.108771
53.502439,4,1007.298189
-12.219004,4,1007.778486
59.099294,6,1007.905604
-9.325468,5,1007.971748
-12.117004,4,1008.04436
-8.407468,5,1008.363939
-7.032386,5,1008.935773
-7.818147,5,1009.215235
-14.658902,3,1009.265031
-13.740902,3,1009.316818
57.967614,5,1009.418359
58.385294,6,1009.499534
-14.572251,3,1009.59651
54.216439,4,1009.800436
-11.497561,4,1009.936038
56.148154,7,1010.091186
54.216439,4,1010.307107
-8.407468,5,1010.65161
-11.406726,4,1010.732964
59.099294,6,1010.889659
57.847704,6,1010.992618
56.776704,6,1011.104514
-13.627712,3,1011.193296
-6.614706,6,1011.362653
57.922114,6,1011.476392
57.78954,7,1011.522459
53.196439,4,1011.77464
-11.199004,4,1011.855414
54.216439,4,1012.077512
59.099294,6,1012.128069
58.283294,6,1012.294584
-11.199004,4,1012.668216
-13.703172,3,1012.7179
53.196439,4,1012.83047
57.967614,5,1013.064686
-8.211028,5,1013.199811
-13.627712,3,1013.304121
-13.703172,3,1013.360299
-11.807283,4,1013.658689
-12.120726,4,1013.759687
58.510704,6,1013.839511
-11.199004,4,1014.326583
59.099294,6,1014.391684
-12.015004,4,1014.467716
57.304614,5,1014.59713
-14.139791,3,1014.670546
58.283294,6,1014.839978
54.216439,4,1014.96694
59.099294,6,1015.049742
-14.454902,3,1015.111495
57.574733,5,1015.23665
56.365853,5,1015.468571
-7.666476,6,1015.766537
57.304614,5,1015.87339
-15.490251,3,1015.985644
57.78954,7,1016.295598
-8.709886,6,1016.436849
-12.324726,4,1016.510608
53.090717,4,1016.758118
50.784749,3,1017.144176
-9.070468,5,1017.235322
-14.394791,3,1017.438669
57.967614,5,1017.566852
-7.532706,6,1017.644501
57.694704,6,1017.775924
-10.991283,4,1018.155306
52.549956,8,1018.288503
58.385294,6,1018.398254
-8.634147,5,1018.531375
-13.627712,3,1018.622217
57.066154,7,1018.744326
-13.740902,3,1018.78842
56.860733,5,1019.117056
-13.703172,3,1019.187846
-10.991283,4,1019.337731
57.967614,5,1019.460044
57.592704,6,1019.576088
-13.740902,3,1019.636294
57.967614,5,1019.715944
56.046154,7,1019.795159
-14.647712,3,1019.85946
53.400439,4,1019.976661
-14.290712,3,1020.060218
59.099294,6,1020.165055
57.78954,7,1020.278107
59.099294,6,1020.350256
57.304614,5,1020.441472
-7.92446,7,1020.510653
57.304614,5,1020.703276
57.967614,5,1020.865582
57.967614,5,1021.199796
-13.476791,3,1021.275985
-8.211028,5,1021.518601
-14.904791,3,1021.773091
-14.904791,3,1022.00495
-5.900706,6,1022.045506
-14.266251,3,1022.124676
-13.627712,3,1022.19132
54.216439,4,1022.284619
-15.286251,3,1022.363716
-11.510587,4,1022.425447
53.55344,4,1022.777651
-11.406726,4,1022.867817
-12.222726,4,1022.954236
-13.476791,3,1023.249326
57.304614,5,1023.337026
-11.199004,4,1023.713639
-13.476791,3,1023.797343
-11.510587,4,1023.849912
53.55344,4,1024.075953
-14.394791,3,1024.277669
-12.987726,4,1024.37009
-13.627712,3,1024.426667
-14.496791,3,1024.65164
-7.425267,5,1025.09976
-13.476791,3,1025.183808
-14.658902,3,1025.246114
-14.443712,3,1025.334288
50.503209,3,1025.641784
53.400439,4,1025.994905
-11.406726,4,1026.082542
56.365853,5,1026.254054
-13.703172,3,1026.315705
-15.312791,3,1026.436945
-11.862004,4,1026.538011
54.216439,4,1026.842338
-12.324726,4,1026.960292
57.049614,5,1027.148644
-14.190791,3,1027.229778
57.574733,5,1027.482922
-8.838147,5,1027.774376
-12.222726,4,1027.918123
-14.621172,3,1027.978318
59.099294,6,1028.05142
-8.407468,5,1028.132149
57.151614,5,1028.239293
53.502439,4,1028.343475
-15.286251,3,1028.445812
-13.703172,3,1028.5094
-8.211028,5,1028.673666
-13.552251,3,1028.868514
-15.335172,3,1028.929624
54.216439,4,1029.017188
56.947614,5,1029.204413
-7.666476,6,1029.340287
-13.703172,3,1029.396042
-9.027028,5,1029.513738
53.55344,4,1029.606399
57.304614,5,1029.789953
57.967614,5,1029.977501
-14.292791,3,1030.22282
57.574733,5,1030.436492
-13.627712,3,1030.526389
-5.900706,6,1030.577882
-7.21046,7,1030.621745
59.099294,6,1030.709202
57.304614,5,1030.840476
56.197733,5,1031.036832
57.967614,5,1031.112798
50.809209,3,1031.500749
-7.277706,6,1031.624975
-10.991283,4,1031.710092
57.304614,5,1031.791205
-15.361712,3,1031.909458
57.253614,5,1032.058337
-10.783561,4,1032.176538
59.099294,6,1032.292708
-15.208712,3,1032.356433
-6.920706,6,1032.461616
56.095733,5,1032.726878
58.436294,6,1032.825878
-13.627712,3,1032.910236
57.967614,5,1033.075613
-12.326587,4,1033.143403
-14.290712,3,1033.208268
-14.139791,3,1033.531865
-11.199004,4,1033.642774
-12.324726,4,1033.754331
-11.510587,4,1033.818939
54.216439,4,1034.098566
-13.703172,3,1034.155173
-9.129028,5,1034.395526
58.436294,6,1034.489698
-7.21046,7,1034.744051
-14.368251,3,1035.026781
-12.989587,4,1035.086197
57.967614,5,1035.270491
57.253614,5,1035.394352
-12.224587,4,1035.467972
57.967614,5,1035.592978
-12.173587,4,1035.80429
-14.368251,3,1035.879894
53.294717,4,1036.097466
54.216439,4,1036.190631
57.967614,5,1036.371977
-7.818147,5,1036.514671
54.216439,4,1036.75956
54.216439,4,1037.000512
-6.716706,6,1037.092671
-13.740902,3,1037.160339
-8.407468,5,1037.279879
-14.545712,3,1037.375592
-14.190791,3,1037.719629
-9.945028,5,1037.854447
57.967614,5,1037.975224
57.967614,5,1038.070522
-8.407468,5,1038.147179
-13.740902,3,1038.206381
53.502439,4,1038.310315
54.216439,4,1038.626462
53.55344,4,1038.753343
53.55344,4,1039.009028
-12.674283,4,1039.257351
-13.627712,3,1039.320496
-14.647712,3,1039.397428
-11.199004,4,1039.491074
-13.740902,3,1039.544171
-13.627712,3,1039.603281
54.216439,4,1039.868933
54.216439,4,1039.966477
56.029614,5,1040.10542
57.967614,5,1040.433694
57.967614,5,1040.625593
-13.552251,3,1040.724571
-13.476791,3,1041.02673
57.722294,6,1041.126951
-15.565712,3,1041.190524
57.967614,5,1041.328601
56.947614,5,1041.421741
-12.117004,4,1041.774456
-11.510587,4,1041.833552
56.554733,5,1042.165996
-11.803561,4,1042.30664
-11.199004,4,1042.566245
53.502439,4,1042.664442
54.216439,4,1042.753613
-13.627712,3,1042.842403
-15.210791,3,1043.120412
53.55344,4,1043.479433
55.526767,7,1043.575607
-7.21046,7,1043.69876
-13.552251,3,1043.767874
-8.838147,5,1043.906512
-11.406726,4,1043.974385
-11.406726,4,1044.191137
53.196439,4,1044.38701
-14.341712,3,1044.470737
58.181294,6,1044.555603
54.216439,4,1044.806913
-8.736147,5,1044.925867
54.216439,4,1045.015753
-13.552251,3,1045.328125
-13.476791,3,1045.394248
-8.674771,6,1045.465891
-11.406726,4,1045.562944
58.510704,6,1045.66176
-13.552251,3,1045.97311
57.151614,5,1046.249292
-12.015004,4,1046.324595
59.099294,6,1046.369246
-14.403902,3,1046.435557
-15.312791,3,1046.698199
57.922114,6,1046.916401
-11.406726,4,1047.006616
57.967614,5,1047.103371
-13.627712,3,1047.164603
-10.991283,4,1047.494215
-12.368283,4,1047.789763
57.78954,7,1048.382065
59.099294,6,1048.474601
53.400439,4,1048.562482
-11.510587,4,1048.625076
-13.703172,3,1048.68666
57.967614,5,1048.73983
-7.960771,6,1048.986282
58.510704,6,1049.094815
-15.004712,3,1049.164463
-13.476791,3,1049.236974
53.29844,4,1049.488019
-11.406726,4,1049.571187
-14.454902,3,1049.619776
-11.510587,4,1049.682947
-5.900706,6,1049.790749
-7.21046,7,1049.832183
53.196439,4,1049.942841
58.079294,6,1050.038209
53.196439,4,1050.222776
50.707209,3,1050.643081
57.574733,5,1050.849113
-11.199004,4,1051.212698
54.216439,4,1051.290005
54.216439,4,1051.395203
-6.920706,6,1051.643579
-7.818147,5,1051.925599
-7.818147,5,1052.255916
59.099294,6,1052.42105
-11.807283,4,1052.504918
-8.407468,5,1052.733587
-14.341712,3,1052.7942
-7.818147,5,1052.857068
-13.703172,3,1052.913341
-13.089726,4,1053.005582
57.967614,5,1053.134188
-14.496791,3,1053.485591
-13.703172,3,1053.544275
-7.746386,5,1053.990357
-13.476791,3,1054.442132
53.55344,4,1054.67901
-13.740902,3,1054.732581
-11.654283,4,1055.024821
-11.510587,4,1055.262434
54.216439,4,1055.506825
-13.476791,3,1055.574754
-14.496791,3,1055.854586
-11.510587,4,1055.916011
-14.417172,3,1055.973033
-11.199004,4,1056.115099
-8.776771,6,1056.48191
-13.740902,3,1056.561935
53.29844,4,1056.66847
-12.324726,4,1056.758309
-13.627712,3,1056.859852
-13.627712,3,1056.942497
54.216439,4,1057.270356
-8.23046,7,1057.41186
-13.740902,3,1057.4695
-7.032386,5,1057.931276
58.283294,6,1058.020582
57.967614,5,1058.084216
-11.199004,4,1058.41781
57.967614,5,1058.821957
51.523209,3,1058.965349
-12.324726,4,1059.049153
50.860209,3,1059.334082
50.707209,3,1059.488366
-14.290712,3,1059.573312
-14.266251,3,1059.647954
53.400439,4,1059.778925
-10.991283,4,1059.989572
-14.290712,3,1060.050663
54.216439,4,1060.280253
-13.703172,3,1060.345145
-15.361712,3,1060.423
-14.496791,3,1060.772609
-14.292791,3,1061.02077
54.216439,4,1061.257194
-14.454902,3,1061.325446
-13.552251,3,1061.434116
54.216439,4,1061.649485
-10.783561,4,1062.128098
52.63544,4,1062.431401
-13.476791,3,1062.520628
-11.199004,4,1062.622011
-13.476791,3,1062.719105
53.400439,4,1062.960118
-13.627712,3,1063.044249
-14.190791,3,1063.114887
-12.224587,4,1063.169707
50.605209,3,1063.562162
57.967614,5,1063.634299
-10.783561,4,1063.776035
54.216439,4,1063.875965
-13.476791,3,1064.352387
50.605209,3,1064.855588
57.967614,5,1064.972237
-13.627712,3,1065.041343
-14.292791,3,1065.119776
57.967614,5,1065.193394
57.967614,5,1065.293094
-13.552251,3,1065.375433
53.502439,4,1065.543702
-11.199004,4,1065.646474
57.967614,5,1065.762127
-14.215251,3,1065.828992
-13.740902,3,1065.874075
54.216439,4,1066.066399
-5.900706,6,1066.308048
-10.783561,4,1066.43776
54.216439,4,1066.561232
-11.510587,4,1066.620346
53.400439,4,1066.760905
-13.476791,3,1067.004746
-13.552251,3,1067.05889
54.216439,4,1067.455594
-12.324726,4,1067.543136
53.196439,4,1067.640413
-7.032386,5,1068.079242
51.523209,3,1068.603963
54.216439,4,1068.792634
-13.740902,3,1068.85393
-13.740902,3,1068.912112
53.400439,4,1069.144045
-14.572251,3,1069.213634
53.196439,4,1069.380741
-5.900706,6,1069.472121
-7.736706,6,1069.704063
57.253614,5,1069.820875
57.967614,5,1069.902744
54.216439,4,1069.999112
54.216439,4,1070.06606
-14.290712,3,1070.136032
-8.686476,6,1070.460301
-13.740902,3,1070.518967
53.502439,4,1070.720279
-7.032386,5,1071.297845
-13.740902,3,1071.356798
56.386614,5,1071.473128
54.216439,4,1071.669627
-13.703172,3,1071.737209
54.216439,4,1071.85752
-5.900706,6,1071.991419
-13.552251,3,1072.221141
57.967614,5,1072.292235
53.29844,4,1072.39596
-14.443712,3,1072.472888
-11.510587,4,1072.534974
-11.199004,4,1072.858711
57.049614,5,1072.909774
-11.510587,4,1072.960692
54.216439,4,1073.207776
-13.740902,3,1073.272866
-14.394791,3,1073.345609
-15.372902,3,1073.39319
50.707209,3,1073.578341
-13.703172,3,1073.628968
54.216439,4,1073.85306
50.707209,3,1074.046089
57.967614,5,1074.142324
-6.716706,6,1074.193944
-13.627712,3,1074.258189
52.53344,4,1074.486762
-14.341712,3,1074.59936
56.947614,5,1074.696619
-14.215251,3,1074.792845
54.216439,4,1074.893095
-14.647712,3,1074.998159
-14.454902,3,1075.059763
57.304614,5,1075.149806
-8.211028,5,1075.232445
-5.900706,6,1075.270994
-10.783561,4,1075.716664
-10.991283,4,1075.850446
57.181853,5,1076.003748
-14.572251,3,1076.108907
51.523209,3,1076.4386
54.216439,4,1076.777248
-13.740902,3,1076.833321
57.049614,5,1076.9312
-14.621172,3,1076.999935
53.196439,4,1077.218344
-14.470251,3,1077.327554
54.216439,4,1077.547708
-7.032386,5,1078.018996
53.29844,4,1078.255927
54.216439,4,1078.346117
57.049614,5,1078.527951
53.196439,4,1078.91006
57.304614,5,1079.020251
-12.224587,4,1079.077836
50.503209,3,1079.343373
-13.703172,3,1079.410855
54.216439,4,1079.786259
-13.627712,3,1079.892423
57.967614,5,1079.962555
54.216439,4,1080.101454
-12.011283,4,1080.40781
54.216439,4,1080.643382
53.29844,4,1080.782898
-10.783561,4,1080.925279
54.216439,4,1081.157086
57.049614,5,1081.32434
-8.088267,5,1081.606652
-13.740902,3,1081.661222
-13.740902,3,1081.723814
-14.292791,3,1081.797417
58.436294,6,1081.901099
57.967614,5,1082.076363
54.216439,4,1082.308482
-14.292791,3,1082.38621
54.216439,4,1082.517575
54.216439,4,1082.759028
53.29844,4,1082.986633
57.967614,5,1083.045714
-13.476791,3,1083.1297
-14.545712,3,1083.227546
-13.627712,3,1083.287625
-13.552251,3,1083.359732
-13.740902,3,1083.427791
57.967614,5,1083.493377
-13.552251,3,1083.803995
57.049614,5,1084.140991
54.216439,4,1084.349552
-13.740902,3,1084.411164
56.947614,5,1084.527824
54.216439,4,1084.614098
53.196439,4,1084.746448
53.196439,4,1084.975983
-8.052386,5,1085.485724
-14.621172,3,1085.552505
57.967614,5,1085.646276
54.216439,4,1085.800673
57.967614,5,1085.944378
-14.519172,3,1086.001088
57.967614,5,1086.085982
-13.627712,3,1086.196526
-13.740902,3,1086.26011
53.55344,4,1086.335256
-13.703172,3,1086.403528
54.216439,4,1086.594316
-10.783561,4,1086.719126
57.967614,5,1087.043097
-13.476791,3,1087.294489
54.008717,4,1087.446269
-8.407468,5,1087.505757
-13.627712,3,1087.552488
-13.552251,3,1087.664769
-10.783561,4,1087.930384
57.967614,5,1088.25317
-13.476791,3,1088.326764
54.216439,4,1088.468635
54.216439,4,1088.635537
53.502439,4,1088.984921
57.049614,5,1089.095087
-14.417172,3,1089.157157
-10.991283,4,1089.460717
53.196439,4,1089.710596
54.216439,4,1089.964797
51.523209,3,1090.165816
-14.519172,3,1090.223396
-13.627712,3,1090.335177
51.523209,3,1090.672644
-11.406726,4,1090.760385
-11.705283,4,1090.906596
57.967614,5,1090.972754
50.707209,3,1091.128994
-11.510587,4,1091.197121
54.216439,4,1091.438975
54.216439,4,1091.80623
-14.190791,3,1091.901339
-14.292791,3,1092.027036
-10.991283,4,1092.11275
-15.159791,3,1092.605274
-13.476791,3,1092.683613
56.947614,5,1092.905501
53.502439,4,1093.013597
52.27844,4,1093.391678
-12.326587,4,1093.450482
-14.139791,3,1093.509567
-10.783561,4,1093.667829
-13.627712,3,1093.756396
-14.647712,3,1094.059213
54.216439,4,1094.308394
57.151614,5,1094.411013
-8.532147,5,1094.718694
54.216439,4,1094.77658
-7.21046,7,1094.829208
-14.556902,3,1094.886565
-13.552251,3,1095.200181
-7.328706,6,1095.272789
-10.783561,4,1095.655591
54.216439,4,1095.782561
-7.032386,5,1096.270131
-13.703172,3,1096.336735
-13.627712,3,1096.43136
-13.627712,3,1096.543973
57.304614,5,1096.611053
-13.476791,3,1096.902545
52.176439,4,1097.225261
-8.407468,5,1097.298243
54.216439,4,1097.392759
50.707209,3,1097.705856
51.523209,3,1098.148571
-5.900706,6,1098.196779
-11.406726,4,1098.279685
53.196439,4,1098.521222
-10.991283,4,1098.661722
50.503209,3,1098.977323
54.216439,4,1099.22546
-8.211028,5,1099.480081
54.216439,4,1099.744902
-5.900706,6,1099.788516
57.967614,5,1099.866808
54.216439,4,1100.023034
-5.900706,6,1100.069817
54.216439,4,1100.168921
53.502439,4,1100.261557
-8.874028,5,1100.36289
-13.552251,3,1100.429993
54.216439,4,1100.811028
54.008717,4,1100.955014
-13.476791,3,1101.190943
57.967614,5,1101.259594
-15.312791,3,1101.544538
-14.723172,3,1101.597172
-13.476791,3,1101.653778
-13.703172,3,1101.719906
53.196439,4,1101.821575
-14.190791,3,1101.884378
-14.366172,3,1101.936959
51.523209,3,1102.106245
51.523209,3,1102.55465
-14.403902,3,1102.61058
-12.933004,4,1102.685295
-13.476791,3,1103.140312
50.503209,3,1103.405955
-14.496791,3,1103.488221
54.216439,4,1103.588376
53.55344,4,1103.686467
-13.476791,3,1103.824467
-13.476791,3,1104.142702
-14.139791,3,1104.20829
54.216439,4,1104.468161
-13.476791,3,1104.542012
-13.476791,3,1104.810809
-14.556902,3,1104.870423
-14.139791,3,1105.136027
-14.266251,3,1105.225242
51.523209,3,1105.675878
-14.292791,3,1105.7367
-14.496791,3,1105.968399
-14.394791,3,1106.033019
-13.552251,3,1106.107041
-13.476791,3,1106.349982
-13.476791,3,1106.422705
-11.406726,4,1106.540386
54.216439,4,1106.636381
-13.627712,3,1106.704017
-15.210791,3,1106.947169
-11.199004,4,1107.036327
53.502439,4,1107.273004
-11.406726,4,1107.36568
54.216439,4,1107.52111
54.216439,4,1107.613944
53.090717,4,1107.874569
-13.627712,3,1107.944792
-5.900706,6,1107.987958
54.216439,4,1108.216307
-14.454902,3,1108.269369
-7.032386,5,1108.864446
-14.139791,3,1109.100393
-14.292791,3,1109.359935
-13.627712,3,1109.426043
54.216439,4,1109.656939
53.196439,4,1110.021218
54.216439,4,1110.243946
57.967614,5,1110.316755
50.605209,3,1110.757897
-7.032386,5,1111.23188
54.216439,4,1111.485003
53.196439,4,1111.69788
-13.703172,3,1111.769179
53.502439,4,1111.890713
-7.695386,5,1112.513075
53.400439,4,1112.666401
50.503209,3,1112.791621
-13.476791,3,1113.023276
54.216439,4,1113.219108
54.008717,4,1113.495557
54.216439,4,1113.711924
54.216439,4,1113.95999
53.55344,4,1114.067308
-13.740902,3,1114.127428
52.83944,4,1114.230511
-13.627712,3,1114.285613
57.049614,5,1114.341701
-13.552251,3,1114.56756
54.216439,4,1114.957901
-13.476791,3,1115.073956
-7.032386,5,1115.62774
-14.139791,3,1115.864127
53.55344,4,1115.980134
-14.190791,3,1116.069585
54.216439,4,1116.24295
-14.394791,3,1116.46218
-13.476791,3,1116.592898
-8.211028,5,1116.683172
-10.783561,4,1117.094016
-13.740902,3,1117.151132
54.216439,4,1117.381519
-13.627712,3,1117.473002
52.584439,4,1117.620875
54.216439,4,1117.955901
57.967614,5,1118.072251
54.216439,4,1118.293948
-13.476791,3,1118.36881
-14.190791,3,1118.592326
57.967614,5,1118.702969
-12.069726,4,1118.839188
-13.627712,3,1118.925596
-11.862004,4,1118.999517
52.737439,4,1119.160764
-13.703172,3,1119.219056
-13.703172,3,1119.275663
-13.627712,3,1119.349766
51.523209,3,1119.770685
50.631749,3,1120.129776
53.29844,4,1120.447647
-7.032386,5,1121.045452
-10.783561,4,1121.141592
-13.552251,3,1121.256989
53.55344,4,1121.597816
53.400439,4,1121.738255
-13.476791,3,1122.041435
54.216439,4,1122.154977
54.216439,4,1122.37615
-13.703172,3,1122.424518
54.216439,4,1122.526141
-13.476791,3,1122.6771
54.216439,4,1122.893803
54.216439,4,1123.112082
53.400439,4,1123.426173
54.216439,4,1123.597807
-10.783561,4,1123.703068
-11.510587,4,1123.771978
54.216439,4,1124.024879
-14.496791,3,1124.086209
-12.426726,4,1124.148365
-8.407468,5,1124.270154
-7.032386,5,1124.5412
-13.552251,3,1124.716536
-10.783561,4,1124.879669
57.967614,5,1124.995878
54.216439,4,1125.214651
-11.199004,4,1125.325916
-11.199004,4,1125.7034
52.482439,4,1125.880872
-10.991283,4,1126.015061
57.967614,5,1126.10096
57.263294,6,1126.425122
-12.428587,4,1126.511525
-14.292791,3,1126.829291
-11.406726,4,1126.907654
54.008717,4,1127.041365
57.967614,5,1127.097478
-13.476791,3,1127.364609
53.55344,4,1127.57973
-14.723172,3,1127.640343
57.967614,5,1127.810167
57.151614,5,1127.897676
-12.530587,4,1127.951387
-12.219004,4,1128.040033
54.216439,4,1128.28552
53.502439,4,1128.404571
-13.552251,3,1128.500322
54.216439,4,1128.698609
54.216439,4,1128.870353
57.253614,5,1128.934376
-8.052386,5,1129.386786
-8.955267,5,1129.514124
57.967614,5,1129.56787
53.29844,4,1129.769854
-14.341712,3,1129.863393
-11.406726,4,1129.993747
57.967614,5,1130.107369
-14.658902,3,1130.167995
-13.703172,3,1130.222223
-13.740902,3,1130.278524
57.151614,5,1130.388245
57.967614,5,1130.514419
54.008717,4,1130.691665
57.574733,5,1130.874508
53.345717,4,1131.313265
-12.224587,4,1131.35564
-14.545712,3,1131.412401
-11.913004,4,1131.519133
-11.70156,4,1132.019054
53.55344,4,1132.219485
-11.199004,4,1132.383285
-11.199004,4,1132.516355
-15.004712,3,1132.59691
-7.032386,5,1133.028356
54.216439,4,1133.136739
-10.783561,4,1133.291278
-14.417172,3,1133.349634
-11.510587,4,1133.412292
54.216439,4,1133.52008
-15.565712,3,1133.642499
52.53344,4,1133.880398
57.967614,5,1133.982296
53.55344,4,1134.161843
54.216439,4,1134.337847
-7.818147,5,1134.681085
-13.740902,3,1134.733165
54.216439,4,1134.921725
-14.290712,3,1134.989896
58.181294,6,1135.056583
-11.510587,4,1135.108291
-10.783561,4,1135.377221
53.196439,4,1135.544019
-13.476791,3,1135.621622
52.83944,4,1135.87504
53.55344,4,1136.253199
54.216439,4,1136.361775
-14.443712,3,1136.441935
-14.215251,3,1136.533226
54.216439,4,1136.865198
-14.658902,3,1136.920782
-13.740902,3,1136.988408
-12.882004,4,1137.077755
-10.783561,4,1137.57987
-10.783561,4,1137.693755
54.216439,4,1137.889768
-13.552251,3,1138.230194
-11.44656,4,1138.720728
59.099294,6,1138.809618
54.216439,4,1138.98822
-11.406726,4,1139.078394
-11.510587,4,1139.123998
50.529749,3,1139.480746
54.216439,4,1139.714896
-8.407468,5,1139.935503
53.502439,4,1140.19785
54.216439,4,1140.337801
-13.476791,3,1140.559661
-13.703172,3,1140.617251
54.216439,4,1140.731035
-14.545712,3,1140.824783
57.151614,5,1140.917964
-13.703172,3,1140.988063
-14.723172,3,1141.030635
-7.695386,5,1141.101906
-13.740902,3,1141.158949
51.523209,3,1141.358877
53.29844,4,1141.753725
57.967614,5,1141.865271
-13.627712,3,1141.9292
-11.497561,4,1142.421119
-13.476791,3,1142.492731
51.523209,3,1142.837564
-14.470251,3,1142.90944
53.196439,4,1143.010696
53.196439,4,1143.251924
-12.117004,4,1143.366985
54.216439,4,1143.609789
-10.783561,4,1143.745502
57.967614,5,1143.8588
-10.783561,4,1143.99249
53.29844,4,1144.232134
-11.406726,4,1144.307754
53.55344,4,1144.546265
-12.21156,4,1144.9748
54.216439,4,1145.203334
54.216439,4,1145.386928
54.216439,4,1145.712615
54.216439,4,1145.842047
53.502439,4,1146.035157
57.967614,5,1146.089768
54.216439,4,1146.321564
51.523209,3,1146.484324
-13.476791,3,1146.561824
-13.476791,3,1146.622698
-13.476791,3,1146.871993
-13.476791,3,1146.934376
-13.476791,3,1147.218923
-13.703172,3,1147.261508
53.196439,4,1147.513473
50.809209,3,1147.642364
-13.476791,3,1147.891006
-13.476791,3,1147.975778
53.29844,4,1148.255548
50.707209,3,1148.658645
-14.139791,3,1148.89818
-13.476791,3,1148.961793
-15.057791,3,1149.206921
-11.654283,4,1149.50671
-14.394791,3,1149.642254
51.523209,3,1150.085771
-13.552251,3,1150.167222
51.523209,3,1150.332425
-14.190791,3,1150.572284
-13.476791,3,1150.867478
-13.476791,3,1151.154867
-13.476791,3,1151.454664
-12.326587,4,1151.516416
-13.476791,3,1151.751833
-14.190791,3,1152.183564
-14.190791,3,1152.466679
-13.476791,3,1152.757281
-14.496791,3,1152.980172
-13.476791,3,1153.076938
-13.476791,3,1153.33789
49.687209,3,1153.457857
51.523209,3,1153.613888
-13.476791,3,1153.679865
-13.476791,3,1153.967013
-14.341712,3,1154.035909
51.523209,3,1154.29858
51.523209,3,1154.687705
-12.428587,4,1154.863503
-11.803561,4,1155.167769
54.216439,4,1155.260466
57.967614,5,1155.355753
-15.159791,3,1155.494945
-14.292791,3,1155.738389
54.216439,4,1155.958306
50.707209,3,1156.409497
-13.740902,3,1156.475618
-11.199004,4,1156.565911
-14.292791,3,1156.792725
-15.437172,3,1156.851205
54.216439,4,1157.196852
-14.417172,3,1157.261561
-5.900706,6,1157.300628
51.523209,3,1157.493979
-13.476791,3,1157.773005
-14.394791,3,1157.86146
-13.476791,3,1157.9253
-11.44656,4,1158.221078
-13.703172,3,1158.279413
-13.476791,3,1158.51384
53.29844,4,1158.760263
-13.627712,3,1158.830207
53.294717,4,1158.988794
-13.476791,3,1159.263954
53.502439,4,1159.379781
-13.627712,3,1159.440202
-13.476791,3,1159.511808
-15.312791,3,1159.948353
-14.139791,3,1160.240375
-10.783561,4,1160.379148
53.400439,4,1160.692749
51.523209,3,1161.099717
-14.341712,3,1161.16947
-14.290712,3,1161.276211
54.216439,4,1161.397471
-13.476791,3,1161.62541
-13.627712,3,1161.690502
53.400439,4,1161.948951
-13.740902,3,1162.016602
-13.476791,3,1162.095733
54.216439,4,1162.330775
-13.703172,3,1162.395138
-14.572251,3,1162.585945
-11.803561,4,1162.735013
-15.006791,3,1162.972097
57.967614,5,1163.129709
-7.695386,5,1163.204344
-13.476791,3,1163.713713
54.216439,4,1163.928933
-14.658902,3,1163.998525
54.216439,4,1164.095092
54.216439,4,1164.215153
-11.803561,4,1164.287301
51.447749,3,1164.708734
54.216439,4,1165.09271
50.503209,3,1165.506629
54.216439,4,1165.753909
54.216439,4,1165.996843
52.58444,4,1166.189653
-11.199004,4,1166.553083
-13.740902,3,1166.621774
54.216439,4,1166.862747
53.55344,4,1167.100724
-12.428587,4,1167.328689
54.216439,4,1167.516318
-14.417172,3,1167.563913
54.216439,4,1167.659547
54.216439,4,1167.839811
54.216439,4,1168.063702
53.090717,4,1168.479983
54.216439,4,1168.801747
-8.838147,5,1168.929193
-14.403902,3,1168.990227
-11.406726,4,1169.061974
-13.476791,3,1169.295282
-13.740902,3,1169.353876
54.216439,4,1169.729776
-10.783561,4,1169.866714
57.574733,5,1170.041131
-14.647712,3,1170.161885
-11.497561,4,1170.492472
-13.703172,3,1170.559162
-14.454902,3,1170.618752
-13.627712,3,1170.724265
-12.530587,4,1170.786505
-12.117004,4,1171.07461
53.29844,4,1171.264255
53.29844,4,1171.355098
-10.783561,4,1171.462257
54.216439,4,1171.701937
-13.476791,3,1172.016254
54.216439,4,1172.112267
53.400439,4,1172.380557
-14.545712,3,1172.457201
-10.783561,4,1172.975321
-13.552251,3,1173.030436
-12.426726,4,1173.115623
-11.199004,4,1173.219143
-13.476791,3,1173.45692
54.008717,4,1173.884148
53.400439,4,1174.114274
-13.627712,3,1174.178952
53.196439,4,1174.556514
53.29844,4,1174.737695
-13.703172,3,1174.802872
53.29844,4,1175.111459
-13.740902,3,1175.173254
53.196439,4,1175.406138
51.523209,3,1175.546858
54.216439,4,1175.79692
-14.366172,3,1175.864244
53.55344,4,1176.021106
54.216439,4,1176.127804
54.216439,4,1176.36905
57.151614,5,1176.435192
53.29844,4,1176.650017
54.216439,4,1176.978112
-14.443712,3,1177.064126
-14.292791,3,1177.285567
-7.032386,5,1177.743156
57.967614,5,1177.868449
54.216439,4,1178.167738
53.29844,4,1178.405925
-10.783561,4,1178.501719
-13.627712,3,1178.57448
-14.572251,3,1178.665123
-13.627712,3,1178.770342
-14.139791,3,1178.851948
54.216439,4,1179.062567
51.523209,3,1179.428386
51.523209,3,1179.590028
-12.426726,4,1179.696209
-13.627712,3,1179.756328
53.400439,4,1179.846276
54.216439,4,1180.235188
54.216439,4,1180.455539
-12.530587,4,1180.512121
53.55344,4,1180.727989
54.216439,4,1180.89939
-13.740902,3,1180.962488
53.502439,4,1181.210068
54.216439,4,1181.591097
57.304614,5,1181.691422
53.502439,4,1181.99404
-12.326587,4,1182.191384
53.502439,4,1182.284094
-10.783561,4,1182.424917
57.253614,5,1182.482488
-13.552251,3,1182.583137
54.216439,4,1182.804675
52.482439,4,1183.12289
-11.44656,4,1183.278239
53.400439,4,1183.467819
-14.443712,3,1183.585969
-14.292791,3,1183.812004
54.216439,4,1184.192662
-11.70156,4,1184.326183
54.216439,4,1185.056498
57.967614,5,1185.17907
54.216439,4,1185.519517
-15.286251,3,1185.698713
-11.510587,4,1185.759738
-11.70156,4,1186.177552
-11.913004,4,1186.260771
54.008717,4,1186.585063
54.216439,4,1186.832628
57.967614,5,1186.95944
-10.991283,4,1187.103981
-13.552251,3,1187.196164
-10.783561,4,1187.687276
53.502439,4,1187.946887
-10.783561,4,1188.374292
-11.406726,4,1188.481632
57.967614,5,1188.561502
53.55344,4,1188.70172
-13.740902,3,1188.763382
58.079294,6,1188.850585
-13.740902,3,1188.919661
57.967614,5,1188.972091
53.55344,4,1189.158991
-13.476791,3,1189.381944
53.55344,4,1189.61345
53.29844,4,1189.977639
54.216439,4,1190.215659
54.216439,4,1190.44554
-14.394791,3,1190.672969
53.502439,4,1190.919001
50.605209,3,1191.311141
-13.476791,3,1191.38949
53.400439,4,1191.709359
54.216439,4,1191.909834
-7.950386,5,1191.977416
50.860209,3,1192.111732
-14.368251,3,1192.210191
-14.290712,3,1192.296333
53.502439,4,1192.608348
54.216439,4,1192.837917
-11.510587,4,1192.894509
-7.695386,5,1192.968574
54.216439,4,1193.197747
-13.552251,3,1193.286284
-12.117004,4,1193.384823
54.216439,4,1193.485009
-7.695386,5,1193.562471
-14.292791,3,1193.909958
50.860209,3,1194.042848
-14.292791,3,1194.284848
-13.627712,3,1194.349966
52.482439,4,1194.579027
53.29844,4,1194.673205
51.523209,3,1194.81769
-14.621172,3,1194.885722
-13.740902,3,1194.954355
-14.394791,3,1195.188468
54.216439,4,1195.297458
-14.519172,3,1195.346645
53.55344,4,1195.589657
54.216439,4,1195.748411
-7.032386,5,1195.821959
-10.783561,4,1195.958476
54.008717,4,1196.069607
-13.740902,3,1196.127725
54.216439,4,1196.232553
-11.406726,4,1196.362508
-7.032386,5,1196.459289
57.967614,5,1196.522199
-10.783561,4,1196.64791
54.216439,4,1196.737196
-10.783561,4,1196.88914
-13.703172,3,1196.953176
-10.783561,4,1197.370498
53.55344,4,1197.579746
54.216439,4,1197.892869
-13.703172,3,1197.950039
-14.394791,3,1198.167432
-15.006791,3,1198.457461
-13.476791,3,1198.937645
54.216439,4,1199.137108
51.523209,3,1199.303651
-13.476791,3,1199.51868
-14.496791,3,1199.746336
-13.476791,3,1200.056269
-13.476791,3,1200.296183
-13.476791,3,1200.530516
-12.015004,4,1200.630179
-13.476791,3,1201.127212
-13.476791,3,1201.356235
54.216439,4,1201.61181
-13.476791,3,1201.675677
-14.190791,3,1201.931718
-15.312791,3,1202.163157
-14.292791,3,1202.429136
-13.552251,3,1202.53929
-14.496791,3,1202.781956
-13.476791,3,1202.862911
-14.403902,3,1202.925631
-14.292791,3,1203.223137
-14.496791,3,1203.451579
-14.394791,3,1203.744426
-14.394791,3,1203.820606
-13.476791,3,1204.271375
-14.496791,3,1204.551463
-13.476791,3,1204.905051
-14.496791,3,1205.015774
-13.476791,3,1205.284636
-11.199004,4,1205.378497
50.503209,3,1205.650544
50.503209,3,1205.862607
-13.476791,3,1206.089105
-13.476791,3,1206.36333
-11.913004,4,1206.492622
51.523209,3,1206.624473
51.523209,3,1206.765678
-13.476791,3,1206.983099
-11.199004,4,1207.104778
-11.803561,4,1207.422194
-11.199004,4,1207.528036
-14.394791,3,1207.764584
54.216439,4,1208.134637
-11.497561,4,1208.472213
54.216439,4,1208.542307
54.216439,4,1208.722621
57.967614,5,1208.901393
-13.476791,3,1209.138668
-13.552251,3,1209.225816
-13.703172,3,1209.284388
-10.783561,4,1209.727123
-11.44656,4,1210.047375
53.29844,4,1210.152038
54.216439,4,1210.258719
-14.190791,3,1210.499174
-11.497561,4,1210.64463
52.380439,4,1210.728389
54.216439,4,1210.958722
-13.627712,3,1211.183736
-13.476791,3,1211.426271
54.216439,4,1211.528511
-13.552251,3,1211.748999
54.216439,4,1212.066542
52.380439,4,1212.293499
57.049614,5,1212.368821
-14.368251,3,1212.495808
57.967614,5,1212.572479
57.967614,5,1212.690297
50.707209,3,1212.801971
-13.476791,3,1212.8888
-14.190791,3,1212.968939
-11.199004,4,1213.273433
-13.703172,3,1213.338246
54.216439,4,1213.669228
-14.454902,3,1213.729755
-10.783561,4,1214.220805
-12.627004,4,1214.451564
-14.417172,3,1214.516165
54.216439,4,1214.699036
57.967614,5,1214.833735
54.216439,4,1214.925672
54.216439,4,1215.1258
-12.120726,4,1215.234976
54.216439,4,1215.339107
-13.476791,3,1215.406884
-11.406726,4,1215.495519
-11.510587,4,1215.559406
54.216439,4,1215.66102
53.29844,4,1215.760583
-7.032386,5,1215.841035
54.216439,4,1216.049629
54.216439,4,1216.24314
54.216439,4,1216.334809
-10.783561,4,1216.462317
53.502439,4,1216.573003
53.502439,4,1216.772646
-7.746386,5,1216.862028
-13.552251,3,1216.945155
-13.740902,3,1217.013767
54.008717,4,1217.345449
53.400439,4,1217.513746
53.55344,4,1217.707279
54.216439,4,1217.806607
53.502439,4,1217.917486
57.967614,5,1217.983289
54.008717,4,1218.313098
54.216439,4,1218.426691
53.55344,4,1218.625585
-11.406726,4,1218.69669
-13.703172,3,1218.757379
-11.406726,4,1218.840029
-10.783561,4,1219.254656
50.860209,3,1219.375394
-13.740902,3,1219.429966
57.967614,5,1219.500286
-13.740902,3,1219.563376
53.400439,4,1219.759837
-12.069726,4,1219.848479
-10.783561,4,1220.128563
58.181294,6,1220.238609
57.151614,5,1220.333741
54.216439,4,1220.505968
54.216439,4,1220.686552
54.216439,4,1220.900021
53.502439,4,1221.051129
54.216439,4,1221.239181
50.503209,3,1221.554037
57.967614,5,1221.807054
-15.463712,3,1221.920025
-13.552251,3,1222.030697
54.216439,4,1222.196109
-12.224587,4,1222.246682
54.216439,4,1222.449296
-11.599561,4,1222.940635
-11.70156,4,1223.272434
54.216439,4,1223.403765
53.29844,4,1223.715688
-14.139791,3,1223.953317
-8.613386,5,1224.43488
-13.740902,3,1224.492501
-10.783561,4,1225.123632
54.216439,4,1225.35713
54.216439,4,1225.444964
53.196439,4,1225.781159
-13.627712,3,1225.900444
54.216439,4,1226.20016
51.523209,3,1226.354695
-11.44656,4,1226.503609
54.216439,4,1226.756734
-13.740902,3,1226.819157
-12.530587,4,1226.884988
54.216439,4,1227.27596
-13.476791,3,1227.580543
54.216439,4,1227.895193
-10.783561,4,1228.039248
-11.803561,4,1228.496804
-13.740902,3,1228.566618
-11.199004,4,1228.656941
-13.142588,4,1228.861824
-14.394791,3,1228.965059
53.29844,4,1229.198887
53.196439,4,1229.299629
54.216439,4,1229.534151
-14.292791,3,1229.79983
53.400439,4,1229.983473
-10.783561,4,1230.304864
54.216439,4,1230.406548
54.216439,4,1230.759222
-10.783561,4,1230.906984
54.216439,4,1230.989057
54.216439,4,1231.110027
-7.032386,5,1231.216441
54.216439,4,1231.331202
-7.032386,5,1231.445211
53.502439,4,1231.80722
-15.667712,3,1231.867258
-10.783561,4,1231.970597
54.008717,4,1232.305371
-12.326587,4,1232.373968
53.400439,4,1232.71735
57.967614,5,1232.814084
-12.783726,4,1232.905369
54.216439,4,1233.216124
57.151614,5,1233.298806
-13.703172,3,1233.362483
57.181853,5,1233.460676
54.216439,4,1233.567329
57.967614,5,1233.672114
-7.032386,5,1233.748978
54.216439,4,1233.866145
-11.654283,4,1234.22026
53.502439,4,1234.355925
-11.70156,4,1234.70882
52.737439,4,1234.822551
-14.190791,3,1235.093226
54.216439,4,1235.300958
-11.803561,4,1235.433008
54.216439,4,1235.835862
-13.476791,3,1236.134778
54.216439,4,1236.52967
54.216439,4,1236.634909
-12.324726,4,1236.732427
57.967614,5,1236.857457
-7.032386,5,1237.557266
54.216439,4,1237.660095
-14.556902,3,1237.727373
54.216439,4,1237.966266
-14.470251,3,1238.376171
54.216439,4,1238.641747
-15.108791,3,1238.779848
-11.406726,4,1238.925215
50.044209,3,1239.433848
-10.783561,4,1239.807212
-13.476791,3,1239.875205
51.523209,3,1240.488565
-14.266251,3,1240.834914
-10.991283,4,1240.968399
54.216439,4,1241.204193
54.216439,4,1241.466205
-10.783561,4,1241.623454
54.216439,4,1241.726866
53.502439,4,1241.978461
-11.70156,4,1242.340175
54.216439,4,1242.459445
53.196439,4,1242.722142
-11.406726,4,1242.792431
-11.803561,4,1243.143531
-13.552251,3,1243.220119
57.967614,5,1243.675377
-11.497561,4,1244.208245
54.216439,4,1244.317495
54.216439,4,1244.546587
54.216439,4,1244.984296
54.216439,4,1245.083889
53.55344,4,1245.282855
-10.783561,4,1245.643937
-7.032386,5,1245.762282
-7.032386,5,1245.847961
-14.443712,3,1245.922139
-7.032386,5,1246.052359
-13.476791,3,1246.117996
-8.211028,5,1246.203512
-14.139791,3,1246.333323
54.216439,4,1246.602243
-13.740902,3,1246.663888
54.216439,4,1246.789091
53.55344,4,1247.192916
56.365853,5,1247.333478
-8.868386,5,1247.833736
-12.224587,4,1248.146594
-14.266251,3,1248.23381
-11.199004,4,1248.383665
55.993733,5,1248.580531
53.55344,4,1248.68787
-8.664386,5,1248.763031
-11.510587,4,1248.832106
54.216439,4,1248.926529
54.216439,4,1249.033986
-13.552251,3,1249.133814
53.400439,4,1249.232344
-7.032386,5,1249.313887
-14.394791,3,1249.682158
-14.341712,3,1249.762202
-13.476791,3,1249.861507
-10.783561,4,1250.20648
-14.760902,3,1250.276554
-10.783561,4,1250.420509
-13.476791,3,1250.492302
-13.476791,3,1250.730402
-13.476791,3,1251.04515
51.523209,3,1251.529325
-13.476791,3,1251.617517
-13.627712,3,1251.716091
54.216439,4,1251.976804
-13.476791,3,1252.289437
-13.476791,3,1252.673659
-14.496791,3,1252.768136
54.216439,4,1253.018124
50.707209,3,1253.50664
-13.627712,3,1253.61403
-14.394791,3,1253.985148
-13.476791,3,1254.313557
-13.476791,3,1254.624298
-14.368251,3,1254.720992
-15.414791,3,1254.965413
-13.552251,3,1255.096821
-10.783561,4,1255.273561
-13.740902,3,1255.332255
49.789209,3,1255.932654
-14.292791,3,1256.466933
-13.552251,3,1256.565387
-13.552251,3,1256.678514
-10.783561,4,1256.853462
53.55344,4,1257.188455
-14.443712,3,1257.290257
-13.476791,3,1257.562273
54.216439,4,1257.97549
-13.476791,3,1258.134434
54.216439,4,1258.257542
-13.476791,3,1258.606751
54.216439,4,1258.682777
50.860209,3,1259.143793
49.789209,3,1259.601095
-13.476791,3,1259.683712
54.216439,4,1259.787964
-13.476791,3,1259.862615
54.216439,4,1260.034369
-10.783561,4,1260.38595
-13.476791,3,1260.636196
54.216439,4,1260.857308
-14.496791,3,1261.18587
-11.803561,4,1261.328979
-13.476791,3,1261.40878
-14.190791,3,1261.88688
-11.510587,4,1261.959678
-13.476791,3,1262.212609
50.809209,3,1262.534463
51.523209,3,1262.997725
-10.991283,4,1263.131806
-13.476791,3,1263.22005
53.29844,4,1263.557705
-14.190791,3,1263.648965
-14.496791,3,1264.177282
-14.572251,3,1264.289467
51.523209,3,1264.4496
-13.476791,3,1264.544039
-14.394791,3,1264.800759
51.523209,3,1264.961632
-13.476791,3,1265.09091
-14.292791,3,1265.184044
-13.476791,3,1265.475593
54.216439,4,1265.717455
-13.476791,3,1266.058413
-13.476791,3,1266.133555
-11.510587,4,1266.203193
-14.394791,3,1266.489418
-13.476791,3,1266.579283
-14.139791,3,1266.829373
-13.476791,3,1266.92419
-13.740902,3,1266.984254
-13.476791,3,1267.230418
-13.476791,3,1267.301044
-13.476791,3,1267.622249
-14.190791,3,1267.94027
-14.366172,3,1268.002934
-12.120726,4,1268.096391
-11.497561,4,1268.244736
-14.139791,3,1268.311083
54.216439,4,1268.377911
-13.476791,3,1268.624613
-13.476791,3,1268.877399
-10.783561,4,1269.23464
-14.394791,3,1269.53739
53.55344,4,1269.836277
-10.783561,4,1269.989646
-13.703172,3,1270.057364
-13.476791,3,1270.355348
-14.496791,3,1270.647333
-13.476791,3,1270.890635
-11.406726,4,1270.983717
-13.703172,3,1271.047868
-14.292791,3,1271.316756
-7.818147,5,1271.528371
-10.783561,4,1271.67419
53.55344,4,1271.92128
53.502439,4,1272.04058
54.216439,4,1272.4365
51.523209,3,1272.703839
-12.224587,4,1272.767718
59.099294,6,1272.873204
53.400439,4,1273.055514
-11.44656,4,1273.475278
53.55344,4,1273.733803
-10.783561,4,1273.891957
-13.476791,3,1274.136883
54.216439,4,1274.259952
-13.476791,3,1274.327633
54.216439,4,1274.581401
51.523209,3,1274.941826
51.523209,3,1275.118629
-10.783561,4,1275.259476
51.523209,3,1275.49947
-13.476791,3,1275.984342
-11.406726,4,1276.103208
-13.740902,3,1276.166586
-14.403902,3,1276.232066
57.967614,5,1276.498628
54.216439,4,1276.739525
-10.783561,4,1277.079387
51.523209,3,1277.288175
-13.476791,3,1277.573333
54.216439,4,1277.669513
-14.394791,3,1277.907943
-13.476791,3,1278.151345
-10.783561,4,1278.491435
54.216439,4,1278.676311
-11.44656,4,1278.829479
-13.476791,3,1279.197618
-15.210791,3,1279.495487
54.216439,4,1279.600279
-13.552251,3,1279.684446
54.216439,4,1280.01233
-13.703172,3,1280.072758
54.216439,4,1280.421105
-13.703172,3,1280.495218
-11.599561,4,1281.012292
-13.476791,3,1281.286647
-14.290712,3,1281.357448
-10.783561,4,1281.625359
-12.173587,4,1281.707645
-14.215251,3,1281.809738
-13.476791,3,1281.997353
-13.476791,3,1282.193317
-14.190791,3,1282.412993
-13.476791,3,1282.590571
-14.470251,3,1282.661563
54.216439,4,1282.866265
50.809209,3,1282.96448
54.216439,4,1283.029729
-13.476791,3,1283.090199
-14.266251,3,1283.159325
-13.476791,3,1283.302449
-13.476791,3,1283.523971
-10.991283,4,1283.625134
53.55344,4,1283.780525
54.216439,4,1284.014013
50.503209,3,1284.10816
54.216439,4,1284.253925
54.216439,4,1284.458156
54.216439,4,1284.515252
54.216439,4,1284.678435
-13.552251,3,1284.794546
51.523209,3,1285.069102
-14.556902,3,1285.107685
-13.476791,3,1285.299954
-13.552251,3,1285.369413
54.216439,4,1285.474074
-13.476791,3,1285.663563
-13.476791,3,1285.926528
54.216439,4,1286.085214
54.216439,4,1286.313792
54.216439,4,1286.463801
54.216439,4,1286.688672
54.216439,4,1286.752239
-13.703172,3,1286.791815
-14.266251,3,1286.872073
54.216439,4,1287.131946
51.523209,3,1287.248563
-13.552251,3,1287.365749
-10.783561,4,1287.568296
54.216439,4,1287.629714
-13.476791,3,1287.77309
54.216439,4,1288.188205
-11.406726,4,1288.255047
-10.991283,4,1288.331864
50.503209,3,1288.429166
-11.510587,4,1288.471491
54.216439,4,1288.545124
-11.406726,4,1288.603729
-14.417172,3,1288.643289
-13.703172,3,1288.686596
53.55344,4,1288.725383
53.502439,4,1288.795607
54.216439,4,1288.86548
51.447749,3,1289.100339
54.216439,4,1289.291489
-13.703172,3,1289.332565
54.216439,4,1289.443149
54.216439,4,1289.502751
52.53344,4,1289.708867
54.216439,4,1289.856511
-13.552251,3,1289.923101
-10.783561,4,1290.118466
54.216439,4,1290.264451
54.216439,4,1290.307411
57.967614,5,1290.467855
50.707209,3,1290.557245
54.216439,4,1290.598299
50.809209,3,1290.740155
-11.406726,4,1290.821342
-13.627712,3,1290.900556
54.216439,4,1291.046892
54.216439,4,1291.121264
-10.783561,4,1291.207075
-11.599561,4,1291.295448
-10.783561,4,1291.495257
54.216439,4,1291.599068
54.216439,4,1291.775478
54.216439,4,1291.86112
54.216439,4,1291.975898
-15.414791,3,1292.02023
54.216439,4,1292.212144
-13.476791,3,1292.261807
-13.476791,3,1292.341727
-14.190791,3,1292.643675
-14.394791,3,1292.958361
54.216439,4,1293.106307
54.216439,4,1293.176947
54.216439,4,1293.365352
51.523209,3,1293.5938
-10.783561,4,1293.891891
-13.476791,3,1294.036014
-14.341712,3,1294.083114
53.196439,4,1294.198118
54.216439,4,1294.438436
54.216439,4,1294.591763
53.55344,4,1294.653449
54.216439,4,1294.85253
-15.414791,3,1294.995466
-10.783561,4,1295.20328
-11.44656,4,1295.294937
-14.139791,3,1295.391174
54.216439,4,1295.555608
-13.740902,3,1295.595159
-15.539172,3,1295.636035
54.216439,4,1295.794971
54.216439,4,1295.869935
-11.199004,4,1295.910974
-13.552251,3,1295.95655
-7.032386,5,1296.013439
52.83944,4,1296.077548
53.400439,4,1296.128202
53.400439,4,1296.355385
-11.199004,4,1296.423669
53.196439,4,1296.488445
54.216439,4,1296.665015
-10.783561,4,1296.755087
54.216439,4,1296.934366
-11.510587,4,1296.971925
53.400439,4,1297.076224
-14.760902,3,1297.125344
54.216439,4,1297.209309
54.216439,4,1297.364341
-11.510587,4,1297.401909
-10.783561,4,1297.612958
53.502439,4,1297.766382
-13.552251,3,1297.821225
51.447749,3,1298.062422
-13.627712,3,1298.116164
54.216439,4,1298.310046
-10.783561,4,1298.60954
54.216439,4,1298.675197
54.216439,4,1298.750428
-12.120726,4,1298.806815
-13.476791,3,1298.861145
54.216439,4,1299.043045
-13.476791,3,1299.088113
-14.139791,3,1299.152498
-14.556902,3,1299.193048
-13.476791,3,1299.484998
-13.476791,3,1299.653734
-14.496791,3,1299.711087
-13.476791,3,1299.856451
-14.394791,3,1300.032402
-13.627712,3,1300.08404
54.216439,4,1300.215795
-14.403902,3,1300.258341
-13.476791,3,1300.44851
50.809209,3,1300.723491
-13.476791,3,1300.871516
50.605209,3,1300.959161
-13.476791,3,1301.00116
-13.476791,3,1301.189771
-14.190791,3,1301.241569
-14.496791,3,1301.528681
-11.497561,4,1301.728191
-13.476791,3,1301.89681
-13.476791,3,1302.075193
-14.266251,3,1302.143376
50.503209,3,1302.362038
-14.292791,3,1302.504268
-13.476791,3,1302.646157
51.523209,3,1302.917505
51.523209,3,1303.218939
-13.476791,3,1303.257013
54.216439,4,1303.401761
-10.991283,4,1303.476867
51.523209,3,1303.578043
-13.476791,3,1303.660208
-14.394791,3,1303.827967
-14.292791,3,1304.006584
-14.496791,3,1304.136902
-13.476791,3,1304.316759
54.216439,4,1304.461124
-13.476791,3,1304.602195
-12.428587,4,1304.639935
-11.497561,4,1304.835026
-14.292791,3,1304.888847
-15.006791,3,1304.950019
53.29844,4,1305.103037
54.216439,4,1305.209629
53.400439,4,1305.350354
51.523209,3,1305.636681
-13.627712,3,1305.683431
54.216439,4,1305.795102
-13.476791,3,1305.838689
-13.476791,3,1305.936375
52.83944,4,1306.090427
-14.496791,3,1306.147729
54.216439,4,1306.223482
-14.139791,3,1306.390994
-13.476791,3,1306.564854
-13.476791,3,1306.71648
-11.497561,4,1307.092175
50.605209,3,1307.406953
57.967614,5,1307.450015
-13.476791,3,1307.512143
-13.476791,3,1307.692112
-13.476791,3,1307.884713
-13.703172,3,1307.922827
-13.703172,3,1307.963467
-10.783561,4,1308.049277
-10.783561,4,1308.134982
53.196439,4,1308.280428
-13.476791,3,1308.362151
54.216439,4,1308.427193
54.216439,4,1308.564967
54.216439,4,1308.769364
51.523209,3,1308.870127
-11.199004,4,1309.023579
-10.783561,4,1309.090671
-13.476791,3,1309.238357
54.216439,4,1309.353222
54.216439,4,1309.389387
-10.783561,4,1309.672826
54.216439,4,1309.868478
50.860209,3,1310.149344
50.605209,3,1310.406935
-11.44656,4,1310.726173
57.151614,5,1310.910335
-10.783561,4,1310.99407
54.008717,4,1311.227947
-11.199004,4,1311.276038
-10.783561,4,1311.364689
53.55344,4,1311.488756
57.967614,5,1311.60148
-13.552251,3,1311.67134
-10.783561,4,1311.967294
54.216439,4,1312.168493
54.216439,4,1312.313741
53.502439,4,1312.547308
54.216439,4,1312.660389
53.29844,4,1312.771075
54.216439,4,1312.832447
54.216439,4,1312.991515
-13.476791,3,1313.200303
-10.783561,4,1313.402092
54.216439,4,1313.480107
54.216439,4,1313.586057
-14.139791,3,1313.804997
54.216439,4,1313.866249
-13.552251,3,1313.945406
-12.015004,4,1314.174713
-11.70156,4,1314.261068
-13.552251,3,1314.310761
54.008717,4,1314.580947
50.605209,3,1314.939298
54.216439,4,1315.085041
54.216439,4,1315.316687
-13.476791,3,1315.470608
54.216439,4,1315.550394
54.216439,4,1315.699222
-13.476791,3,1315.759625
54.216439,4,1315.799418
50.809209,3,1315.902999
54.216439,4,1316.010063
54.216439,4,1316.158967
53.29844,4,1316.233588
50.427749,3,1316.494693
53.400439,4,1316.609364
54.216439,4,1316.702891
53.502439,4,1316.849869
-13.476791,3,1316.996037
54.216439,4,1317.128121
54.216439,4,1317.195487
54.216439,4,1317.394781
-13.476791,3,1317.538113
-10.783561,4,1317.627855
-10.783561,4,1317.719072
54.216439,4,1317.835161
54.216439,4,1317.985433
51.523209,3,1318.172098
54.216439,4,1318.315887
-13.703172,3,1318.358542
53.502439,4,1318.517852
-11.199004,4,1318.635265
-13.476791,3,1318.782942
-13.476791,3,1318.826709
54.216439,4,1318.989908
53.29844,4,1319.062154
53.502439,4,1319.233904
54.216439,4,1319.349988
-11.705283,4,1319.53296
54.216439,4,1319.596709
54.216439,4,1319.674791
54.216439,4,1319.739465
-13.740902,3,1319.78257
-10.783561,4,1319.994872
54.216439,4,1320.159213
-10.783561,4,1320.261884
-10.783561,4,1320.560396
-13.552251,3,1320.608521
52.63544,4,1320.68601
-13.627712,3,1320.74198
-10.991283,4,1320.934592
-13.740902,3,1320.976846
-10.783561,4,1321.064568
54.216439,4,1321.297153
54.216439,4,1321.496019
-14.519172,3,1321.536099
-13.552251,3,1321.606776
-11.406726,4,1321.654996
54.216439,4,1321.818383
54.216439,4,1321.921776
53.55344,4,1322.162596
-9.121468,5,1322.251301
53.55344,4,1322.509222
-14.394791,3,1322.652355
-13.703172,3,1322.689437
-12.173587,4,1322.731535
-13.476791,3,1322.792789
54.216439,4,1322.856804
-13.476791,3,1322.914907
53.400439,4,1322.97679
54.216439,4,1323.03603
54.216439,4,1323.17971
54.216439,4,1323.424995
54.216439,4,1323.690159
53.29844,4,1323.763058
-13.476791,3,1323.815863
54.216439,4,1323.920384
54.216439,4,1323.984532
-11.406726,4,1324.043195
-11.70156,4,1324.338775
54.216439,4,1324.501181
54.216439,4,1324.647122
-10.783561,4,1325.021705
54.216439,4,1325.135338
54.216439,4,1325.330656
54.216439,4,1325.570999
54.216439,4,1325.638946
54.216439,4,1325.702549
54.216439,4,1325.759729
51.523209,3,1325.854903
54.216439,4,1326.02567
-11.199004,4,1326.102354
54.216439,4,1326.253804
51.523209,3,1326.537144
53.196439,4,1326.687969
-13.476791,3,1326.874433
54.216439,4,1326.947574
-11.70156,4,1327.230208
-13.476791,3,1327.459479
-14.496791,3,1327.681513
-13.552251,3,1327.729113
-10.783561,4,1327.815744
-13.476791,3,1327.873849
-10.783561,4,1328.071653
54.216439,4,1328.260492
54.216439,4,1328.322094
54.216439,4,1328.503334
-10.783561,4,1328.591535
51.523209,3,1328.759453
54.216439,4,1328.823269
53.196439,4,1329.259273
53.55344,4,1329.324427
-13.476791,3,1329.378017
-12.41556,4,1329.577263
-10.783561,4,1329.663176
-13.740902,3,1329.708249
-13.476791,3,1329.760846
-11.510587,4,1329.803459
54.216439,4,1329.917685
54.216439,4,1329.977782
-10.783561,4,1330.175678
54.216439,4,1330.236278
53.196439,4,1330.279922
53.55344,4,1330.443069
-13.703172,3,1330.486647
54.216439,4,1330.595851
54.216439,4,1330.658441
54.216439,4,1330.738589
54.216439,4,1330.888731
53.502439,4,1330.949096
-10.783561,4,1331.039024
54.216439,4,1331.137754
54.216439,4,1331.388106
53.502439,4,1331.517826
54.216439,4,1331.629623
-11.70156,4,1331.712998
-12.219004,4,1331.773081
53.196439,4,1331.837685
54.216439,4,1331.950235
54.216439,4,1332.100116
54.216439,4,1332.245114
54.216439,4,1332.284663
-10.783561,4,1332.569875
-13.476791,3,1332.71613
-13.476791,3,1332.933271
54.216439,4,1333.129888
54.216439,4,1333.195973
54.216439,4,1333.336283
-13.476791,3,1333.388864
54.216439,4,1333.496211
-13.476791,3,1333.551149
-10.783561,4,1333.74886
-13.476791,3,1333.806299
54.216439,4,1333.851917
-14.139791,3,1334.014915
51.523209,3,1334.266381
54.216439,4,1334.381702
-13.740902,3,1334.423105
-13.552251,3,1334.485863
-13.703172,3,1334.52546
54.216439,4,1334.757624
-13.703172,3,1334.799115
-12.173587,4,1334.84066
-11.199004,4,1334.894724
-14.394791,3,1335.087638
-14.292791,3,1335.127223
-13.476791,3,1335.298913
-13.476791,3,1335.440648
-10.783561,4,1335.648292
-13.476791,3,1335.700377
-14.139791,3,1335.842784
-13.552251,3,1335.912245
-13.476791,3,1336.097095
50.605209,3,1336.311808
-13.476791,3,1336.352489
-14.139791,3,1336.547696
-13.476791,3,1336.759833
-14.496791,3,1336.908194
-13.476791,3,1337.204651
51.523209,3,1337.485868
-13.476791,3,1337.782472
-13.476791,3,1337.958467
-13.476791,3,1337.998422
-14.556902,3,1338.037489
51.523209,3,1338.220085
-13.476791,3,1338.38574
-14.190791,3,1338.430266
-13.703172,3,1338.468327
-13.476791,3,1338.638602
-14.139791,3,1338.679221
-7.695386,5,1339.032125
54.216439,4,1339.190875
-13.476791,3,1339.36234
-13.476791,3,1339.552233
51.523209,3,1339.62056
-13.476791,3,1339.766488
-13.476791,3,1339.809553
-13.476791,3,1339.872306
-14.394791,3,1339.935893
-10.783561,4,1340.018027
51.523209,3,1340.210304
-11.406726,4,1340.285515
50.809209,3,1340.450725
-13.476791,3,1340.593444
53.29844,4,1340.754643
-14.496791,3,1340.959671
-11.807283,4,1341.04482
51.523209,3,1341.329802
-13.740902,3,1341.369368
-14.496791,3,1341.516351
-14.394791,3,1341.68365
-13.476791,3,1341.850313
-13.703172,3,1341.888391
-13.476791,3,1342.033495
51.523209,3,1342.281375
-14.394791,3,1342.435763
51.523209,3,1342.508385
-14.496791,3,1342.561226
-13.476791,3,1342.756533
-14.292791,3,1342.930321
-14.139791,3,1342.985934
-13.476791,3,1343.170037
-11.44656,4,1343.372977
-14.139791,3,1343.638601
-13.476791,3,1343.793484
-14.139791,3,1343.843046
-13.476791,3,1343.987358
-13.476791,3,1344.163239
-14.496791,3,1344.311149
54.216439,4,1344.531378
-11.44656,4,1344.843271
-14.760902,3,1344.884468
-13.476791,3,1345.052838
-13.476791,3,1345.232635
51.523209,3,1345.409702
-14.341712,3,1345.462775
54.216439,4,1345.665268
-13.476791,3,1345.851256
-13.476791,3,1346.072939
-13.476791,3,1346.222175
-13.476791,3,1346.276771
51.523209,3,1346.544551
-13.740902,3,1346.584605
-11.510587,4,1346.626184
-7.032386,5,1346.998806
-12.117004,4,1347.077526
50.503209,3,1347.341488
50.503209,3,1347.628327
-13.476791,3,1347.669447
-13.476791,3,1347.707018
-14.266251,3,1347.791642
-13.476791,3,1347.979551
-13.476791,3,1348.127825
-13.703172,3,1348.164385
-13.476791,3,1348.344963
-14.292791,3,1348.490448
-14.190791,3,1348.681761
-10.783561,4,1348.76791
-13.476791,3,1348.917566
-13.552251,3,1348.963167
54.216439,4,1349.165849
51.523209,3,1349.443162
-13.476791,3,1349.586603
52.482439,4,1349.797424
51.523209,3,1349.884407
-14.139791,3,1350.099291
-13.476791,3,1350.145514
-13.476791,3,1350.325484
-14.292791,3,1350.467702
-11.803561,4,1350.596021
-13.476791,3,1350.817147
51.523209,3,1350.966879
-14.394791,3,1351.113361
-13.476791,3,1351.166476
54.216439,4,1351.311901
-13.476791,3,1351.356073
51.523209,3,1351.626843
-13.476791,3,1351.847739
53.55344,4,1352.084154
-13.740902,3,1352.126541
-12.222726,4,1352.204993
-14.292791,3,1352.258208
-13.476791,3,1352.466674
-13.627712,3,1352.52276
50.809209,3,1352.719015
50.503209,3,1352.910204
-10.783561,4,1353.000349
-13.476791,3,1353.151639
-13.476791,3,1353.318626
-14.341712,3,1353.370218
51.523209,3,1353.664072
-13.476791,3,1353.812935
-9.937468,5,1353.915231
51.523209,3,1354.210912
-14.394791,3,1354.357635
54.216439,4,1354.511668
57.304614,5,1354.57125
51.523209,3,1354.815701
53.502439,4,1354.876943
51.523209,3,1355.159501
-13.703172,3,1355.20611
-13.476791,3,1355.347956
-13.627712,3,1355.397031
51.523209,3,1355.63658
54.216439,4,1355.694423
-13.476791,3,1355.75254
-13.476791,3,1355.901231
-14.292791,3,1355.952828
54.216439,4,1356.044978
-11.199004,4,1356.149024
-14.760902,3,1356.195594
-7.950386,5,1356.253206
-10.783561,4,1356.452533
54.216439,4,1356.497095
54.216439,4,1356.642305
54.216439,4,1356.844886
-14.723172,3,1356.886946
-11.406726,4,1356.937031
57.967614,5,1357.006172
-13.476791,3,1357.21875
54.216439,4,1357.377472
54.216439,4,1357.562787
-13.476791,3,1357.736286
-13.476791,3,1357.922007
54.216439,4,1358.079051
-13.476791,3,1358.255856
53.400439,4,1358.400082
51.523209,3,1358.490484
-14.190791,3,1358.731915
54.216439,4,1358.844075
-13.476791,3,1358.89865
-14.496791,3,1359.050386
51.523209,3,1359.144341
54.216439,4,1359.255469
53.55344,4,1359.36581
53.502439,4,1359.542475
-11.803561,4,1359.742533
54.216439,4,1360.179253
54.216439,4,1360.303961
54.216439,4,1360.434864
-13.552251,3,1360.516181
-13.552251,3,1360.593071
53.400439,4,1360.787432
54.216439,4,1360.849683
-13.740902,3,1360.888757
-13.476791,3,1361.033337
54.216439,4,1361.098966
54.216439,4,1361.179718
-14.545712,3,1361.219433
-13.703172,3,1361.260704
53.55344,4,1361.316416
53.400439,4,1361.515589
-10.991283,4,1361.662155
-10.783561,4,1361.931149
-14.366172,3,1361.971608
54.216439,4,1362.163332
-10.783561,4,1362.361566
-13.740902,3,1362.401639
54.216439,4,1362.464255
-10.783561,4,1362.553004
-11.406726,4,1362.621622
53.502439,4,1362.685371
-10.783561,4,1362.883166
-13.740902,3,1362.925734
-12.011283,4,1363.008865
-13.703172,3,1363.047422
-13.476791,3,1363.193278
-10.783561,4,1363.51241
-10.783561,4,1363.760993
54.216439,4,1363.86947
54.216439,4,1363.932563
-10.783561,4,1364.258462
-10.783561,4,1364.562547
54.216439,4,1364.747782
-11.70156,4,1364.828046
54.216439,4,1364.970895
-10.783561,4,1365.055699
54.216439,4,1365.234156
52.584439,4,1365.350868
-7.032386,5,1365.674329
53.502439,4,1365.826849
-10.783561,4,1365.929036
53.55344,4,1366.085533
-7.818147,5,1366.280876
53.196439,4,1366.479227
54.216439,4,1366.585396
-11.199004,4,1366.659798
54.216439,4,1366.794513
54.216439,4,1366.91951
-13.627712,3,1366.96079
53.29844,4,1367.160494
-13.476791,3,1367.210616
54.216439,4,1367.363091
54.216439,4,1367.506332
54.216439,4,1367.689642
-12.173587,4,1367.729207
54.216439,4,1367.791296
53.29844,4,1367.93816
54.216439,4,1368.089891
-10.783561,4,1368.177998
53.502439,4,1368.250997
54.216439,4,1368.322127
54.216439,4,1368.38424
-14.394791,3,1368.526375
-11.406726,4,1368.579574
54.216439,4,1368.655062
54.216439,4,1368.734981
-13.476791,3,1368.789057
-13.476791,3,1368.938782
54.216439,4,1369.14073
-13.476791,3,1369.288777
54.216439,4,1369.442104
54.216439,4,1369.611805
-13.476791,3,1369.782917
53.29844,4,1369.889382
54.216439,4,1369.962292
-13.476791,3,1370.004352
54.216439,4,1370.15008
54.216439,4,1370.193128
-13.476791,3,1370.367924
54.216439,4,1370.427661
50.503209,3,1370.520054
54.216439,4,1370.663946
54.216439,4,1370.898395
-10.783561,4,1370.992556
-11.406726,4,1371.045224
54.216439,4,1371.118111
53.196439,4,1371.320423
54.216439,4,1371.522371
54.216439,4,1371.63814
-14.723172,3,1371.674293
-14.292791,3,1371.731418
54.216439,4,1371.803123
-13.476791,3,1371.956321
53.400439,4,1372.072536
-12.222726,4,1372.130143
-11.654283,4,1372.308996
54.216439,4,1372.457267
54.216439,4,1372.532405
54.216439,4,1372.676461
-13.703172,3,1372.718513
-11.510587,4,1372.758373
54.216439,4,1372.814254
53.502439,4,1372.888026
54.216439,4,1372.954999
50.146209,3,1373.310701
53.400439,4,1373.374948
51.523209,3,1373.468627
51.523209,3,1373.557367
-13.476791,3,1373.699837
54.216439,4,1373.764175
-10.783561,4,1374.038892
-13.476791,3,1374.18386
-14.394791,3,1374.332702
-13.476791,3,1374.379323
-11.44656,4,1374.598404
-10.783561,4,1374.692176
-13.476791,3,1374.892465
-13.476791,3,1374.967156
-13.476791,3,1375.056764
-14.190791,3,1375.114172
51.523209,3,1375.331772
-13.476791,3,1375.510393
51.523209,3,1375.65135
-13.476791,3,1375.713113
-13.476791,3,1375.898401
-13.476791,3,1376.043872
50.707209,3,1376.180349
51.523209,3,1376.36832
-13.476791,3,1376.454174
-13.476791,3,1376.527179
-14.394791,3,1376.572241
50.605209,3,1376.667634
-14.190791,3,1376.70819
-13.476791,3,1376.74756
-13.740902,3,1376.792187
-13.476791,3,1377.080077
51.523209,3,1377.358105
-13.627712,3,1377.411206
-13.476791,3,1377.451262
51.523209,3,1377.73125
-13.476791,3,1377.880358
-13.476791,3,1378.025959
-13.476791,3,1378.089684
-13.476791,3,1378.139237
-10.783561,4,1378.340183
-13.476791,3,1378.382615
-13.476791,3,1378.559023
-13.476791,3,1378.73455
-13.476791,3,1378.942448
-13.552251,3,1379.017594
-14.496791,3,1379.196352
-13.476791,3,1379.408634
-13.552251,3,1379.488136
-13.476791,3,1379.571525
51.523209,3,1379.649768
-13.703172,3,1379.696413
-13.476791,3,1379.902528
-13.552251,3,1380.115508
-10.783561,4,1380.211188
-14.443712,3,1380.260266
-11.803561,4,1380.506611
-13.476791,3,1380.61075
-13.476791,3,1380.761144
-13.476791,3,1380.816232
50.860209,3,1381.011424
54.008717,4,1381.2047
-11.70156,4,1381.299661
50.707209,3,1381.39839
54.216439,4,1381.471878
-13.476791,3,1381.64127
-10.783561,4,1381.942685
-13.552251,3,1382.024881
-10.783561,4,1382.239791
-11.510587,4,1382.27905
54.216439,4,1382.42766
-10.783561,4,1382.734061
-13.476791,3,1382.950316
54.216439,4,1383.06
54.008717,4,1383.294071
-14.190791,3,1383.384698
53.502439,4,1383.540306
54.216439,4,1383.693695
54.216439,4,1383.89924
54.216439,4,1384.041676
54.216439,4,1384.196217
57.253614,5,1384.26477
54.216439,4,1384.423729
-10.783561,4,1384.517903
51.523209,3,1384.805888
-11.803561,4,1385.010411
-13.627712,3,1385.085023
-14.215251,3,1385.20382
54.216439,4,1385.275966
51.523209,3,1385.444091
54.216439,4,1385.581012
57.151614,5,1385.768013
54.216439,4,1385.875013
-13.740902,3,1385.914574
-10.783561,4,1386.222396
-10.783561,4,1386.322115
54.216439,4,1386.365285
-10.783561,4,1386.7109
54.216439,4,1386.83026
54.216439,4,1387.018749
54.216439,4,1387.246089
-11.510587,4,1387.289713
-13.476791,3,1387.34449
-13.476791,3,1387.559743
-13.476791,3,1387.636973
51.523209,3,1387.922392
53.29844,4,1388.165554
-14.496791,3,1388.336911
54.216439,4,1388.403597
-10.783561,4,1388.712156
54.216439,4,1388.784992
-11.909283,4,1388.836221
53.400439,4,1388.897036
54.216439,4,1388.959617
54.216439,4,1389.119645
-13.476791,3,1389.178271
54.216439,4,1389.665991
-12.224587,4,1389.724714
54.216439,4,1389.772215
54.216439,4,1389.921956
54.216439,4,1390.150182
-13.627712,3,1390.215374
54.216439,4,1390.375493
-13.627712,3,1390.439871
54.216439,4,1390.608261
54.216439,4,1390.720213
-13.476791,3,1390.920828
54.216439,4,1391.070832
-10.783561,4,1391.313554
-13.476791,3,1391.360705
-13.476791,3,1391.520173
54.216439,4,1391.704865
53.502439,4,1391.886761
-13.476791,3,1391.930739
54.216439,4,1391.97481
-13.476791,3,1392.124008
-10.783561,4,1392.210294
54.216439,4,1392.274925
54.216439,4,1392.338806
54.216439,4,1392.490838
-13.476791,3,1392.547432
-11.70156,4,1392.747929
-11.497561,4,1392.961305
53.400439,4,1393.023742
-13.476791,3,1393.069342
-10.783561,4,1393.160475
53.29844,4,1393.308625
-13.476791,3,1393.432807
-10.783561,4,1393.65272
-10.783561,4,1393.891759
-10.783561,4,1394.168513
-13.476791,3,1394.210463
-13.476791,3,1394.403956
-14.496791,3,1394.551536
-13.476791,3,1394.610108
51.523209,3,1394.736586
-13.476791,3,1394.878976
-13.476791,3,1395.026397
53.29844,4,1395.230903
51.523209,3,1395.450347
-13.476791,3,1395.656732
-13.476791,3,1395.835533
-13.703172,3,1395.875595
-13.476791,3,1396.091491
-14.394791,3,1396.324434
-13.476791,3,1396.519753
-10.783561,4,1396.604305
-10.783561,4,1396.653779
54.216439,4,1396.717392
54.216439,4,1396.860407
54.216439,4,1396.965172
-13.476791,3,1397.006219
-13.476791,3,1397.300402
-13.476791,3,1397.567512
-13.476791,3,1397.610365
50.860209,3,1397.709539
-10.783561,4,1397.903962
-13.627712,3,1397.943551
-12.219004,4,1398.135679
-10.783561,4,1398.229838
54.216439,4,1398.355592
-13.476791,3,1398.510908
53.29844,4,1398.574311
-13.476791,3,1398.630218
54.216439,4,1398.777786
-10.783561,4,1398.870001
50.860209,3,1399.168768
-13.476791,3,1399.450959
54.216439,4,1399.520633
-11.599561,4,1399.719457
-10.783561,4,1400.036887
-13.476791,3,1400.092516
51.523209,3,1400.187402
-13.552251,3,1400.248141
-10.783561,4,1400.552346
53.196439,4,1400.7385
-11.199004,4,1400.806946
-13.627712,3,1400.854989
-10.783561,4,1401.052778
54.216439,4,1401.206678
54.216439,4,1401.36774
54.216439,4,1401.572389
-11.406726,4,1401.639621
-11.199004,4,1401.710263
54.216439,4,1401.869547
54.216439,4,1402.074261
-13.552251,3,1402.143884
54.216439,4,1402.288882
-13.627712,3,1402.365647
53.400439,4,1402.518008
-13.703172,3,1402.556651
-13.476791,3,1402.769885
-10.783561,4,1402.854611
-13.740902,3,1402.900136
54.216439,4,1402.965772
54.216439,4,1403.079473
-13.703172,3,1403.117679
54.216439,4,1403.357989
54.216439,4,1403.513546
-10.783561,4,1403.609994
54.216439,4,1403.656676
-10.783561,4,1403.746045
54.216439,4,1403.996246
-11.406726,4,1404.058346
54.216439,4,1404.131468
-14.292791,3,1404.174456
53.29844,4,1404.285143
54.216439,4,1404.402425
53.29844,4,1404.473433
53.400439,4,1404.587295
54.216439,4,1404.70847
54.216439,4,1404.869427
-10.783561,4,1404.944309
-13.476791,3,1405.090792
54.216439,4,1405.242064
-13.476791,3,1405.389902
54.216439,4,1405.50649
-13.476791,3,1405.657224
-13.476791,3,1405.706804
54.216439,4,1405.864161
54.216439,4,1406.013552
54.216439,4,1406.119159
54.216439,4,1406.27213
56.947614,5,1406.326477
54.216439,4,1406.512707
54.216439,4,1406.6901
-10.783561,4,1406.974088
-12.015004,4,1407.051219
51.523209,3,1407.157888
-13.476791,3,1407.313814
-11.599561,4,1407.608913
54.216439,4,1407.666523
54.216439,4,1407.891415
54.216439,4,1407.938301
54.216439,4,1408.053487
-10.783561,4,1408.364231
-10.783561,4,1408.598626
54.216439,4,1408.820297
54.216439,4,1408.880363
-10.783561,4,1408.963679
54.216439,4,1409.153272
54.216439,4,1409.392514
54.216439,4,1409.533532
-13.740902,3,1409.576292
54.216439,4,1409.640413
54.216439,4,1409.708048
54.216439,4,1409.85855
54.216439,4,1409.923649
54.216439,4,1409.994901
-11.44656,4,1410.166696
-13.552251,3,1410.22727
54.216439,4,1410.426621
51.523209,3,1410.522266
54.216439,4,1410.601302
-10.783561,4,1410.821851
-13.476791,3,1411.010862
54.216439,4,1411.073454
53.502439,4,1411.167731
54.216439,4,1411.371324
53.29844,4,1411.435899
-13.476791,3,1411.579544
54.216439,4,1411.695743
-13.476791,3,1411.841363
51.523209,3,1412.121734
54.216439,4,1412.19135
-14.496791,3,1412.246074
-13.476791,3,1412.443829
-13.627712,3,1412.488595
-13.703172,3,1412.535162
-13.476791,3,1412.807573
-10.783561,4,1413.004757
51.523209,3,1413.227206
50.860209,3,1413.323327
-13.476791,3,1413.604833
-13.476791,3,1413.647908
-13.476791,3,1413.862571
51.523209,3,1414.027098
51.523209,3,1414.333519
-13.476791,3,1414.517576
51.523209,3,1414.77868
-13.476791,3,1414.946754
-13.476791,3,1414.997309
-13.476791,3,1415.200346
-13.476791,3,1415.348134
-13.476791,3,1415.64597
-13.476791,3,1415.812202
-13.476791,3,1415.886482
-14.394791,3,1416.068619
51.523209,3,1416.313875
-11.599561,4,1416.397917
50.605209,3,1416.663015
-13.476791,3,1416.850818
-10.783561,4,1416.950891
-13.476791,3,1416.99518
-13.476791,3,1417.061632
-13.476791,3,1417.113449
-13.476791,3,1417.298263
-10.783561,4,1417.491097
-13.476791,3,1417.639183
-13.552251,3,1417.695854
-13.476791,3,1417.738919
-14.292791,3,1417.934957
51.523209,3,1418.256326
-13.476791,3,1418.438452
-13.476791,3,1418.641587
-13.476791,3,1418.819178
-13.476791,3,1418.970411
-14.139791,3,1419.148626
-13.476791,3,1419.189169
-13.476791,3,1419.35358
-13.476791,3,1419.49804
-13.476791,3,1419.691508
-13.476791,3,1419.841907
-13.476791,3,1419.989205
-13.476791,3,1420.273611
51.523209,3,1420.373766
-14.139791,3,1420.539102
-13.476791,3,1420.832054
-10.783561,4,1421.162001
-13.627712,3,1421.20557
-13.476791,3,1421.481756
-13.476791,3,1421.664131
-13.476791,3,1421.709594
-10.783561,4,1421.911959
-13.476791,3,1421.988555
51.523209,3,1422.195698
-13.476791,3,1422.240799
-13.476791,3,1422.422152
-14.496791,3,1422.471122
-13.476791,3,1422.654659
51.523209,3,1422.941589
-13.476791,3,1423.088676
-13.476791,3,1423.136936
-14.496791,3,1423.179657
-13.476791,3,1423.23576
51.523209,3,1423.431334
-13.703172,3,1423.473404
-13.476791,3,1423.648462
51.523209,3,1423.928724
51.523209,3,1424.027356
-13.476791,3,1424.243352
50.605209,3,1424.334219
-13.476791,3,1424.384556
-13.476791,3,1424.433154
-14.496791,3,1424.613478
51.523209,3,1424.898713
57.967614,5,1424.966872
-13.703172,3,1425.017842
-13.552251,3,1425.090937
-13.476791,3,1425.281804
-14.496791,3,1425.339908
-14.139791,3,1425.511763
-13.627712,3,1425.55404
-13.476791,3,1425.608635
51.523209,3,1425.979379
54.216439,4,1426.04097
-14.139791,3,1426.193287
-13.476791,3,1426.36492
51.523209,3,1426.451484
-10.783561,4,1426.654629
50.809209,3,1426.745548
-14.292791,3,1426.914659
-13.476791,3,1427.083393
54.216439,4,1427.311903
-14.139791,3,1427.480215
50.707209,3,1427.578367
-13.476791,3,1427.631639
54.216439,4,1427.707513
-13.703172,3,1427.751571
-10.783561,4,1427.813189
-14.904791,3,1427.983898
-13.476791,3,1428.071608
-13.476791,3,1428.114527
-13.476791,3,1428.163092
-13.476791,3,1428.203153
-13.476791,3,1428.25874
-13.476791,3,1428.406464
-13.476791,3,1428.554297
-13.476791,3,1428.619645
-13.627712,3,1428.669227
-10.783561,4,1428.785754
54.216439,4,1428.846777
-13.552251,3,1428.934991
54.216439,4,1429.081773
54.216439,4,1429.278014
51.523209,3,1429.439707
54.216439,4,1429.514756
-10.783561,4,1429.601231
53.502439,4,1429.716614
-13.476791,3,1429.888688
54.216439,4,1429.97097
54.216439,4,1430.033428
54.216439,4,1430.09437
51.523209,3,1430.443138
-13.476791,3,1430.490809
54.216439,4,1430.643414
-10.783561,4,1430.733307
54.216439,4,1430.849473
54.216439,4,1431.004866
-13.476791,3,1431.21917
54.216439,4,1431.280363
51.523209,3,1431.558296
-11.497561,4,1431.647988
51.523209,3,1431.920853
-13.476791,3,1432.000471
51.523209,3,1432.267064
-13.476791,3,1432.437959
-11.599561,4,1432.724537
-13.476791,3,1432.873547
-13.476791,3,1433.027429
53.55344,4,1433.164768
54.216439,4,1433.313035
-13.476791,3,1433.355226
54.008717,4,1433.524004
-13.476791,3,1433.698751
54.216439,4,1433.845914
-11.199004,4,1434.000045
-13.627712,3,1434.043103
-10.783561,4,1434.369665
-13.740902,3,1434.414294
54.216439,4,1434.47489
51.523209,3,1434.575195
50.860209,3,1434.941427
-13.476791,3,1434.992022
54.216439,4,1435.148453
-14.266251,3,1435.236067
-13.476791,3,1435.49101
-10.783561,4,1435.579862
-10.783561,4,1435.677577
-13.476791,3,1435.741693
-13.740902,3,1435.783873
-13.627712,3,1435.841507
51.523209,3,1436.133312
-14.496791,3,1436.184896
54.216439,4,1436.257375
-10.783561,4,1436.535672
53.55344,4,1436.713574
-14.139791,3,1436.906482
-14.139791,3,1436.950927
-14.496791,3,1437.093033
-14.292791,3,1437.131346
54.216439,4,1437.55188
-11.803561,4,1437.635324
-13.476791,3,1437.773535
51.523209,3,1438.04394
-13.476791,3,1438.091978
-13.476791,3,1438.268226
54.216439,4,1438.417522
-13.476791,3,1438.457643
-13.476791,3,1438.496722
-13.703172,3,1438.540807
51.523209,3,1438.794897
-13.476791,3,1439.015911
54.216439,4,1439.17095
51.523209,3,1439.335632
-13.476791,3,1439.401743
-13.476791,3,1439.581147
-13.476791,3,1439.727931
-13.476791,3,1439.791469
51.523209,3,1440.069211
54.216439,4,1440.215401
53.55344,4,1440.446761
-13.627712,3,1440.487402
-13.476791,3,1440.766938
51.523209,3,1441.046756
-10.783561,4,1441.320364
-10.783561,4,1441.412894
53.502439,4,1441.489489
51.523209,3,1441.769961
-13.476791,3,1441.820058
54.216439,4,1441.903289
54.216439,4,1441.992234
-10.783561,4,1442.081361
54.216439,4,1442.243622
-13.476791,3,1442.389531
-14.496791,3,1442.550877
-10.783561,4,1442.756009
51.523209,3,1442.855208
-10.783561,4,1443.054875
54.216439,4,1443.162951
54.216439,4,1443.361326
51.523209,3,1443.609318
-13.476791,3,1443.764313
-13.476791,3,1443.857197
54.216439,4,1443.969753
-13.476791,3,1444.025946
54.216439,4,1444.176431
-11.510587,4,1444.218999
-13.476791,3,1444.394752
50.707209,3,1444.528985
51.523209,3,1444.629215
51.523209,3,1444.91208
-10.783561,4,1445.001377
53.196439,4,1445.065556
54.216439,4,1445.127127
54.216439,4,1445.241061
-13.476791,3,1445.295652
-13.627712,3,1445.339694
-13.476791,3,1445.525868
-13.476791,3,1445.586036
-13.476791,3,1445.640127
50.605209,3,1445.908247
-13.476791,3,1446.133731
51.523209,3,1446.418035
-13.476791,3,1446.463179
54.216439,4,1446.586474
-13.476791,3,1446.641592
-13.476791,3,1446.788618
-10.783561,4,1447.093538
54.216439,4,1447.234319
-13.476791,3,1447.296558
-13.476791,3,1447.348699
-10.991283,4,1447.395264
51.523209,3,1447.488878
-13.476791,3,1447.573226
51.523209,3,1447.872949
-13.476791,3,1448.051552
-13.476791,3,1448.0911
51.523209,3,1448.371142
-13.476791,3,1448.424254
54.216439,4,1448.528085
54.216439,4,1448.599193
-13.476791,3,1448.746602
54.216439,4,1448.817241
-13.476791,3,1448.997219
-10.783561,4,1449.295481
-13.476791,3,1449.35861
-14.139791,3,1449.405679
54.216439,4,1449.46784
54.216439,4,1449.528544
54.216439,4,1449.766062
54.216439,4,1449.905869
-11.803561,4,1450.10211
-14.290712,3,1450.140168
-10.783561,4,1450.228813
-13.476791,3,1450.298463
54.216439,4,1450.357641
54.216439,4,1450.473313
-13.703172,3,1450.515055
51.523209,3,1450.80373
54.216439,4,1450.953077
-13.476791,3,1450.999136
-13.448587,4,1451.037699
54.216439,4,1451.149402
-13.476791,3,1451.233113
54.216439,4,1451.402973
51.523209,3,1451.68811
-14.394791,3,1451.751323
-13.476791,3,1451.827601
52.89044,4,1451.988487
54.216439,4,1452.150467
51.523209,3,1452.301897
-10.783561,4,1452.596221
50.809209,3,1452.959593
54.216439,4,1453.121372
51.523209,3,1453.193008
51.523209,3,1453.418246
-10.783561,4,1453.470825
51.523209,3,1453.554183
54.216439,4,1453.725052
-11.599561,4,1454.058118
54.008717,4,1454.281716
-13.476791,3,1454.341544
51.523209,3,1454.446065
-13.476791,3,1454.513956
51.523209,3,1454.858913
-14.496791,3,1455.227077
-13.476791,3,1455.446659
-13.476791,3,1455.487219
50.707209,3,1455.805826
-13.476791,3,1455.979408
-10.783561,4,1456.080737
-13.476791,3,1456.344435
-13.476791,3,1456.546137
-10.783561,4,1456.643329
-10.783561,4,1456.727989
-13.476791,3,1456.921687
-13.476791,3,1457.133018
-13.476791,3,1457.178617
-14.190791,3,1457.384584
-13.740902,3,1457.423645
-14.496791,3,1457.466216
51.523209,3,1457.761084
-13.476791,3,1457.817225
-13.476791,3,1457.903727
-13.703172,3,1457.945131
51.523209,3,1458.037319
-13.476791,3,1458.091088
-13.476791,3,1458.301144
-10.783561,4,1458.387307
-10.783561,4,1458.600284
51.523209,3,1458.811876
-13.476791,3,1458.993968
-13.476791,3,1459.200145
-13.476791,3,1459.240701
-13.476791,3,1459.289301
-14.394791,3,1459.436107
-13.476791,3,1459.617593
-13.476791,3,1459.68292
-13.476791,3,1459.874899
-13.476791,3,1459.928563
-13.627712,3,1459.969656
-13.476791,3,1460.009261
51.523209,3,1460.099367
50.503209,3,1460.312878
-13.476791,3,1460.51777
51.523209,3,1460.783804
-14.496791,3,1460.837408
-13.476791,3,1460.884655
-13.476791,3,1460.93414
-13.476791,3,1461.238661
-10.783561,4,1461.446132
-13.476791,3,1461.530374
-13.552251,3,1461.59145
-13.476791,3,1461.78528
-13.476791,3,1461.829481
-13.627712,3,1461.898164
-13.476791,3,1461.960956
-13.476791,3,1462.109799
-13.476791,3,1462.153977
-13.476791,3,1462.311251
-13.476791,3,1462.354588
-13.476791,3,1462.537838
-13.476791,3,1462.705618
-13.476791,3,1462.932185
-14.368251,3,1462.993714
-13.476791,3,1463.033454
-13.476791,3,1463.089029
-13.476791,3,1463.207137
-13.476791,3,1463.434613
-13.476791,3,1463.483502
-13.476791,3,1463.633073
-13.476791,3,1463.67564
-13.476791,3,1463.822875
-10.783561,4,1464.012721
-13.476791,3,1464.057857
-13.476791,3,1464.268518
-13.476791,3,1464.577006
-13.476791,3,1464.632606
54.216439,4,1464.695248
-13.476791,3,1464.91123
51.523209,3,1465.19768
54.216439,4,1465.312687
-13.476791,3,1465.503628
-13.476791,3,1465.555493
54.216439,4,1465.619932
50.605209,3,1465.903865
51.523209,3,1465.97507
-13.476791,3,1466.179585
-13.476791,3,1466.259094
-13.476791,3,1466.34849
-14.290712,3,1466.411754
-10.783561,4,1466.616443
-13.476791,3,1466.825274
-13.476791,3,1467.007562
-13.476791,3,1467.07105
-13.476791,3,1467.268384
-14.496791,3,1467.415183
51.523209,3,1467.711031
-13.476791,3,1467.934606
-13.476791,3,1467.97881
-13.476791,3,1468.019403
-13.476791,3,1468.318085
-13.476791,3,1468.37119
-13.476791,3,1468.47835
-10.783561,4,1468.564703
-13.476791,3,1468.631242
-13.476791,3,1468.857951
-13.476791,3,1469.019115
53.502439,4,1469.081737
-13.476791,3,1469.264225
51.523209,3,1469.351284
-13.476791,3,1469.407015
-13.476791,3,1469.552399
-10.783561,4,1469.639096
-14.496791,3,1469.819387
-13.740902,3,1469.860993
-13.476791,3,1470.032916
-13.476791,3,1470.178159
54.216439,4,1470.377137
-10.783561,4,1470.466819
-11.44656,4,1470.665168
54.216439,4,1470.781832
-13.476791,3,1470.96083
-13.476791,3,1471.114085
54.216439,4,1471.313409
54.216439,4,1471.460963
54.216439,4,1471.529514
-10.783561,4,1471.733248
54.216439,4,1471.958962
54.216439,4,1472.078344
54.216439,4,1472.235947
-13.476791,3,1472.38501
54.216439,4,1472.451118
-13.476791,3,1472.6376
-11.497561,4,1472.746545
-10.783561,4,1472.836411
-13.476791,3,1472.993307
54.216439,4,1473.242728
-15.057791,3,1473.421166
54.216439,4,1473.575937
54.216439,4,1473.726437
-14.658902,3,1473.769036
54.216439,4,1473.926423
-10.783561,4,1474.011649
54.216439,4,1474.262404
-11.406726,4,1474.320799
-10.783561,4,1474.531185
53.400439,4,1474.598465
54.216439,4,1474.65729
54.008717,4,1474.754068
51.523209,3,1474.830819
54.216439,4,1474.893349
-13.476791,3,1475.157597
51.523209,3,1475.460807
54.216439,4,1475.573005
54.216439,4,1475.633647
54.216439,4,1475.792134
54.216439,4,1475.860556
51.523209,3,1475.940409
-13.476791,3,1476.012465
54.216439,4,1476.20479
54.216439,4,1476.271385
54.216439,4,1476.325391
-13.476791,3,1476.51443
54.216439,4,1476.627607
-13.552251,3,1476.675636
54.216439,4,1476.73424
-13.476791,3,1476.77473
-14.366172,3,1476.81631
54.216439,4,1476.92685
54.216439,4,1477.068
54.216439,4,1477.22647
54.216439,4,1477.295728
-10.783561,4,1477.50766
-10.783561,4,1477.800772
54.216439,4,1477.838356
-10.783561,4,1478.044809
-11.803561,4,1478.245693
-13.476791,3,1478.402332
54.216439,4,1478.507683
54.216439,4,1478.657243
54.216439,4,1478.720856
54.216439,4,1478.87419
-8.211028,5,1478.970186
-14.190791,3,1479.13262
54.216439,4,1479.21025
54.216439,4,1479.283353
-13.476791,3,1479.337857
-13.703172,3,1479.379632
54.216439,4,1479.520891
53.502439,4,1479.590499
54.216439,4,1479.684444
-13.476791,3,1479.727526
53.29844,4,1479.834921
-13.740902,3,1479.876682
54.216439,4,1480.014874
52.176439,4,1480.1624
54.216439,4,1480.325872
54.216439,4,1480.379475
53.55344,4,1480.61391
54.216439,4,1480.675025
-10.783561,4,1480.763381
53.196439,4,1480.858838
54.216439,4,1481.013183
54.216439,4,1481.171412
53.55344,4,1481.326166
-10.783561,4,1481.416297
54.216439,4,1481.654204
54.216439,4,1481.836866
-13.476791,3,1481.876945
-13.476791,3,1481.922514
-13.476791,3,1482.103138
-13.476791,3,1482.189263
-13.703172,3,1482.238379
-10.783561,4,1482.43565
54.216439,4,1482.580509
-13.476791,3,1482.662653
-11.70156,4,1482.807975
-13.476791,3,1482.861545
-13.476791,3,1483.008418
-13.476791,3,1483.129794
54.216439,4,1483.310725
-13.476791,3,1483.483028
-13.627712,3,1483.5211
53.29844,4,1483.768754
-13.476791,3,1483.948249
-13.476791,3,1483.989806
-13.740902,3,1484.02882
54.216439,4,1484.268701
51.523209,3,1484.531008
51.523209,3,1484.624558
51.523209,3,1484.874214
-11.199004,4,1484.992402
-13.476791,3,1485.169255
-10.783561,4,1485.252393
-8.407468,5,1485.299475
54.216439,4,1485.351486
54.216439,4,1485.506223
-14.139791,3,1485.575873
54.216439,4,1485.732382
54.216439,4,1485.834491
-13.476791,3,1485.996496
54.216439,4,1486.065394
51.523209,3,1486.133151
-13.476791,3,1486.180211
-13.476791,3,1486.236825
-13.476791,3,1486.288991
-13.476791,3,1486.37615
51.523209,3,1486.659313
-10.783561,4,1486.751602
53.55344,4,1486.869417
54.216439,4,1486.934657
-11.599561,4,1487.023363
-10.783561,4,1487.222339
-13.476791,3,1487.367957
-13.476791,3,1487.416545
-13.476791,3,1487.560892
-10.783561,4,1487.645532
54.216439,4,1487.87071
-13.476791,3,1487.931309
-13.476791,3,1487.992584
-14.139791,3,1488.030647
51.523209,3,1488.113775
54.216439,4,1488.275324
-13.476791,3,1488.416705
-13.476791,3,1488.592141
-13.476791,3,1488.651239
-13.552251,3,1488.841592
-13.476791,3,1488.988266
-13.476791,3,1489.207465
-11.497561,4,1489.413551
-10.783561,4,1489.62382
-13.476791,3,1489.663607
-13.740902,3,1489.707311
-13.476791,3,1489.902268
-13.476791,3,1489.943455
-13.476791,3,1490.218685
-13.627712,3,1490.267817
-13.703172,3,1490.310038
51.523209,3,1490.609412
-13.476791,3,1490.757558
-13.476791,3,1490.836453
-10.783561,4,1490.923808
-13.552251,3,1490.982468
-13.476791,3,1491.03746
51.523209,3,1491.161122
-13.476791,3,1491.252388
-10.783561,4,1491.450532
-13.476791,3,1491.507103
-14.572251,3,1491.697493
-13.476791,3,1491.775085
-14.496791,3,1491.927954
-13.476791,3,1492.106949
51.523209,3,1492.181144
-11.44656,4,1492.270326
51.523209,3,1492.553711
51.523209,3,1492.682134
-13.476791,3,1492.736715
51.523209,3,1492.980367
-13.476791,3,1493.035971
-13.476791,3,1493.108745
-13.476791,3,1493.172336
54.216439,4,1493.232407
-14.190791,3,1493.413956
-13.476791,3,1493.452518
-13.476791,3,1493.67204
-13.476791,3,1493.755415
-13.476791,3,1493.898807
-10.783561,4,1494.09803
51.523209,3,1494.352457
-10.783561,4,1494.437103
-13.476791,3,1494.505912
51.523209,3,1494.605677
-13.476791,3,1494.647773
-13.476791,3,1494.819928
-13.476791,3,1494.869982
-13.476791,3,1494.980787
-13.740902,3,1495.02237
50.605209,3,1495.201039
-13.476791,3,1495.242128
51.523209,3,1495.336945
51.523209,3,1495.446138
-13.476791,3,1495.622323
-13.476791,3,1495.689923
51.523209,3,1495.79358
-13.476791,3,1495.979254
51.523209,3,1496.256792
-14.394791,3,1496.332429
-11.599561,4,1496.528578
-13.476791,3,1496.64415
-13.476791,3,1496.68722
-13.476791,3,1496.726468
-13.476791,3,1496.873232
50.707209,3,1497.166625
-10.783561,4,1497.253959
-13.552251,3,1497.445721
-13.476791,3,1497.493289
51.523209,3,1497.562234
-13.476791,3,1497.709305
-13.476791,3,1497.764374
-14.139791,3,1497.906366
51.523209,3,1498.111104
51.523209,3,1498.209175
-13.476791,3,1498.358047
-13.476791,3,1498.532087
51.523209,3,1498.622359
-13.476791,3,1498.804529
-13.476791,3,1498.847564
-13.476791,3,1498.892123
-13.476791,3,1498.935085
-13.476791,3,1499.257904
51.523209,3,1499.513337
-13.476791,3,1499.656571
-13.476791,3,1499.944097
-10.783561,4,1500.174852
-13.476791,3,1500.368488
-13.476791,3,1500.494786
53.502439,4,1500.683323
-13.476791,3,1500.961174
53.29844,4,1501.040322
54.216439,4,1501.28913
-13.476791,3,1501.402065
-13.476791,3,1501.457239
54.216439,4,1501.605527
-13.476791,3,1501.773208
-10.783561,4,1502.081367
-14.139791,3,1502.224852
54.216439,4,1502.332184
54.216439,4,1502.476993
-13.552251,3,1502.532596
-11.199004,4,1502.623796
51.523209,3,1502.732018
-11.803561,4,1502.815774
50.605209,3,1503.008945
-14.292791,3,1503.155211
-13.476791,3,1503.265535
-13.476791,3,1503.423056
51.523209,3,1503.601023
54.216439,4,1503.703875
54.216439,4,1503.900636
-13.476791,3,1504.053893
51.523209,3,1504.13662
-13.476791,3,1504.23059
-14.394791,3,1504.279024
-14.190791,3,1504.321092
-13.627712,3,1504.363204
-13.476791,3,1504.51046
-13.476791,3,1504.566069
54.216439,4,1504.642713
-13.476791,3,1504.698409
54.216439,4,1504.853522
54.216439,4,1505.03748
-13.476791,3,1505.254792
-13.476791,3,1505.453032
54.216439,4,1505.602029
-13.476791,3,1505.654113
-10.783561,4,1505.739235
-13.476791,3,1505.896508
-14.496791,3,1506.044734
-13.476791,3,1506.132692
-10.783561,4,1506.338187
-13.476791,3,1506.383395
51.523209,3,1506.512358
-10.783561,4,1506.594576
-13.476791,3,1506.639133
-13.476791,3,1506.68018
-13.476791,3,1506.742289
-10.783561,4,1507.057246
-14.190791,3,1507.222614
-13.476791,3,1507.507804
-13.476791,3,1507.69007
51.523209,3,1507.975716
-13.476791,3,1508.15063
-13.476791,3,1508.297008
-13.476791,3,1508.379944
51.523209,3,1508.474106
-13.476791,3,1508.642872
-13.476791,3,1508.705604
-10.783561,4,1508.79326
51.523209,3,1508.888902
51.523209,3,1509.172775
-13.476791,3,1509.268415
-13.476791,3,1509.48083
-13.476791,3,1509.567968
-13.476791,3,1509.74632
-10.783561,4,1509.946239
54.216439,4,1510.062264
-13.476791,3,1510.249044
-13.476791,3,1510.28909
-13.476791,3,1510.478132
50.707209,3,1510.758482
-13.552251,3,1510.832611
-13.476791,3,1510.873178
-13.476791,3,1511.050388
-13.476791,3,1511.096941
54.216439,4,1511.268268
-13.476791,3,1511.35509
-10.783561,4,1511.667082
-14.292791,3,1511.753709
54.216439,4,1511.824274
-10.783561,4,1511.913079
-13.476791,3,1512.054677
54.216439,4,1512.243819
-11.497561,4,1512.333746
-13.476791,3,1512.509186
53.29844,4,1512.564279
-11.510587,4,1512.611838
-13.476791,3,1512.797774
54.216439,4,1512.980055
51.523209,3,1513.059801
-13.476791,3,1513.210027
51.523209,3,1513.298519
54.216439,4,1513.44435
-10.783561,4,1513.529111
54.216439,4,1513.570102
-13.476791,3,1513.733308
-10.783561,4,1513.946041
54.216439,4,1514.012166
54.216439,4,1514.161799
57.967614,5,1514.252167
-14.190791,3,1514.336447
50.809209,3,1514.483873
-10.783561,4,1514.573195
-13.476791,3,1514.727485
-13.476791,3,1514.83959
-14.496791,3,1515.062873
51.523209,3,1515.192082
-13.476791,3,1515.390536
-13.476791,3,1515.430596
-13.476791,3,1515.620529
-13.476791,3,1515.812917
51.523209,3,1516.125182
-13.476791,3,1516.317629
-10.783561,4,1516.400105
-13.476791,3,1516.437638
-13.476791,3,1516.480415
50.146209,3,1516.568514
-14.394791,3,1516.774766
51.523209,3,1516.865885
51.523209,3,1517.154963
-13.476791,3,1517.430721
-13.476791,3,1517.477782
-13.476791,3,1517.559221
-13.476791,3,1517.643047
51.523209,3,1517.939595
-10.783561,4,1518.042062
51.523209,3,1518.302008
-13.476791,3,1518.354643
-13.476791,3,1518.548179
-14.341712,3,1518.590722
51.523209,3,1518.864302
54.216439,4,1518.978383
54.216439,4,1519.131005
-13.476791,3,1519.196906
-13.476791,3,1519.35801
50.860209,3,1519.505059
-13.476791,3,1519.682863
-10.783561,4,1519.886969
-13.476791,3,1520.033391
-13.476791,3,1520.231779
-14.292791,3,1520.388171
-14.190791,3,1520.575137
-13.476791,3,1520.618268
54.216439,4,1520.758172
54.216439,4,1520.904926
-13.476791,3,1521.10357
-13.476791,3,1521.178583
-13.476791,3,1521.226676
-13.476791,3,1521.502207
-13.476791,3,1521.684573
54.216439,4,1521.806785
-13.476791,3,1521.857898
-13.476791,3,1522.039048
-10.783561,4,1522.233266
-13.476791,3,1522.284483
54.216439,4,1522.448488
-10.783561,4,1522.549463
-14.139791,3,1522.753416
51.523209,3,1523.044027
54.216439,4,1523.199812
54.216439,4,1523.271945
-13.476791,3,1523.434724
51.523209,3,1523.696673
-13.476791,3,1523.736143
54.216439,4,1523.782765
-10.783561,4,1523.868474
-13.476791,3,1523.958193
-10.783561,4,1524.164114
54.216439,4,1524.328921
54.216439,4,1524.512111
51.523209,3,1524.701804
-13.476791,3,1524.881925
-13.476791,3,1525.029201
51.523209,3,1525.142659
-13.476791,3,1525.290135
54.216439,4,1525.457739
-11.199004,4,1525.513347
54.216439,4,1525.591566
54.216439,4,1525.743998
54.216439,4,1525.850181
-13.476791,3,1525.905168
-13.476791,3,1526.130632
54.216439,4,1526.208372
54.216439,4,1526.35727
54.216439,4,1526.42038
-13.552251,3,1526.5005
-10.783561,4,1526.771727
57.304614,5,1526.940039
-10.783561,4,1527.235149
54.216439,4,1527.316956
-13.476791,3,1527.536137
-10.783561,4,1527.620782
-10.783561,4,1527.708614
54.216439,4,1527.898812
-10.783561,4,1527.983106
-10.783561,4,1528.179062
54.216439,4,1528.333248
54.216439,4,1528.512912
54.216439,4,1528.579912
-13.476791,3,1528.734577
54.216439,4,1528.967316
53.29844,4,1529.12783
54.216439,4,1529.236366
51.523209,3,1529.321692
-13.703172,3,1529.364807
54.216439,4,1529.468373
-13.476791,3,1529.629795
-10.783561,4,1529.837071
54.216439,4,1529.929954
54.216439,4,1530.134991
54.216439,4,1530.265278
-13.476791,3,1530.326003
54.216439,4,1530.508102
51.523209,3,1530.660507
-10.783561,4,1530.878506
53.55344,4,1530.987401
54.216439,4,1531.135278
-10.783561,4,1531.344662
54.216439,4,1531.498924
-11.803561,4,1531.590665
51.523209,3,1531.684955
54.216439,4,1531.764172
-13.476791,3,1531.945936
54.216439,4,1532.023291
51.523209,3,1532.334148
54.216439,4,1532.399784
-10.783561,4,1532.606492
-10.783561,4,1532.692155
-13.476791,3,1532.856454
51.523209,3,1533.167346
54.216439,4,1533.319147
-10.783561,4,1533.415477
54.216439,4,1533.56579
54.216439,4,1533.711724
-10.783561,4,1533.917385
54.216439,4,1534.115989
51.523209,3,1534.397167
54.216439,4,1534.546079
-10.783561,4,1534.73458
-13.476791,3,1534.883589
-13.476791,3,1535.071993
-14.139791,3,1535.254834
-13.476791,3,1535.456467
-10.783561,4,1535.541436
-13.476791,3,1535.580279
-13.703172,3,1535.621868
-13.476791,3,1535.699443
-13.476791,3,1535.883464
-13.476791,3,1536.069112
-13.476791,3,1536.214301
-10.783561,4,1536.309157
-13.552251,3,1536.364848
-13.476791,3,1536.463419
-13.476791,3,1536.643532
51.523209,3,1536.78872
-13.476791,3,1536.966524
51.523209,3,1537.135549
-13.476791,3,1537.212789
-13.476791,3,1537.316604
-13.476791,3,1537.358309
-13.476791,3,1537.548411
-13.476791,3,1537.695734
51.523209,3,1537.784914
-13.476791,3,1537.827407
-13.476791,3,1538.012874
-13.476791,3,1538.165128
-13.476791,3,1538.221724
-13.476791,3,1538.307359
-13.476791,3,1538.394265
-13.476791,3,1538.575087
51.523209,3,1538.677979
-13.476791,3,1538.829922
-13.476791,3,1538.980635
-13.476791,3,1539.070663
-13.476791,3,1539.122422
-13.476791,3,1539.181364
-13.476791,3,1539.243414
-14.496791,3,1539.469553
-13.476791,3,1539.516647
51.523209,3,1539.787951
-13.476791,3,1539.95977
-10.783561,4,1540.017891
51.523209,3,1540.181475
-13.476791,3,1540.35822
-10.783561,4,1540.561471
54.216439,4,1540.640038
-10.783561,4,1540.729991
-13.476791,3,1540.891646
51.523209,3,1541.189503
54.216439,4,1541.361053
51.523209,3,1541.452455
-13.476791,3,1541.523871
-10.783561,4,1541.860955
54.216439,4,1542.024946
-10.783561,4,1542.122585
54.216439,4,1542.166224
54.216439,4,1542.311591
51.523209,3,1542.607979
-14.292791,3,1542.663486
-10.783561,4,1542.947189
54.216439,4,1543.12785
54.216439,4,1543.24412
54.216439,4,1543.395848
54.216439,4,1543.551392
-10.783561,4,1543.866188
54.216439,4,1544.015127
54.216439,4,1544.081285
54.216439,4,1544.232667
54.216439,4,1544.454427
-14.394791,3,1544.663504
53.400439,4,1544.730637
-13.476791,3,1544.786323
54.216439,4,1545.04891
54.216439,4,1545.125432
54.216439,4,1545.244576
-13.476791,3,1545.429703
-10.783561,4,1545.589634
54.216439,4,1545.747793
-10.783561,4,1545.834156
54.216439,4,1546.031375
54.216439,4,1546.178975
54.216439,4,1546.337899
51.523209,3,1546.715254
54.216439,4,1546.761342
51.523209,3,1547.036342
54.216439,4,1547.14444
-10.783561,4,1547.445058
54.216439,4,1547.684385
-10.783561,4,1547.8021
54.216439,4,1547.911751
54.216439,4,1548.059888
54.216439,4,1548.250612
54.216439,4,1548.4825
54.216439,4,1548.549649
54.216439,4,1548.693775
54.216439,4,1548.811608
54.216439,4,1549.039603
-10.783561,4,1549.129008
54.216439,4,1549.198736
54.216439,4,1549.316477
-10.783561,4,1549.639027
54.216439,4,1549.807986
54.216439,4,1549.870223
54.216439,4,1550.022725
54.216439,4,1550.168762
54.216439,4,1550.315364
-10.991283,4,1550.391817
53.196439,4,1550.592902
54.216439,4,1550.7541
54.216439,4,1550.7932
54.216439,4,1550.956722
-10.783561,4,1551.161584
54.216439,4,1551.322382
50.605209,3,1551.593846
-10.783561,4,1551.662394
54.216439,4,1551.733541
54.216439,4,1551.975604
-14.190791,3,1552.025192
54.216439,4,1552.139085
54.216439,4,1552.253477
54.216439,4,1552.430581
54.216439,4,1552.57286
-10.783561,4,1552.671192
-10.783561,4,1552.952605
54.216439,4,1553.139617
-10.783561,4,1553.274222
54.216439,4,1553.436977
-13.476791,3,1553.617629
53.502439,4,1553.679639
-11.70156,4,1553.883244
-10.783561,4,1553.972379
-10.783561,4,1554.069625
54.216439,4,1554.313915
-13.740902,3,1554.360602
54.216439,4,1554.459981
-10.783561,4,1554.547223
-13.476791,3,1554.630472
54.216439,4,1554.768689
54.216439,4,1555.002645
54.216439,4,1555.156398
54.216439,4,1555.226921
54.216439,4,1555.391209
54.216439,4,1555.57948
-10.783561,4,1556.037476
51.523209,3,1556.34353
54.216439,4,1556.491463
-10.783561,4,1556.707021
54.216439,4,1556.825172
54.216439,4,1556.900493
54.216439,4,1557.061466
-13.476791,3,1557.355469
-13.476791,3,1557.521847
-10.783561,4,1557.619178
-13.476791,3,1557.659768
54.216439,4,1557.737909
-13.476791,3,1557.790015
54.216439,4,1557.911771
54.216439,4,1557.987211
-10.783561,4,1558.078418
-13.476791,3,1558.224104
54.216439,4,1558.365338
-13.476791,3,1558.555603
-10.783561,4,1558.641281
54.216439,4,1558.801157
-13.476791,3,1558.859866
51.523209,3,1559.047123
-12.426726,4,1559.108748
54.216439,4,1559.267041
54.216439,4,1559.433958
53.55344,4,1559.500424
-13.476791,3,1559.786182
-13.476791,3,1559.978661
51.523209,3,1560.273206
-13.476791,3,1560.422548
-10.783561,4,1560.511761
54.216439,4,1560.587072
54.216439,4,1560.741992
54.216439,4,1560.90028
-10.783561,4,1561.111334
54.216439,4,1561.196497
-10.783561,4,1561.505757
54.216439,4,1561.950014
53.29844,4,1562.013686
-10.783561,4,1562.107041
-11.44656,4,1562.324165
54.216439,4,1562.53332
-13.476791,3,1562.724265
-14.394791,3,1562.76902
54.216439,4,1562.930986
-11.599561,4,1563.194508
-10.783561,4,1563.281319
54.216439,4,1563.450095
54.216439,4,1563.686085
54.216439,4,1563.725271
-13.476791,3,1563.812414
-13.476791,3,1563.854575
-14.190791,3,1563.931133
54.216439,4,1563.999323
51.523209,3,1564.291103
54.216439,4,1564.354718
-14.496791,3,1564.551663
51.523209,3,1564.62694
-13.476791,3,1564.821316
54.216439,4,1565.05921
-13.476791,3,1565.101925
-13.476791,3,1565.159497
-13.476791,3,1565.334212
54.216439,4,1565.404009
51.523209,3,1565.674765
54.216439,4,1565.788469
-13.627712,3,1565.855212
-13.476791,3,1565.939645
54.216439,4,1566.013342
54.216439,4,1566.16206
54.216439,4,1566.531348
54.216439,4,1566.691884
-13.476791,3,1566.917922
54.216439,4,1566.978709
54.216439,4,1567.139727
54.216439,4,1567.286345
-10.783561,4,1567.559593
-14.760902,3,1567.598166
-10.783561,4,1567.811923
54.216439,4,1567.868562
54.216439,4,1568.062392
54.216439,4,1568.132661
-10.783561,4,1568.222859
54.216439,4,1568.340985
54.216439,4,1568.493474
-13.703172,3,1568.535804
54.216439,4,1568.653117
54.216439,4,1568.727264
-10.783561,4,1568.927018
54.216439,4,1569.066958
54.216439,4,1569.222224
54.216439,4,1569.368396
53.29844,4,1569.522088
-13.476791,3,1569.73923
-10.783561,4,1569.837544
54.216439,4,1569.90007
54.216439,4,1570.042279
54.216439,4,1570.115231
-10.783561,4,1570.199622
-10.783561,4,1570.403587
-10.783561,4,1570.604384
54.216439,4,1570.661493
-13.476791,3,1570.831248
-10.783561,4,1570.913308
-13.476791,3,1571.195043
54.216439,4,1571.336773
54.216439,4,1571.400195
54.216439,4,1571.532473
53.29844,4,1571.678752
51.523209,3,1571.798163
54.216439,4,1571.858881
53.29844,4,1572.015526
-14.139791,3,1572.079685
54.216439,4,1572.27765
53.29844,4,1572.43371
54.216439,4,1572.581144
54.216439,4,1572.815762
54.216439,4,1573.046755
-10.783561,4,1573.24227
-13.476791,3,1573.292351
54.216439,4,1573.429849
54.216439,4,1573.499018
54.216439,4,1573.651602
53.55344,4,1573.712227
-10.783561,4,1573.762569
54.216439,4,1573.823632
54.216439,4,1573.986371
-11.199004,4,1574.173212
51.523209,3,1574.341108
54.216439,4,1574.439454
-13.476791,3,1574.493221
51.523209,3,1574.588039
-10.783561,4,1574.677212
-13.476791,3,1574.826081
-10.783561,4,1574.90841
51.523209,3,1575.194009
-14.190791,3,1575.33927
-13.476791,3,1575.482697
-13.476791,3,1575.672999
-13.476791,3,1575.870929
-13.476791,3,1575.969919
-13.476791,3,1576.154686
51.523209,3,1576.429674
-13.476791,3,1576.472447
54.216439,4,1576.658922
-13.476791,3,1576.737043
51.523209,3,1576.855219
-10.783561,4,1577.051532
-10.783561,4,1577.245857
-13.476791,3,1577.298435
-13.476791,3,1577.48657
-13.476791,3,1577.633706
-13.476791,3,1577.829625
-13.476791,3,1578.012221
-13.476791,3,1578.071265
-13.476791,3,1578.219673
-13.476791,3,1578.39784
-13.476791,3,1578.451184
-10.783561,4,1578.536363
-10.783561,4,1578.621682
51.523209,3,1578.893125
-13.476791,3,1579.10641
-13.627712,3,1579.162002
-13.476791,3,1579.217769
-13.476791,3,1579.391529
-10.783561,4,1579.473488
-13.627712,3,1579.530086
-13.476791,3,1579.680837
-13.476791,3,1579.82741
-13.476791,3,1579.995685
-13.476791,3,1580.165815
-13.476791,3,1580.325316
-13.476791,3,1580.436785
-10.783561,4,1580.522409
-13.476791,3,1580.668031
-13.476791,3,1580.718835
-13.476791,3,1580.768907
-13.476791,3,1580.919399
-10.783561,4,1581.005766
-13.627712,3,1581.069878
-10.783561,4,1581.151524
-13.476791,3,1581.283037
-13.476791,3,1581.435988
-13.476791,3,1581.579197
51.523209,3,1581.850729
54.216439,4,1581.912513
-14.394791,3,1582.13156
-13.476791,3,1582.216181
-13.476791,3,1582.413431
-13.476791,3,1582.564178
-13.476791,3,1582.721151
-13.476791,3,1582.862887
51.523209,3,1582.96456
-13.476791,3,1583.128271
-13.476791,3,1583.306215
-13.740902,3,1583.347961
-13.476791,3,1583.405371
-13.476791,3,1583.550115
-13.740902,3,1583.601138
-14.139791,3,1583.773539
-13.476791,3,1583.979842
-13.476791,3,1584.099855
51.523209,3,1584.404029
51.523209,3,1584.500691
-13.476791,3,1584.554052
51.523209,3,1584.649094
-13.476791,3,1584.723235
-13.476791,3,1584.798856
-13.476791,3,1584.840924
51.523209,3,1585.018798
51.523209,3,1585.336163
-13.476791,3,1585.552276
-13.476791,3,1585.613981
-13.476791,3,1585.656049
-13.476791,3,1585.833522
-13.476791,3,1585.916182
-13.476791,3,1586.101048
-13.476791,3,1586.18834
-13.476791,3,1586.276439
-13.476791,3,1586.472061
-13.476791,3,1586.524142
-13.476791,3,1586.579142
51.523209,3,1586.700901
54.216439,4,1586.809567
-10.783561,4,1586.914086
-13.476791,3,1586.958318
-10.783561,4,1587.273561
-13.476791,3,1587.467162
-13.476791,3,1587.604591
-10.783561,4,1587.700861
-13.476791,3,1587.89074
51.523209,3,1588.164463
51.523209,3,1588.434992
-13.476791,3,1588.499488
54.216439,4,1588.754219
-13.476791,3,1588.927242
-13.476791,3,1588.977818
54.216439,4,1589.128958
-13.476791,3,1589.313031
-10.783561,4,1589.513667
-13.476791,3,1589.567744
51.523209,3,1589.660854
50.605209,3,1589.931009
-13.476791,3,1590.075533
-10.783561,4,1590.1589
54.216439,4,1590.238611
-13.476791,3,1590.382946
-10.783561,4,1590.686103
-10.783561,4,1590.770725
53.400439,4,1591.006202
54.216439,4,1591.09789
51.523209,3,1591.309476
51.523209,3,1591.50324
54.216439,4,1591.656577
54.216439,4,1591.76939
51.523209,3,1591.885464
54.216439,4,1592.042527
-10.783561,4,1592.129567
-13.476791,3,1592.19319
54.216439,4,1592.252304
50.860209,3,1592.545085
54.216439,4,1592.73088
-10.783561,4,1592.812987
-13.476791,3,1592.855102
54.216439,4,1593.033418
-10.783561,4,1593.22809
51.523209,3,1593.520544
-10.783561,4,1593.810565
54.216439,4,1593.930549
54.216439,4,1594.003124
54.216439,4,1594.120786
54.216439,4,1594.286149
54.216439,4,1594.401543
54.216439,4,1594.638096
-10.783561,4,1594.930985
54.216439,4,1595.052243
54.216439,4,1595.120824
54.216439,4,1595.266687
54.216439,4,1595.412533
54.216439,4,1595.543524
-11.406726,4,1595.619647
-13.627712,3,1595.684569
-10.783561,4,1595.949981
54.216439,4,1596.185184
54.216439,4,1596.248382
54.216439,4,1596.424679
-13.476791,3,1596.569185
-13.476791,3,1596.7151
54.216439,4,1596.861205
-10.783561,4,1596.952348
54.216439,4,1597.081629
54.216439,4,1597.222541
-10.783561,4,1597.323867
54.216439,4,1597.470545
54.216439,4,1597.541856
54.216439,4,1597.688104
54.216439,4,1597.847249
54.216439,4,1597.995832
54.216439,4,1598.057073
-13.476791,3,1598.099641
51.523209,3,1598.374475
54.216439,4,1598.433075
54.216439,4,1598.591531
-13.476791,3,1598.742764
51.523209,3,1599.026022
54.216439,4,1599.178777
51.523209,3,1599.364588
51.523209,3,1599.633106
51.523209,3,1599.929113
-10.783561,4,1600.025267
-13.476791,3,1600.06384
54.216439,4,1600.208678
-10.783561,4,1600.306521
53.29844,4,1600.365449
51.523209,3,1600.654096
54.216439,4,1600.713923
-10.783561,4,1600.799518
-13.476791,3,1600.94337
54.216439,4,1601.033983
-10.783561,4,1601.238876
54.216439,4,1601.324306
54.216439,4,1601.506268
54.216439,4,1601.672613
-13.476791,3,1601.717574
-10.783561,4,1601.916126
51.523209,3,1602.210838
-10.783561,4,1602.30435
-13.476791,3,1602.460659
-13.476791,3,1602.634714
-13.476791,3,1602.729181
-13.476791,3,1602.779723
54.216439,4,1602.846834
-11.803561,4,1603.148624
54.216439,4,1603.220429
-10.783561,4,1603.312797
51.523209,3,1603.612334
51.523209,3,1603.709538
51.523209,3,1603.863546
51.523209,3,1604.141532
-13.476791,3,1604.185188
-13.476791,3,1604.345658
54.216439,4,1604.500491
51.523209,3,1604.598414
54.216439,4,1604.670686
-13.476791,3,1604.710769
-10.783561,4,1604.795404
54.216439,4,1604.911845
-13.476791,3,1605.058131
51.523209,3,1605.328256
-13.476791,3,1605.618997
51.523209,3,1605.700365
-13.476791,3,1605.753575
-11.406726,4,1605.821203
53.502439,4,1605.987122
-13.476791,3,1606.271546
54.216439,4,1606.333209
54.216439,4,1606.487899
-13.476791,3,1606.690611
-14.496791,3,1606.885969
54.216439,4,1607.115846
-13.476791,3,1607.314953
-13.627712,3,1607.377279
51.523209,3,1607.733091
51.523209,3,1608.02554
-13.476791,3,1608.111581
-13.476791,3,1608.152572
-10.783561,4,1608.349054
-13.740902,3,1608.388909
54.216439,4,1608.506073
-13.476791,3,1608.570688
-13.476791,3,1608.747104
51.523209,3,1608.839515
-13.476791,3,1609.061403
-13.552251,3,1609.134608
51.523209,3,1609.23964
-13.476791,3,1609.386662
-13.476791,3,1609.567176
-13.476791,3,1609.60742
54.216439,4,1609.696215
-13.552251,3,1609.751591
-13.476791,3,1609.808927
-13.476791,3,1609.915889
-10.783561,4,1610.003244
-13.476791,3,1610.05237
-13.476791,3,1610.220492
54.216439,4,1610.380376
-13.476791,3,1610.544286
-10.783561,4,1610.842575
-13.476791,3,1610.922714
-13.476791,3,1611.127164
-13.476791,3,1611.177434
-10.783561,4,1611.490369
-14.139791,3,1611.545756
-10.783561,4,1611.85447
-10.783561,4,1611.94308
-15.210791,3,1612.232144
53.55344,4,1612.350297
-11.406726,4,1612.404407
-13.476791,3,1612.549644
-11.803561,4,1612.638586
-13.476791,3,1612.691467
-10.783561,4,1612.775187
-10.783561,4,1612.972066
-13.476791,3,1613.01489
-13.476791,3,1613.137205
-13.476791,3,1613.236636
53.55344,4,1613.30729
-10.783561,4,1613.574759
51.523209,3,1613.835063
54.216439,4,1613.95401
51.523209,3,1614.05617
54.216439,4,1614.204929
54.216439,4,1614.409057
54.216439,4,1614.502276
51.523209,3,1614.713824
-10.783561,4,1614.80879
-10.783561,4,1614.892913
-13.476791,3,1614.955051
-10.783561,4,1615.03837
-13.476791,3,1615.087327
51.523209,3,1615.368268
-10.783561,4,1615.453275
-14.394791,3,1615.50823
-10.783561,4,1615.597055
51.523209,3,1615.750965
-13.476791,3,1616.02911
-14.394791,3,1616.307741
-13.476791,3,1616.611133
51.523209,3,1616.899245
-13.476791,3,1617.091111
-13.476791,3,1617.268285
-13.476791,3,1617.334875
-14.496791,3,1617.501481
-13.476791,3,1617.568574
-10.783561,4,1617.779152
51.523209,3,1617.976206
-13.476791,3,1618.155072
-10.783561,4,1618.238858
-13.476791,3,1618.276619
-13.476791,3,1618.423289
-13.476791,3,1618.610364
51.523209,3,1618.833313
-13.476791,3,1618.990174
51.523209,3,1619.137186
-14.496791,3,1619.192272
-13.476791,3,1619.371393
-13.476791,3,1619.514521
-13.476791,3,1619.728966
-13.476791,3,1619.808028
-13.740902,3,1619.852687
-13.476791,3,1619.904009
-13.476791,3,1620.082717
51.523209,3,1620.372451
-13.740902,3,1620.413763
-14.496791,3,1620.5976
-13.476791,3,1620.749203
-13.476791,3,1620.820538
-13.476791,3,1620.899228
-13.476791,3,1621.178341
51.523209,3,1621.28317
-13.476791,3,1621.458485
-13.476791,3,1621.60899
-13.476791,3,1621.650595
-14.190791,3,1621.836816
-13.476791,3,1621.8779
-13.476791,3,1621.995594
50.503209,3,1622.28834
51.523209,3,1622.544974
-11.599561,4,1622.818985
-14.292791,3,1623.115942
-13.476791,3,1623.163695
51.523209,3,1623.396667
-10.783561,4,1623.486318
51.523209,3,1623.677763
-14.292791,3,1623.847329
51.523209,3,1623.944821
51.523209,3,1624.036
-13.476791,3,1624.219188
51.523209,3,1624.312372
-13.476791,3,1624.35549
51.523209,3,1624.616543
-13.476791,3,1624.764304
51.523209,3,1625.051582
51.523209,3,1625.143409
-10.783561,4,1625.225828
-13.476791,3,1625.264984
51.523209,3,1625.359524
-13.476791,3,1625.503789
-10.783561,4,1625.593042
-13.476791,3,1625.733766
-13.476791,3,1625.787364
-13.476791,3,1625.828423
-10.783561,4,1625.912117
54.216439,4,1626.139222
53.400439,4,1626.217859
-13.476791,3,1626.431326
-10.783561,4,1626.523457
-13.476791,3,1626.56273
-13.476791,3,1626.607288
50.809209,3,1626.881948
-10.783561,4,1627.085883
-10.783561,4,1627.270148
54.216439,4,1627.331327
-13.476791,3,1627.520351
-13.476791,3,1627.572571
-13.703172,3,1627.613143
-13.703172,3,1627.650691
-13.476791,3,1627.704941
51.523209,3,1627.976581
51.523209,3,1628.130476
-13.476791,3,1628.306441
54.216439,4,1628.478955
-10.783561,4,1628.750823
54.216439,4,1628.858549
54.216439,4,1628.918655
-10.783561,4,1629.186658
-10.783561,4,1629.384553
-13.476791,3,1629.525609
-13.476791,3,1629.706703
54.216439,4,1629.852951
51.523209,3,1630.132332
54.216439,4,1630.193443
-14.292791,3,1630.249479
-10.783561,4,1630.442877
54.216439,4,1630.586084
-10.783561,4,1630.885122
-10.783561,4,1630.968903
54.216439,4,1631.023656
-10.991283,4,1631.097725
-11.199004,4,1631.144409
-13.476791,3,1631.199485
54.216439,4,1631.265117
-13.476791,3,1631.524701
54.216439,4,1631.66871
-14.394791,3,1631.715821
53.502439,4,1631.857654
54.216439,4,1631.893219
54.216439,4,1631.953867
-10.783561,4,1632.042194
54.216439,4,1632.155352
51.523209,3,1632.305679
-11.70156,4,1632.388886
54.216439,4,1632.463028
51.523209,3,1632.638827
54.216439,4,1632.866967
-13.476791,3,1633.075356
-10.783561,4,1633.167011
-13.476791,3,1633.228853
54.216439,4,1633.289997
54.216439,4,1633.456724
-10.783561,4,1633.538903
-10.783561,4,1633.879006
54.216439,4,1633.988791
54.216439,4,1634.135905
-13.703172,3,1634.18591
54.216439,4,1634.377719
-13.476791,3,1634.584423
54.216439,4,1634.730381
-14.190791,3,1634.778952
54.216439,4,1634.870128
51.523209,3,1635.158005
57.967614,5,1635.235812
54.216439,4,1635.377541
54.216439,4,1635.436976
54.216439,4,1635.49358
-13.476791,3,1635.557113
-11.510587,4,1635.595175
-13.552251,3,1635.644468
54.216439,4,1635.769239
54.216439,4,1636.001773
54.216439,4,1636.165236
54.216439,4,1636.336603
-11.44656,4,1636.523261
54.216439,4,1636.715214
-10.783561,4,1636.802785
-10.783561,4,1637.000727
54.216439,4,1637.162086
54.216439,4,1637.307526
53.29844,4,1637.428807
-13.476791,3,1637.735683
-11.406726,4,1637.796815
53.502439,4,1637.845382
54.216439,4,1637.911472
-10.783561,4,1637.99422
-10.783561,4,1638.080112
-10.783561,4,1638.277713
54.216439,4,1638.46151
-10.783561,4,1638.546668
-13.476791,3,1638.690358
-13.476791,3,1638.733233
51.523209,3,1638.912169
54.216439,4,1638.988798
-10.783561,4,1639.182904
54.216439,4,1639.41499
54.216439,4,1639.563373
54.216439,4,1639.647134
-10.783561,4,1639.843619
-10.783561,4,1639.927283
51.523209,3,1640.191115
54.216439,4,1640.354006
54.216439,4,1640.585788
-10.783561,4,1640.864891
54.216439,4,1641.021289
54.216439,4,1641.178545
-10.783561,4,1641.268172
-10.783561,4,1641.537719
54.216439,4,1641.771811
-13.476791,3,1641.915873
-10.783561,4,1642.115378
54.216439,4,1642.273107
-13.476791,3,1642.315191
51.523209,3,1642.456609
54.216439,4,1642.641028
-13.476791,3,1642.807464
54.216439,4,1642.86654
-10.783561,4,1642.950012
54.216439,4,1643.010149
-10.783561,4,1643.108131
54.216439,4,1643.239988
-10.783561,4,1643.32554
53.400439,4,1643.442049
51.523209,3,1643.536497
54.216439,4,1643.684489
-10.783561,4,1643.946858
54.216439,4,1644.098008
51.523209,3,1644.44291
53.29844,4,1644.559848
-13.476791,3,1644.608294
-10.783561,4,1644.710286
-13.476791,3,1644.76053
51.523209,3,1644.865697
54.216439,4,1645.039947
-11.406726,4,1645.106812
-13.476791,3,1645.281655
54.216439,4,1645.31655
51.523209,3,1645.607416
54.216439,4,1645.755462
-13.476791,3,1645.815526
-10.783561,4,1646.083088
50.860209,3,1646.237374
54.216439,4,1646.382998
51.523209,3,1646.479925
-10.783561,4,1646.693801
54.216439,4,1646.838517
-10.783561,4,1646.935172
-13.703172,3,1646.977746
-13.476791,3,1647.036582
-10.783561,4,1647.235224
-13.476791,3,1647.29233
-10.783561,4,1647.509055
-10.783561,4,1647.77144
54.216439,4,1647.95594
-13.476791,3,1648.082082
-10.783561,4,1648.173152
-10.783561,4,1648.254598
54.216439,4,1648.315248
51.523209,3,1648.403944
-13.476791,3,1648.572922
-13.476791,3,1648.716317
51.523209,3,1648.989107
-13.476791,3,1649.131562
51.523209,3,1649.280957
-13.476791,3,1649.424434
-13.740902,3,1649.465007
-10.783561,4,1649.779916
54.216439,4,1649.927162
-13.476791,3,1649.985733
-13.476791,3,1650.074366
-10.783561,4,1650.163529
54.216439,4,1650.224983
-10.783561,4,1650.528825
51.523209,3,1650.8282
-10.783561,4,1651.045823
54.216439,4,1651.286886
51.523209,3,1651.38728
-10.783561,4,1651.471101
-10.783561,4,1651.563154
-10.783561,4,1651.674001
54.216439,4,1651.742783
-10.783561,4,1651.87277
51.523209,3,1652.169046
-10.783561,4,1652.375692
54.216439,4,1652.484949
54.216439,4,1652.556556
-10.783561,4,1652.871979
-13.476791,3,1652.94173
54.216439,4,1653.134992
54.216439,4,1653.19173
54.216439,4,1653.238312
-13.476791,3,1653.329059
51.523209,3,1653.602785
-13.476791,3,1653.760923
54.216439,4,1653.969749
54.216439,4,1654.128536
-13.552251,3,1654.213268
-10.783561,4,1654.410029
-7.032386,5,1654.459987
50.707209,3,1654.55885
54.216439,4,1654.619969
54.216439,4,1654.680834
-10.783561,4,1654.878565
-14.647712,3,1654.953376
-10.783561,4,1655.063261
-13.476791,3,1655.22034
-10.783561,4,1655.312467
51.523209,3,1655.592386
-10.783561,4,1655.657858
-13.476791,3,1655.833321
-13.476791,3,1655.88992
51.523209,3,1655.968593
51.523209,3,1656.07257
-13.476791,3,1656.113145
-13.476791,3,1656.292285
-10.783561,4,1656.345455
-13.476791,3,1656.430962
-14.647712,3,1656.505099
51.523209,3,1656.788395
-13.476791,3,1656.884996
-13.476791,3,1657.177275
-10.783561,4,1657.376214
51.523209,3,1657.642744
-12.326587,4,1657.68498
-13.476791,3,1657.853812
-13.476791,3,1657.895636
-13.476791,3,1657.939697
51.523209,3,1658.042361
51.523209,3,1658.284673
-13.476791,3,1658.474602
-13.552251,3,1658.5499
-13.476791,3,1658.823992
-13.476791,3,1659.138829
-13.476791,3,1659.179886
-13.476791,3,1659.342109
-13.476791,3,1659.383167
-13.476791,3,1659.443771
-13.476791,3,1659.616321
50.809209,3,1659.866385
-13.476791,3,1660.004061
-10.783561,4,1660.210611
-13.476791,3,1660.250159
-13.476791,3,1660.521559
51.523209,3,1660.771617
-13.476791,3,1660.811676
-13.476791,3,1660.861254
-13.476791,3,1660.901336
-14.292791,3,1660.985456
-13.476791,3,1661.126135
-10.783561,4,1661.214049
50.503209,3,1661.402865
51.523209,3,1661.593905
-13.476791,3,1661.786551
-13.476791,3,1661.839642
-14.904791,3,1661.896674
51.523209,3,1662.005026
-14.394791,3,1662.159956
-13.703172,3,1662.20093
-13.476791,3,1662.361776
-13.476791,3,1662.506914
-13.476791,3,1662.548842
-13.476791,3,1662.824856
51.523209,3,1662.91009
51.523209,3,1663.191314
-13.476791,3,1663.303042
-13.476791,3,1663.349802
-13.476791,3,1663.395571
-13.476791,3,1663.438146
51.523209,3,1663.705363
-13.476791,3,1663.798798
-13.476791,3,1663.979637
-13.476791,3,1664.125996
-13.476791,3,1664.169563
-13.476791,3,1664.346229
-13.476791,3,1664.537417
-13.476791,3,1664.724663
51.523209,3,1665.000098
-13.476791,3,1665.042246
-13.476791,3,1665.230607
-13.476791,3,1665.412724
-13.476791,3,1665.458302
-10.783561,4,1665.541971
51.523209,3,1665.63261
-13.476791,3,1665.822211
-13.476791,3,1666.107717
-13.476791,3,1666.262574
-13.476791,3,1666.342921
-13.476791,3,1666.638548
-13.476791,3,1666.68763
-14.496791,3,1666.860152
-13.476791,3,1666.906261
-13.476791,3,1667.052222
-10.783561,4,1667.135347
51.523209,3,1667.431397
-13.476791,3,1667.492035
-13.476791,3,1667.67743
-13.476791,3,1667.818158
-13.476791,3,1668.092612
-13.476791,3,1668.160429
-13.476791,3,1668.28549
51.523209,3,1668.382747
50.860209,3,1668.613423
-13.476791,3,1668.6857
53.55344,4,1668.754954
-13.476791,3,1668.899821
-13.476791,3,1668.941538
-13.703172,3,1668.980667
-10.783561,4,1669.070381
51.523209,3,1669.343355
-13.476791,3,1669.485869
-13.476791,3,1669.655594
-10.783561,4,1669.921814
-13.476791,3,1670.095397
-13.476791,3,1670.138137
-13.476791,3,1670.178271
-13.476791,3,1670.234495
-13.740902,3,1670.287304
-13.476791,3,1670.429852
-13.476791,3,1670.573172
-13.476791,3,1670.719926
-11.803561,4,1671.002614
-10.783561,4,1671.19803
-10.783561,4,1671.282193
-13.740902,3,1671.330449
-13.476791,3,1671.41821
-13.476791,3,1671.457881
-13.476791,3,1671.500136
-13.476791,3,1671.70761
51.523209,3,1671.985882
54.216439,4,1672.162819
-13.476791,3,1672.210896
-13.476791,3,1672.335972
-13.476791,3,1672.423625
51.523209,3,1672.690766
-13.476791,3,1672.898408
-10.783561,4,1672.979525
-14.621172,3,1673.021975
-13.476791,3,1673.062624
50.605209,3,1673.303876
-13.476791,3,1673.360523
-10.783561,4,1673.557439
54.216439,4,1673.703086
-13.740902,3,1673.74165
-10.783561,4,1674.03981
54.216439,4,1674.109995
-13.476791,3,1674.407371
51.523209,3,1674.67392
-10.783561,4,1674.75017
51.523209,3,1674.844053
-10.783561,4,1674.926895
-10.783561,4,1675.010788
-14.723172,3,1675.049857
-13.476791,3,1675.230448
54.216439,4,1675.296546
54.216439,4,1675.483857
54.216439,4,1675.682817
54.216439,4,1675.856729
-14.394791,3,1675.898349
-14.621172,3,1675.939431
-10.783561,4,1676.025868
-9.129028,5,1676.08803
-10.783561,4,1676.324743
-10.783561,4,1676.435489
54.216439,4,1676.57422
-13.703172,3,1676.613868
-10.783561,4,1676.818187
-13.476791,3,1676.961847
-10.783561,4,1677.049663
-13.476791,3,1677.126359
54.216439,4,1677.288023
-13.476791,3,1677.329605
-13.552251,3,1677.405488
51.523209,3,1677.677505
-10.783561,4,1677.968797
54.216439,4,1678.207705
-13.476791,3,1678.499676
54.216439,4,1678.656242
54.216439,4,1678.718377
-13.476791,3,1678.869578
54.216439,4,1679.013758
54.216439,4,1679.235752
-14.496791,3,1679.293839
-13.476791,3,1679.447992
-10.783561,4,1679.540833
50.605209,3,1679.787243
-13.476791,3,1679.829328
-14.292791,3,1679.94205
53.55344,4,1680.097724
-13.476791,3,1680.257472
51.523209,3,1680.356249
51.523209,3,1680.617658
-13.476791,3,1680.808293
-13.476791,3,1680.861769
-13.552251,3,1680.916442
-14.139791,3,1680.97054
51.523209,3,1681.245557
-13.740902,3,1681.287615
-13.476791,3,1681.507551
-13.476791,3,1681.560188
-13.476791,3,1681.705421
54.216439,4,1681.765057
-13.476791,3,1681.857818
-11.803561,4,1682.060687
54.216439,4,1682.223152
-13.476791,3,1682.307422
-13.476791,3,1682.606469
-13.476791,3,1682.650617
51.523209,3,1682.742535
-13.476791,3,1682.789609
-14.292791,3,1682.829246
-13.476791,3,1683.120966
-13.476791,3,1683.208611
51.523209,3,1683.30138
-13.476791,3,1683.489311
-13.476791,3,1683.680641
-13.476791,3,1683.874754
-13.476791,3,1683.927484
-13.476791,3,1684.075673
-13.476791,3,1684.270656
-14.292791,3,1684.441936
54.216439,4,1684.586142
-13.476791,3,1684.741047
-13.476791,3,1684.895761
-10.783561,4,1684.98533
-13.476791,3,1685.049588
51.523209,3,1685.150366
-10.783561,4,1685.355331
-13.476791,3,1685.514344
-13.476791,3,1685.692823
-13.476791,3,1685.891304
51.523209,3,1685.987949
-13.476791,3,1686.030496
-13.476791,3,1686.119789
-10.783561,4,1686.208416
-10.783561,4,1686.291883
-13.476791,3,1686.449655
-13.476791,3,1686.49222
-11.497561,4,1686.581639
-13.476791,3,1686.634404
-13.740902,3,1686.67547
-13.476791,3,1686.884752
-13.476791,3,1686.928309
-13.476791,3,1687.107104
-13.476791,3,1687.223856
51.523209,3,1687.520424
-13.476791,3,1687.704229
-11.510587,4,1687.747249
-13.476791,3,1687.792863
-13.476791,3,1687.852618
-13.476791,3,1688.016985
51.523209,3,1688.183546
-10.783561,4,1688.524746
-14.139791,3,1688.571314
-13.476791,3,1688.736415
-13.476791,3,1688.88204
-13.476791,3,1688.937962
-13.552251,3,1689.052417
-13.476791,3,1689.107148
-10.783561,4,1689.307478
51.523209,3,1689.396486
51.523209,3,1689.48921
-13.476791,3,1689.770574
-13.476791,3,1689.939716
51.523209,3,1690.02738
-10.783561,4,1690.326387
-13.476791,3,1690.510563
51.523209,3,1690.811509
-13.476791,3,1691.008012
50.809209,3,1691.102624
-13.476791,3,1691.153302
-13.476791,3,1691.324621
51.523209,3,1691.427159
-13.476791,3,1691.475389
-13.476791,3,1691.626491
-13.476791,3,1691.714146
51.523209,3,1691.925234
-13.476791,3,1691.977341
-13.476791,3,1692.168081
51.523209,3,1692.358364
-13.476791,3,1692.541636
-13.476791,3,1692.691128
50.605209,3,1693.031049
-13.476791,3,1693.121197
-13.476791,3,1693.161726
51.523209,3,1693.244959
51.523209,3,1693.523404
-10.783561,4,1693.725661
-14.496791,3,1693.768219
-13.476791,3,1693.915797
-14.190791,3,1694.061029
-13.476791,3,1694.115574
-13.476791,3,1694.157278
51.447749,3,1694.414114
-13.476791,3,1694.45772
51.523209,3,1694.739234
51.523209,3,1694.987764
-13.476791,3,1695.02754
-13.476791,3,1695.318217
-13.476791,3,1695.371301
51.523209,3,1695.609872
-13.476791,3,1695.789362
-13.476791,3,1695.879178
-10.783561,4,1695.965509
-13.476791,3,1696.13547
51.523209,3,1696.410884
-13.476791,3,1696.587639
-13.476791,3,1696.765207
51.523209,3,1697.09654
-13.476791,3,1697.244755
-13.476791,3,1697.285209
-13.476791,3,1697.57373
-13.476791,3,1697.753607
51.523209,3,1698.003101
-13.476791,3,1698.09504
-13.476791,3,1698.415425
-13.476791,3,1698.503766
-10.783561,4,1698.590051
-13.476791,3,1698.633105
-13.476791,3,1698.805821
-13.476791,3,1698.860067
-14.190791,3,1699.053087
51.523209,3,1699.317498
-13.627712,3,1699.385912
-13.476791,3,1699.567657
51.523209,3,1699.804483
-13.476791,3,1699.860803
-13.476791,3,1700.091899
-13.476791,3,1700.306498
-13.476791,3,1700.487455
51.523209,3,1700.669448
-13.476791,3,1700.8435
-13.476791,3,1701.01351
-14.292791,3,1701.160101
-13.476791,3,1701.204992
-13.476791,3,1701.362873
-13.476791,3,1701.406557
-13.476791,3,1701.597579
-13.476791,3,1701.660287
-13.476791,3,1701.700855
-13.476791,3,1701.742432
-13.476791,3,1701.92613
51.523209,3,1702.091883
-14.292791,3,1702.403822
-10.783561,4,1702.72605
-13.476791,3,1702.780637
-13.476791,3,1702.948408
-10.783561,4,1703.147514
50.503209,3,1703.498385
-13.476791,3,1703.537956
-13.476791,3,1703.748301
51.523209,3,1704.029906
-13.476791,3,1704.216913
50.503209,3,1704.436379
51.523209,3,1704.72255
50.809209,3,1705.013322
-13.476791,3,1705.210668
-14.139791,3,1705.250405
-13.552251,3,1705.32159
-14.394791,3,1705.467619
-13.476791,3,1705.653548
-13.476791,3,1705.839056
-13.476791,3,1705.891753
51.523209,3,1705.977612
-13.476791,3,1706.167548
-13.476791,3,1706.222731
-10.783561,4,1706.308975
-13.476791,3,1706.347928
-10.783561,4,1706.549419
-13.476791,3,1706.595341
-13.476791,3,1706.707617
-13.740902,3,1706.745207
-13.476791,3,1706.795105
-13.476791,3,1706.944002
-13.476791,3,1707.107766
-13.476791,3,1707.211454
-13.476791,3,1707.263524
-13.476791,3,1707.440476
-13.476791,3,1707.483561
-10.783561,4,1707.567675
-10.783561,4,1707.652847
-13.476791,3,1707.706937
-10.783561,4,1707.791656
-13.476791,3,1708.012155
-13.552251,3,1708.070238
-13.476791,3,1708.112393
-13.476791,3,1708.274351
-13.476791,3,1708.453659
-13.476791,3,1708.611693
-13.476791,3,1708.79051
-13.476791,3,1708.956529
51.523209,3,1709.242956
51.523209,3,1709.516939
-13.476791,3,1709.699622
-13.476791,3,1709.851341
-13.476791,3,1709.999682
-13.476791,3,1710.163285
-13.476791,3,1710.387451
-10.783561,4,1710.597872
-10.783561,4,1710.687348
-10.783561,4,1711.013115
-13.476791,3,1711.160022
-13.476791,3,1711.381409
-13.476791,3,1711.552877
-13.476791,3,1711.842422
-14.139791,3,1711.983818
-14.496791,3,1712.262246
-10.783561,4,1712.36053
-14.292791,3,1712.416466
-13.476791,3,1712.622442
-13.476791,3,1712.829926
-13.476791,3,1712.877846
-13.476791,3,1712.932453
51.523209,3,1713.034869
-13.476791,3,1713.075922
54.216439,4,1713.232308
-13.476791,3,1713.289396
-13.476791,3,1713.436974
-13.476791,3,1713.641022
-13.476791,3,1713.67953
-10.783561,4,1713.878935
-13.476791,3,1713.919626
-13.476791,3,1714.144782
51.523209,3,1714.252191
-13.476791,3,1714.308784
-13.476791,3,1714.516807
-11.599561,4,1714.730615
-13.476791,3,1715.007517
-10.783561,4,1715.207735
-10.783561,4,1715.514334
-13.476791,3,1715.573012
-13.476791,3,1715.758844
-13.476791,3,1715.812628
-10.783561,4,1715.900814
-11.599561,4,1716.206229
-13.476791,3,1716.349016
-13.476791,3,1716.390086
54.216439,4,1716.537127
54.216439,4,1716.57887
54.216439,4,1716.815109
54.216439,4,1717.023976
-13.476791,3,1717.083065
-10.783561,4,1717.406764
-10.783561,4,1717.637705
-13.476791,3,1717.788968
-13.476791,3,1717.843067
54.216439,4,1717.998115
-13.476791,3,1718.166739
-13.476791,3,1718.224135
-13.476791,3,1718.266829
54.216439,4,1718.330913
-13.476791,3,1718.473564
54.216439,4,1718.534266
-13.476791,3,1718.685086
-10.783561,4,1718.773444
-10.783561,4,1718.976002
-13.476791,3,1719.117244
54.216439,4,1719.328762
-10.783561,4,1719.603597
-14.139791,3,1719.727318
53.29844,4,1719.875275
-10.783561,4,1719.964391
-10.783561,4,1720.06077
53.196439,4,1720.193959
-11.44656,4,1720.278719
-13.476791,3,1720.473213
54.216439,4,1720.533323
54.216439,4,1720.718986
54.216439,4,1720.836308
-11.599561,4,1720.921275
-10.783561,4,1720.994411
-13.476791,3,1721.181951
54.216439,4,1721.365049
-13.476791,3,1721.571745
-13.476791,3,1721.793319
-10.783561,4,1721.877397
50.707209,3,1721.955134
-10.783561,4,1722.234711
-13.476791,3,1722.453058
-11.406726,4,1722.499142
-13.476791,3,1722.563758
54.216439,4,1722.803474
-13.476791,3,1722.887209
54.216439,4,1722.947475
-10.783561,4,1723.147037
-13.476791,3,1723.241724
51.523209,3,1723.440507
-10.783561,4,1723.49728
54.216439,4,1723.559833
-10.783561,4,1723.647448
54.216439,4,1723.746077
-13.476791,3,1723.800733
-13.476791,3,1723.955985
-13.476791,3,1724.130862
53.29844,4,1724.230543
51.523209,3,1724.511275
-10.783561,4,1724.599133
-10.783561,4,1724.650535
-14.496791,3,1724.689116
54.216439,4,1724.837472
-10.783561,4,1725.041052
-13.476791,3,1725.188786
-10.783561,4,1725.277597
54.216439,4,1725.338067
-13.476791,3,1725.377354
51.523209,3,1725.47022
-14.496791,3,1725.526558
-13.476791,3,1725.607948
-13.476791,3,1725.819055
54.216439,4,1725.9822
-10.783561,4,1726.047305
-10.783561,4,1726.260312
-10.783561,4,1726.459584
-10.783561,4,1726.542517
-13.476791,3,1726.628818
-10.783561,4,1726.71712
51.523209,3,1726.817305
54.216439,4,1726.88067
-13.476791,3,1726.969485
-13.476791,3,1727.071285
-13.476791,3,1727.277988
51.523209,3,1727.346099
-11.199004,4,1727.584236
53.196439,4,1727.779602
-13.476791,3,1727.833668
-13.476791,3,1727.983841
54.216439,4,1728.04446
-14.139791,3,1728.10005
54.216439,4,1728.162677
-13.552251,3,1728.236247
51.523209,3,1728.55307
54.216439,4,1728.740368
-10.783561,4,1729.046992
54.216439,4,1729.189482
53.29844,4,1729.419781
-13.476791,3,1729.476192
-13.476791,3,1729.522925
-10.783561,4,1729.724786
-10.783561,4,1729.82424
-13.476791,3,1730.039066
-11.599561,4,1730.215888
-10.783561,4,1730.301358
-10.783561,4,1730.626173
54.216439,4,1730.736723
-13.476791,3,1730.883275
54.216439,4,1730.997327
-14.496791,3,1731.083007
54.216439,4,1731.198775
54.216439,4,1731.398556
54.216439,4,1731.549037
-10.783561,4,1731.63683
51.523209,3,1731.739389
-13.476791,3,1731.885499
-10.783561,4,1732.089324
-11.70156,4,1732.175074
54.216439,4,1732.37656
-13.476791,3,1732.527188
51.523209,3,1732.719516
-13.627712,3,1732.762994
51.523209,3,1733.051593
-13.476791,3,1733.222389
-13.476791,3,1733.31091
51.523209,3,1733.603856
-13.476791,3,1733.654988
54.216439,4,1733.7572
-13.476791,3,1733.973903
-13.476791,3,1734.122442
-10.783561,4,1734.213836
-13.476791,3,1734.362008
54.216439,4,1734.483639
54.216439,4,1734.634529
51.523209,3,1734.911625
-10.783561,4,1735.050431
51.523209,3,1735.158816
54.216439,4,1735.218827
51.523209,3,1735.491916
51.523209,3,1735.758757
-13.476791,3,1735.892818
-10.783561,4,1736.092955
-13.627712,3,1736.133346
-13.476791,3,1736.344101
-10.783561,4,1736.623626
-13.476791,3,1736.665333
51.523209,3,1736.796694
54.216439,4,1736.941507
-14.292791,3,1736.981774
-10.783561,4,1737.187406
54.216439,4,1737.419217
-13.476791,3,1737.565425
-13.476791,3,1737.72084
-13.476791,3,1737.761925
54.216439,4,1737.913122
-10.783561,4,1738.187641
54.216439,4,1738.303186
54.216439,4,1738.417123
-13.476791,3,1738.591374
54.216439,4,1738.709057
-13.476791,3,1738.76443
-10.783561,4,1738.854609
-13.476791,3,1739.050358
-10.783561,4,1739.247654
51.523209,3,1739.52232
-14.139791,3,1739.67676
-13.476791,3,1739.771755
51.523209,3,1739.862337
-13.476791,3,1740.005779
54.216439,4,1740.245224
54.216439,4,1740.320313
-10.783561,4,1740.405935
-13.476791,3,1740.451018
-13.476791,3,1740.513359
-13.476791,3,1740.572098
51.523209,3,1740.769919
-13.476791,3,1740.825272
-13.476791,3,1741.107386
-13.476791,3,1741.154952
54.216439,4,1741.268498
51.523209,3,1741.495676
-14.139791,3,1741.53896
-10.783561,4,1741.635087
-13.476791,3,1741.691707
-13.476791,3,1741.881151
-13.476791,3,1742.025571
-13.476791,3,1742.318376
-13.703172,3,1742.359564
-13.476791,3,1742.507056
-13.476791,3,1742.597315
51.523209,3,1742.858903
-13.476791,3,1742.935096
-10.783561,4,1743.133833
-10.783561,4,1743.457668
-13.476791,3,1743.617525
-13.476791,3,1743.809722
-13.476791,3,1743.984416
-13.627712,3,1744.028757
51.523209,3,1744.300393
-13.476791,3,1744.488621
-13.476791,3,1744.695085
-14.394791,3,1744.736758
-13.476791,3,1744.92635
-13.476791,3,1744.968777
-13.476791,3,1745.009397
-13.476791,3,1745.19645
51.523209,3,1745.326917
-13.476791,3,1745.420386
-13.476791,3,1745.536469
-10.783561,4,1745.622855
-13.476791,3,1745.693094
-13.476791,3,1745.982379
51.523209,3,1746.070988
-13.476791,3,1746.261867
-13.476791,3,1746.408786
51.523209,3,1746.531188
-14.139791,3,1746.674675
-13.476791,3,1746.754026
-14.139791,3,1746.84148
-13.476791,3,1746.910706
-13.476791,3,1747.090704
-13.476791,3,1747.352615
-13.476791,3,1747.404774
51.523209,3,1747.544158
-13.476791,3,1747.748308
-10.783561,4,1747.839115
-13.476791,3,1748.006917
-13.476791,3,1748.243181
-13.476791,3,1748.555872
51.523209,3,1748.915805
-13.476791,3,1749.094461
-13.476791,3,1749.245609
-10.783561,4,1749.446562
-13.476791,3,1749.501352
-13.476791,3,1749.71238
-13.476791,3,1749.764999
-14.139791,3,1749.931815
51.523209,3,1750.222111
-13.476791,3,1750.263822
-13.476791,3,1750.346241
-13.476791,3,1750.529596
-13.476791,3,1750.682049
-13.476791,3,1750.753198
51.523209,3,1750.965161
54.216439,4,1751.113939
-13.476791,3,1751.26888
-11.199004,4,1751.392295
-10.783561,4,1751.672992
-13.552251,3,1751.753504
-13.476791,3,1751.954437
-13.476791,3,1752.103103
54.216439,4,1752.167232
-13.476791,3,1752.347491
54.216439,4,1752.497002
-13.476791,3,1752.64428
54.216439,4,1752.806793
-14.139791,3,1752.968016
-13.703172,3,1753.007182
54.216439,4,1753.154968
-13.476791,3,1753.30675
-13.476791,3,1753.504297
-13.476791,3,1753.559899
-11.44656,4,1753.774655
54.008717,4,1753.978555
-10.783561,4,1754.204422
53.400439,4,1754.357533
54.216439,4,1754.444292
-10.783561,4,1754.726469
-10.783561,4,1754.938493
-13.476791,3,1755.085976
54.216439,4,1755.23971
54.216439,4,1755.666412
-13.476791,3,1755.882831
51.523209,3,1755.974271
54.216439,4,1756.136816
51.523209,3,1756.434952
-13.476791,3,1756.614096
51.523209,3,1756.715331
-13.476791,3,1757.000379
-13.476791,3,1757.054572
-13.476791,3,1757.097171
-13.476791,3,1757.186851
51.523209,3,1757.357203
54.216439,4,1757.515955
50.707209,3,1757.761039
-10.783561,4,1758.088482
54.216439,4,1758.271756
-10.783561,4,1758.474685
-13.476791,3,1758.622948
-13.476791,3,1758.724514
-13.476791,3,1759.010997
54.216439,4,1759.176511
-10.783561,4,1759.494178
51.523209,3,1759.759789
-13.476791,3,1759.945228
-13.476791,3,1760.025663
-13.476791,3,1760.173676
-13.476791,3,1760.214265
51.523209,3,1760.473693
54.216439,4,1760.622107
-13.476791,3,1760.921532
51.523209,3,1761.094984
-13.476791,3,1761.136704
-13.476791,3,1761.198584
54.216439,4,1761.423994
51.523209,3,1761.632311
51.523209,3,1761.821839
54.216439,4,1761.883478
-13.476791,3,1762.08288
51.523209,3,1762.336824
54.216439,4,1762.536767
51.523209,3,1762.636707
51.523209,3,1762.728851
51.523209,3,1763.013274
54.216439,4,1763.171516
-13.703172,3,1763.221653
-10.783561,4,1763.314344
-10.783561,4,1763.402768
54.216439,4,1763.462064
54.216439,4,1763.609264
53.55344,4,1763.751531
-13.476791,3,1763.899318
-13.476791,3,1763.989575
54.216439,4,1764.144295
-13.476791,3,1764.31259
-13.476791,3,1764.377331
-13.476791,3,1764.420914
54.216439,4,1764.482186
54.216439,4,1764.538234
-14.496791,3,1764.687148
-13.476791,3,1764.746204
-13.476791,3,1764.808167
-13.476791,3,1764.849026
54.216439,4,1764.893189
-13.476791,3,1765.085292
54.216439,4,1765.148436
-13.476791,3,1765.292908
-13.476791,3,1765.339994
-13.476791,3,1765.38297
-13.552251,3,1765.473246
-13.476791,3,1765.633808
54.216439,4,1765.699426
51.523209,3,1765.795616
-13.476791,3,1765.856889
-13.476791,3,1766.030133
51.523209,3,1766.143414
-13.476791,3,1766.292336
54.216439,4,1766.463772
-13.476791,3,1766.75056
-13.476791,3,1766.795213
-13.476791,3,1766.834399
-13.476791,3,1766.965736
-13.476791,3,1767.265589
-13.476791,3,1767.414462
50.605209,3,1767.505738
-13.476791,3,1767.66352
54.216439,4,1767.816557
51.523209,3,1768.108962
-13.476791,3,1768.323214
-13.476791,3,1768.502594
-13.476791,3,1768.798624
-10.783561,4,1768.890285
-13.476791,3,1768.971704
51.523209,3,1769.075245
51.523209,3,1769.25254
-13.476791,3,1769.399938
-13.476791,3,1769.496255
54.216439,4,1769.569058
51.523209,3,1769.807318
-14.394791,3,1770.05522
-13.476791,3,1770.145755
-13.476791,3,1770.196352
-14.190791,3,1770.34424
-10.783561,4,1770.562756
-13.476791,3,1770.747415
-13.476791,3,1770.837435
-13.476791,3,1771.140984
-13.476791,3,1771.189041
54.216439,4,1771.363125
54.216439,4,1771.510765
54.216439,4,1771.564832
-13.476791,3,1771.713861
-13.476791,3,1771.858182
-13.703172,3,1771.898236
50.707209,3,1771.966928
54.216439,4,1772.13393
-13.476791,3,1772.178984
54.216439,4,1772.239651
-10.783561,4,1772.452003
51.523209,3,1772.705599
-13.476791,3,1772.761815
-13.476791,3,1772.803375
51.523209,3,1773.076577
51.523209,3,1773.356412
54.216439,4,1773.404629
51.523209,3,1773.503359
-13.476791,3,1773.699276
-13.476791,3,1773.743409
51.523209,3,1774.083
-10.783561,4,1774.176764
-13.476791,3,1774.234402
-13.703172,3,1774.273902
-13.476791,3,1774.42722
-10.783561,4,1774.518166
-13.476791,3,1774.664366
54.216439,4,1774.77819
-13.476791,3,1774.844148
54.216439,4,1774.908934
-10.783561,4,1775.124713
-13.476791,3,1775.408881
-14.394791,3,1775.59166
-13.476791,3,1775.654744
-13.627712,3,1775.700827
51.523209,3,1775.972323
-14.496791,3,1776.01457
-11.510587,4,1776.059299
54.216439,4,1776.116418
54.216439,4,1776.162195
54.216439,4,1776.227288
-13.476791,3,1776.285408
-13.476791,3,1776.450901
-13.476791,3,1776.50498
-13.476791,3,1776.556047
51.523209,3,1776.650875
54.216439,4,1776.834494
54.216439,4,1776.980561
54.216439,4,1777.02362
-13.476791,3,1777.198022
51.523209,3,1777.302438
-13.476791,3,1777.514088
-13.476791,3,1777.685801
-13.476791,3,1777.727865
-10.783561,4,1777.929833
54.216439,4,1777.992472
-13.476791,3,1778.080596
54.216439,4,1778.155323
-13.476791,3,1778.296574
54.216439,4,1778.370779
54.216439,4,1778.492225
-13.476791,3,1778.789122
-13.476791,3,1778.841708
-13.476791,3,1778.931995
51.523209,3,1779.196334
50.605209,3,1779.375881
-13.476791,3,1779.523324
54.216439,4,1779.585913
-13.476791,3,1779.732637
-10.783561,4,1779.930026
-10.783561,4,1780.223392
-10.783561,4,1780.306534
-13.476791,3,1780.476069
-13.476791,3,1780.631565
51.523209,3,1780.860148
-13.476791,3,1780.914716
51.523209,3,1781.005999
-13.476791,3,1781.233939
-11.406726,4,1781.300848
-13.476791,3,1781.354849
54.216439,4,1781.542744
51.523209,3,1781.807047
-13.476791,3,1781.84601
-13.476791,3,1781.890211
-10.783561,4,1781.973849
53.55344,4,1782.157239
-13.476791,3,1782.30262
-13.476791,3,1782.345677
-13.476791,3,1782.398077
-10.783561,4,1782.575171
51.523209,3,1782.881718
-13.476791,3,1783.102479
-10.783561,4,1783.315693
-13.476791,3,1783.358254
-13.476791,3,1783.401331
-13.476791,3,1783.490489
-13.476791,3,1783.543571
-13.476791,3,1783.640831
51.523209,3,1783.91905
-10.783561,4,1784.123489
54.216439,4,1784.200757
-13.476791,3,1784.25457
51.523209,3,1784.549979
51.523209,3,1784.758803
-13.476791,3,1785.010204
-13.476791,3,1785.154984
-13.476791,3,1785.198043
-10.783561,4,1785.505652
51.523209,3,1785.795783
51.523209,3,1786.066981
-13.476791,3,1786.121294
-13.476791,3,1786.185406
54.216439,4,1786.244037
-13.627712,3,1786.291209
-13.476791,3,1786.445041
-13.476791,3,1786.724801
-13.476791,3,1786.813779
-13.627712,3,1786.884593
-13.476791,3,1787.055472
-13.476791,3,1787.097535
51.523209,3,1787.219722
-13.476791,3,1787.406858
-13.476791,3,1787.581398
51.523209,3,1787.655388
-13.476791,3,1787.808615
-13.476791,3,1787.851193
51.523209,3,1788.035626
-13.476791,3,1788.223594
-13.476791,3,1788.269163
-13.476791,3,1788.312247
51.523209,3,1788.405102
-13.476791,3,1788.580332
-13.476791,3,1788.754505
51.523209,3,1789.035327
-13.476791,3,1789.20621
-13.476791,3,1789.247909
54.216439,4,1789.310652
-13.476791,3,1789.527903
-13.476791,3,1789.68454
51.523209,3,1789.764614
-13.476791,3,1789.83693
-13.476791,3,1790.018567
-13.476791,3,1790.164914
-13.476791,3,1790.311694
-14.139791,3,1790.40354
-13.476791,3,1790.703302
50.503209,3,1790.99165
-13.476791,3,1791.055828
51.523209,3,1791.322781
-13.476791,3,1791.378006
51.523209,3,1791.468847
-13.476791,3,1791.598547
51.523209,3,1791.69168
51.523209,3,1791.795333
54.216439,4,1791.986281
-13.476791,3,1792.035374
-10.783561,4,1792.23641
-10.783561,4,1792.326046
51.523209,3,1792.412706
-10.783561,4,1792.612621
50.860209,3,1792.834471
-13.476791,3,1792.887013
-13.476791,3,1792.929281
54.216439,4,1793.082662
-13.476791,3,1793.373752
-10.783561,4,1793.694697
-13.476791,3,1793.993539
-10.783561,4,1794.079393
-13.476791,3,1794.121696
-13.476791,3,1794.401236
54.216439,4,1794.472052
-13.476791,3,1794.61705
-13.476791,3,1794.669626
54.216439,4,1794.816698
51.523209,3,1794.923065
-10.783561,4,1795.024871
-13.476791,3,1795.066935
57.151614,5,1795.136214
-13.476791,3,1795.200314
-13.476791,3,1795.257627
54.216439,4,1795.417764
-13.476791,3,1795.464886
-13.476791,3,1795.506457
-13.476791,3,1795.547587
54.216439,4,1795.605802
54.216439,4,1795.749839
50.605209,3,1796.002869
54.216439,4,1796.066597
-13.476791,3,1796.121171
-13.476791,3,1796.315625
-13.476791,3,1796.399353
51.523209,3,1796.487036
-13.476791,3,1796.57903
-13.476791,3,1796.722274
-10.783561,4,1796.812438
-13.740902,3,1796.851011
-13.476791,3,1796.996487
-13.476791,3,1797.060655
-13.476791,3,1797.203785
-13.476791,3,1797.292794
-13.476791,3,1797.476238
-14.394791,3,1797.669634
-10.783561,4,1797.87234
51.523209,3,1798.155734
51.523209,3,1798.256324
-13.476791,3,1798.325413
-13.476791,3,1798.50168
-13.476791,3,1798.646362
-13.476791,3,1798.800643
-13.476791,3,1798.980444
-13.476791,3,1799.088864
-13.476791,3,1799.235831
-13.476791,3,1799.423131
-13.476791,3,1799.618278
-13.476791,3,1799.658956
-10.783561,4,1799.862016
-13.476791,3,1800.012681
-13.476791,3,1800.060995
51.523209,3,1800.160758
-13.476791,3,1800.349982
-13.552251,3,1800.551003
-13.476791,3,1800.714539
51.523209,3,1800.949717
-13.740902,3,1800.989743
-13.476791,3,1801.169901
-13.476791,3,1801.250929
-13.476791,3,1801.293726
-13.476791,3,1801.476413
-13.476791,3,1801.600134
-13.476791,3,1801.745115
-13.476791,3,1801.891457
54.216439,4,1802.042212
-10.783561,4,1802.129877
-13.476791,3,1802.316378
-13.476791,3,1802.478657
-13.476791,3,1802.606531
-13.552251,3,1802.688687
-13.476791,3,1802.865663
-13.476791,3,1803.013854
-13.476791,3,1803.198695
-13.703172,3,1803.240631
-13.476791,3,1803.391727
-13.476791,3,1803.469571
-13.476791,3,1803.65772
-13.476791,3,1803.814112
-13.476791,3,1803.995889
-14.760902,3,1804.034448
-13.476791,3,1804.222198
-13.476791,3,1804.303819
-13.476791,3,1804.359236
-13.476791,3,1804.401799
-13.476791,3,1804.445882
51.523209,3,1804.617989
-13.476791,3,1804.832065
-13.476791,3,1805.013301
-13.476791,3,1805.161813
-14.292791,3,1805.303796
-13.476791,3,1805.620706
-13.476791,3,1805.816075
-13.703172,3,1805.853183
54.216439,4,1805.970271
51.523209,3,1806.047455
50.605209,3,1806.349521
-13.476791,3,1806.398681
-10.783561,4,1806.596217
-13.476791,3,1806.769456
-14.292791,3,1807.060245
51.523209,3,1807.170947
-13.476791,3,1807.258543
-10.783561,4,1807.363297
-13.476791,3,1807.596773
51.523209,3,1807.878103
-13.476791,3,1807.928176
-13.476791,3,1807.9825
51.523209,3,1808.079655
-13.476791,3,1808.255901
-13.476791,3,1808.312853
-13.476791,3,1808.355555
51.523209,3,1808.426153
-13.476791,3,1808.571221
54.216439,4,1808.646244
-13.476791,3,1808.790197
-13.476791,3,1808.833264
-13.476791,3,1808.921392
-11.497561,4,1809.007811
-13.476791,3,1809.157566
-13.476791,3,1809.304382
-13.476791,3,1809.394064
-10.783561,4,1809.611036
-13.476791,3,1809.827634
-13.476791,3,1809.987492
-13.476791,3,1810.183352
-13.476791,3,1810.225939
-10.783561,4,1810.431299
-13.476791,3,1810.521284
-13.476791,3,1810.67188
-13.703172,3,1810.710457
-10.783561,4,1810.809613
-13.476791,3,1810.849692
51.523209,3,1811.098114
51.523209,3,1811.259226
-14.394791,3,1811.303216
-13.476791,3,1811.390957
-13.703172,3,1811.432526
-13.476791,3,1811.652172
-13.476791,3,1811.825159
-13.476791,3,1812.025668
-13.476791,3,1812.079265
-13.476791,3,1812.226255
-13.476791,3,1812.37956
-13.476791,3,1812.481414
-13.703172,3,1812.520796
-13.476791,3,1812.700774
-13.476791,3,1812.911113
-13.476791,3,1812.951947
-13.476791,3,1813.00462
-13.476791,3,1813.215357
-13.476791,3,1813.256444
-13.552251,3,1813.346578
-10.783561,4,1813.44522
-13.476791,3,1813.499535
-10.783561,4,1813.584185
-10.783561,4,1813.792341
-13.476791,3,1813.944764
-13.476791,3,1814.101537
51.523209,3,1814.28968
-13.476791,3,1814.469524
-11.199004,4,1814.549815
-14.394791,3,1814.847466
-13.476791,3,1814.908067
-13.476791,3,1815.067627
-10.783561,4,1815.152263
51.523209,3,1815.447613
-13.476791,3,1815.592417
54.216439,4,1815.740527
-13.476791,3,1815.925329
51.523209,3,1816.195133
-10.783561,4,1816.290073
-13.476791,3,1816.338998
-10.783561,4,1816.540697
54.216439,4,1816.695648
-10.783561,4,1816.785459
-10.783561,4,1817.111626
-13.476791,3,1817.389578
-10.783561,4,1817.588891
-10.783561,4,1817.676538
54.216439,4,1817.834838
-13.476791,3,1817.888754
-13.476791,3,1818.056169
-14.496791,3,1818.098751
51.523209,3,1818.31309
-13.476791,3,1818.611769
54.216439,4,1818.718727
-10.783561,4,1818.958323
-13.476791,3,1819.105525
-10.783561,4,1819.386612
51.523209,3,1819.675597
50.503209,3,1819.950104
51.523209,3,1820.043256
-13.476791,3,1820.129873
-10.783561,4,1820.413033
51.523209,3,1820.693449
-10.783561,4,1820.8821
-13.476791,3,1821.065444
50.605209,3,1821.355757
-13.476791,3,1821.503012
-13.476791,3,1821.567238
-13.476791,3,1821.797406
-13.476791,3,1821.842491
-13.476791,3,1821.887321
-13.476791,3,1821.942943
-10.783561,4,1822.05492
-13.476791,3,1822.225338
-13.476791,3,1822.506508
-10.783561,4,1822.719605
-13.476791,3,1822.784183
-13.476791,3,1822.966028
-13.476791,3,1823.128374
-13.476791,3,1823.438263
51.523209,3,1823.720463
-13.476791,3,1824.05358
51.523209,3,1824.157669
-10.783561,4,1824.356658
51.523209,3,1824.448109
-11.199004,4,1824.526618
-10.783561,4,1824.611835
-13.476791,3,1824.681179
-13.476791,3,1824.916413
51.523209,3,1825.280136
-10.783561,4,1825.36532
-13.627712,3,1825.430073
-14.139791,3,1825.59197
51.523209,3,1825.902256
-10.783561,4,1826.108073
51.447749,3,1826.356503
54.216439,4,1826.474945
-13.476791,3,1826.623022
51.523209,3,1826.937186
-13.476791,3,1827.000807
-13.476791,3,1827.04988
-13.552251,3,1827.127504
54.216439,4,1827.192148
54.216439,4,1827.26755
54.216439,4,1827.45449
-13.476791,3,1827.607433
51.523209,3,1827.678689
54.216439,4,1827.834778
51.523209,3,1827.941723
-13.476791,3,1827.995863
-13.476791,3,1828.045413
-10.783561,4,1828.134573
-13.476791,3,1828.174916
53.196439,4,1828.29886
51.523209,3,1828.395607
-10.783561,4,1828.493814
-13.476791,3,1828.661638
-13.476791,3,1828.705689
-10.783561,4,1828.772385
-13.476791,3,1828.964666
-13.552251,3,1829.085867
54.216439,4,1829.143493
-13.476791,3,1829.183057
-13.476791,3,1829.24816
51.523209,3,1829.499992
-13.476791,3,1829.621341
-13.476791,3,1829.703661
-13.476791,3,1829.903002
-10.783561,4,1830.109068
51.523209,3,1830.403044
-13.476791,3,1830.607129
-13.476791,3,1830.757236
51.523209,3,1830.85866
-13.476791,3,1830.902056
-14.190791,3,1831.085477
-13.476791,3,1831.232891
-13.476791,3,1831.542791
-13.476791,3,1831.637962
-10.783561,4,1831.944276
-13.476791,3,1832.091568
-13.476791,3,1832.180814
-13.476791,3,1832.461552
-13.476791,3,1832.505635
-14.139791,3,1832.55873
-13.476791,3,1832.602049
-13.476791,3,1832.777533
-13.476791,3,1832.943326
-13.476791,3,1833.128978
-14.496791,3,1833.170547
-13.476791,3,1833.358767
-13.476791,3,1833.520641
-13.476791,3,1833.577747
-14.394791,3,1833.675914
-13.476791,3,1833.730553
-10.783561,4,1833.815194
51.523209,3,1833.909055
-13.476791,3,1833.964695
-13.476791,3,1834.155705
-13.476791,3,1834.368442
-10.783561,4,1834.458842
-13.476791,3,1834.614869
-13.476791,3,1834.770287
-10.783561,4,1834.856203
-13.476791,3,1834.910917
50.503209,3,1835.038144
-13.476791,3,1835.185403
-13.476791,3,1835.363099
-13.476791,3,1835.408252
51.523209,3,1835.535489
-13.476791,3,1835.828391
-13.476791,3,1836.010487
-13.476791,3,1836.054036
-13.476791,3,1836.13893
-10.783561,4,1836.351615
54.216439,4,1836.499107
-10.783561,4,1836.703041
51.523209,3,1836.791678
-13.476791,3,1837.084752
-10.783561,4,1837.28569
-13.476791,3,1837.35109
-13.476791,3,1837.540365
-11.199004,4,1837.609374
-10.783561,4,1837.698491
-13.627712,3,1837.7556
-13.476791,3,1837.904402
-13.476791,3,1837.967144
-10.783561,4,1838.23943
-13.476791,3,1838.283488
54.216439,4,1838.450523
54.216439,4,1838.635817
-13.476791,3,1838.69053
54.216439,4,1838.836365
-13.476791,3,1838.888364
-10.783561,4,1839.089522
54.216439,4,1839.271097
54.216439,4,1839.39729
-13.476791,3,1839.688162
-10.783561,4,1840.019176
54.216439,4,1840.189276
-13.476791,3,1840.242285
-10.783561,4,1840.334356
-11.70156,4,1840.424351
54.216439,4,1840.620064
-13.476791,3,1840.778175
-10.783561,4,1840.97745
54.216439,4,1841.13046
54.216439,4,1841.19327
54.216439,4,1841.263403
54.216439,4,1841.419549
54.216439,4,1841.622876
54.216439,4,1841.791754
-14.139791,3,1841.999525
-10.783561,4,1842.199001
-10.783561,4,1842.402279
54.216439,4,1842.490585
54.216439,4,1842.642053
-13.476791,3,1842.824424
54.216439,4,1843.010009
54.216439,4,1843.166884
-13.552251,3,1843.218299
-10.783561,4,1843.415596
54.216439,4,1843.486846
54.216439,4,1843.665332
54.216439,4,1843.824218
-13.476791,3,1843.975554
-10.783561,4,1844.063739
54.216439,4,1844.25208
-10.783561,4,1844.335222
-10.783561,4,1844.423476
-13.476791,3,1844.479084
-13.476791,3,1844.542191
-13.476791,3,1844.753277
54.216439,4,1844.908844
-13.476791,3,1844.963992
51.523209,3,1845.22715
51.523209,3,1845.507296
-13.627712,3,1845.575328
-13.476791,3,1845.629979
54.216439,4,1845.779264
-13.476791,3,1845.930614
54.216439,4,1846.072802
54.216439,4,1846.484112
51.523209,3,1846.743438
-10.783561,4,1846.79754
51.523209,3,1847.083019
54.216439,4,1847.119089
-10.783561,4,1847.32061
54.216439,4,1847.476932
51.523209,3,1847.563084
-10.783561,4,1847.611305
51.523209,3,1847.891626
-13.476791,3,1847.946165
-13.476791,3,1848.09246
-13.476791,3,1848.327008
-10.783561,4,1848.418872
53.502439,4,1848.490519
54.216439,4,1848.642529
-13.476791,3,1848.873376
51.523209,3,1849.161111
-11.497561,4,1849.245518
54.216439,4,1849.39363
-13.476791,3,1849.559998
54.216439,4,1849.624736
54.216439,4,1849.765454
-10.783561,4,1850.075846
54.216439,4,1850.259146
54.216439,4,1850.320823
-13.476791,3,1850.399908
-13.476791,3,1850.47591
-13.476791,3,1850.56336
51.523209,3,1850.831916
-14.292791,3,1850.885479
-10.783561,4,1851.08238
-10.783561,4,1851.174365
54.216439,4,1851.236908
-11.406726,4,1851.287912
-13.476791,3,1851.47442
-13.476791,3,1851.540306
54.216439,4,1851.708449
54.216439,4,1851.7924
-13.476791,3,1851.83344
-13.476791,3,1851.894032
-13.476791,3,1852.077242
54.216439,4,1852.158949
-13.476791,3,1852.329033
-13.476791,3,1852.371089
-10.783561,4,1852.567765
-10.783561,4,1852.770428
54.216439,4,1852.938905
-10.783561,4,1853.160689
51.523209,3,1853.244968
-10.783561,4,1853.441746
51.523209,3,1853.529353
51.523209,3,1853.810864
54.216439,4,1853.873651
51.523209,3,1853.96053
-13.476791,3,1854.13812
50.503209,3,1854.309841
54.216439,4,1854.49182
-13.476791,3,1854.680113
-13.476791,3,1854.776951
-13.476791,3,1854.820022
-13.476791,3,1854.96828
-10.783561,4,1855.059246
-13.476791,3,1855.23219
51.523209,3,1855.323656
-13.476791,3,1855.37831
54.216439,4,1855.541381
-13.476791,3,1855.603069
-13.476791,3,1855.658908
51.523209,3,1855.753865
57.967614,5,1855.831028
51.523209,3,1856.110469
54.216439,4,1856.203348
54.216439,4,1856.348647
51.523209,3,1856.527786
51.523209,3,1856.637008
-10.783561,4,1856.83715
-10.783561,4,1857.141889
51.523209,3,1857.433182
-10.783561,4,1857.522776
-13.476791,3,1857.798351
54.216439,4,1857.946912
-13.476791,3,1857.989532
-10.783561,4,1858.18409
54.216439,4,1858.3548
54.216439,4,1858.435112
-10.783561,4,1858.745755
-13.476791,3,1858.891413
-14.394791,3,1859.036029
-13.476791,3,1859.07812
-13.476791,3,1859.262223
-10.991283,4,1859.450851
-10.783561,4,1859.553225
53.502439,4,1859.695865
54.216439,4,1859.93398
-13.476791,3,1860.035028
-13.476791,3,1860.099136
-13.476791,3,1860.141517
-10.783561,4,1860.226758
-13.476791,3,1860.433091
-13.476791,3,1860.608848
-13.476791,3,1860.650394
51.523209,3,1860.933032
-13.476791,3,1861.092138
-10.783561,4,1861.295983
-13.476791,3,1861.584859
54.216439,4,1861.658012
51.523209,3,1861.753891
-13.476791,3,1861.796831
-13.476791,3,1862.009707
-13.476791,3,1862.308309
-10.783561,4,1862.389887
-13.740902,3,1862.429103
54.216439,4,1862.489578
-13.703172,3,1862.531987
53.29844,4,1862.610222
51.523209,3,1862.861507
-13.476791,3,1863.047855
50.605209,3,1863.133014
-10.783561,4,1863.219423
-13.476791,3,1863.378975
51.523209,3,1863.479645
-13.476791,3,1863.672739
51.523209,3,1863.984929
-11.510587,4,1864.026471
-10.783561,4,1864.11774
-13.476791,3,1864.274865
54.216439,4,1864.426843
-13.476791,3,1864.468923
-10.783561,4,1864.558977
54.216439,4,1864.703045
-13.476791,3,1864.74361
-13.476791,3,1864.889392
51.523209,3,1864.97977
-10.783561,4,1865.31655
-13.476791,3,1865.366623
-13.476791,3,1865.546818
51.523209,3,1865.880746
51.523209,3,1866.144139
-10.783561,4,1866.227706
54.216439,4,1866.27484
54.216439,4,1866.460252
-10.783561,4,1866.67274
-11.199004,4,1866.798356
-13.476791,3,1866.840917
54.216439,4,1866.914919
51.523209,3,1867.107018
-14.292791,3,1867.164368
-13.476791,3,1867.323356
-13.476791,3,1867.36852
-10.783561,4,1867.45685
-10.783561,4,1867.663723
-13.476791,3,1867.716818
-13.476791,3,1867.869811
-13.552251,3,1867.915501
-13.476791,3,1868.213914
-13.476791,3,1868.254901
51.523209,3,1868.543294
-13.476791,3,1868.7194
-13.476791,3,1868.782582
51.523209,3,1869.056754
-13.627712,3,1869.112807
-13.476791,3,1869.158591
-10.783561,4,1869.360097
-14.292791,3,1869.637832
-10.783561,4,1869.835622
51.523209,3,1869.950821
-13.476791,3,1869.992404
-14.292791,3,1870.033855
-14.190791,3,1870.07591
-13.476791,3,1870.123262
-13.476791,3,1870.173164
-10.783561,4,1870.372566
-14.394791,3,1870.664523
-13.476791,3,1870.841304
-13.476791,3,1870.88453
50.860209,3,1871.089474
-10.783561,4,1871.290051
-13.476791,3,1871.435306
51.523209,3,1871.541836
-13.476791,3,1871.712065
-13.476791,3,1871.752129
-13.476791,3,1871.864686
-13.476791,3,1871.911825
51.523209,3,1872.193878
-13.476791,3,1872.490759
-13.476791,3,1872.667801
-13.476791,3,1872.761268
-13.476791,3,1872.814302
-13.476791,3,1872.860395
-13.476791,3,1872.914291
-13.476791,3,1873.084012
-13.476791,3,1873.27248
-13.476791,3,1873.315649
-13.476791,3,1873.510702
-13.476791,3,1873.597867
-13.476791,3,1873.742784
-10.783561,4,1873.82658
-13.476791,3,1873.97673
-13.476791,3,1874.179588
-14.394791,3,1874.25268
-14.496791,3,1874.420286
-13.476791,3,1874.597652
-10.783561,4,1874.798469
-10.783561,4,1874.988926
-13.703172,3,1875.027786
-13.476791,3,1875.170774
-14.190791,3,1875.212061
-14.266251,3,1875.340442
-13.476791,3,1875.48533
-13.476791,3,1875.573384
-13.476791,3,1875.754754
-13.476791,3,1875.796431
-13.476791,3,1875.944349
51.523209,3,1876.216594
51.523209,3,1876.43987
-13.476791,3,1876.729682
-13.476791,3,1876.771261
-14.139791,3,1876.820843
-13.703172,3,1876.862905
-13.476791,3,1877.009891
-13.476791,3,1877.298526
-13.476791,3,1877.445421
-13.476791,3,1877.623666
-13.476791,3,1877.792067
-13.476791,3,1877.939641
-13.476791,3,1877.98089
51.523209,3,1878.075572
-13.476791,3,1878.223988
54.216439,4,1878.382649
-13.476791,3,1878.429057
-13.476791,3,1878.63419
-11.599561,4,1878.718198
-10.783561,4,1878.801836
-10.783561,4,1878.890797
-11.70156,4,1878.98456
-13.476791,3,1879.04003
-13.476791,3,1879.183506
-13.476791,3,1879.228124
-13.476791,3,1879.410349
51.523209,3,1879.507648
51.523209,3,1879.791187
54.216439,4,1879.939416
54.216439,4,1880.085015
-13.476791,3,1880.236559
-14.139791,3,1880.277642
-10.783561,4,1880.477155
-13.476791,3,1880.517728
54.216439,4,1880.582849
-13.476791,3,1880.759232
-10.783561,4,1880.965282
54.216439,4,1881.119131
-13.476791,3,1881.302547
54.216439,4,1881.37707
51.523209,3,1881.651019
54.216439,4,1881.800418
-13.476791,3,1881.994341
54.216439,4,1882.183892
-10.783561,4,1882.274627
-10.783561,4,1882.477178
-11.199004,4,1882.545523
53.400439,4,1882.604126
-13.476791,3,1882.751384
-10.783561,4,1882.955543
51.523209,3,1883.037564
54.216439,4,1883.100144
51.523209,3,1883.372902
-13.552251,3,1883.441225
51.523209,3,1883.736554
54.216439,4,1883.831654
54.216439,4,1883.887326
-13.476791,3,1883.929821
51.523209,3,1884.225564
-13.476791,3,1884.266651
51.523209,3,1884.44461
-13.476791,3,1884.500354
51.523209,3,1884.626436
-13.476791,3,1884.689993
54.216439,4,1884.836771
54.216439,4,1884.891988
-13.476791,3,1885.064526
51.523209,3,1885.148882
-10.783561,4,1885.360526
-13.476791,3,1885.454976
-13.476791,3,1885.496568
-11.406726,4,1885.561895
-13.627712,3,1885.604841
-13.476791,3,1885.758156
-13.476791,3,1885.903587
51.523209,3,1885.970217
51.523209,3,1886.281306
51.523209,3,1886.373535
-13.476791,3,1886.578362
-13.476791,3,1886.620638
-13.476791,3,1886.699889
-13.476791,3,1886.742064
-13.476791,3,1886.889146
-13.476791,3,1886.928092
54.216439,4,1887.076736
-13.476791,3,1887.143463
-13.476791,3,1887.406226
-10.783561,4,1887.614251
-10.783561,4,1887.810704
-13.740902,3,1887.85199
-13.476791,3,1888.020682
54.216439,4,1888.204252
-13.476791,3,1888.350998
51.523209,3,1888.441768
-13.703172,3,1888.488858
54.216439,4,1888.669471
-10.783561,4,1888.756908
-14.139791,3,1888.953447
51.523209,3,1889.250418
-13.476791,3,1889.30653
-13.476791,3,1889.455162
-13.476791,3,1889.615377
-14.394791,3,1889.795144
-13.476791,3,1889.9833
51.523209,3,1890.247499
51.523209,3,1890.338012
51.523209,3,1890.439262
51.523209,3,1890.610409
-10.783561,4,1890.695282
-13.476791,3,1890.782659
-13.476791,3,1890.896327
-13.476791,3,1891.043179
-13.476791,3,1891.122445
-13.476791,3,1891.275142
-13.476791,3,1891.32029
-10.783561,4,1891.520391
51.523209,3,1891.625574
-10.783561,4,1891.714303
-13.476791,3,1891.75791
-13.476791,3,1891.939698
-13.476791,3,1892.095579
-13.476791,3,1892.275245
-13.476791,3,1892.317616
-13.740902,3,1892.35527
54.216439,4,1892.507993
-10.783561,4,1892.596605
-13.476791,3,1892.645017
50.809209,3,1892.734176
-13.476791,3,1892.814365
-13.627712,3,1892.859473
-13.476791,3,1893.009829
-11.803561,4,1893.210259
-13.476791,3,1893.436473
-10.783561,4,1893.635416
-13.476791,3,1893.708028
51.523209,3,1893.818463
-13.476791,3,1893.964247
51.523209,3,1894.064674
-10.783561,4,1894.269607
-10.783561,4,1894.447238
-14.394791,3,1894.51333
-13.476791,3,1894.601979
51.523209,3,1894.692149
-13.476791,3,1894.836927
-10.783561,4,1894.926632
51.523209,3,1894.996204
-10.783561,4,1895.19522
54.216439,4,1895.256375
54.216439,4,1895.32048
-13.476791,3,1895.490705
-13.476791,3,1895.585506
51.523209,3,1895.748922
-13.476791,3,1895.803489
-10.783561,4,1895.99495
-11.199004,4,1896.128342
-13.476791,3,1896.22199
-13.476791,3,1896.262052
-10.783561,4,1896.352509
54.216439,4,1896.49705
54.216439,4,1896.646739
51.523209,3,1896.952242
-10.783561,4,1897.175606
-10.783561,4,1897.262016
-10.783561,4,1897.347396
-13.476791,3,1897.517778
51.523209,3,1897.805197
-13.476791,3,1898.03371
54.216439,4,1898.179243
-13.476791,3,1898.321431
54.216439,4,1898.469098
-13.476791,3,1898.658175
-13.476791,3,1898.735283
-13.476791,3,1898.794019
50.860209,3,1899.069782
51.523209,3,1899.371654
54.216439,4,1899.432254
51.523209,3,1899.587031
-10.783561,4,1899.792701
-10.783561,4,1900.075019
-13.476791,3,1900.218422
54.216439,4,1900.352856
53.29844,4,1900.52926
-10.783561,4,1900.619678
-13.476791,3,1900.770573
-10.783561,4,1901.104584
51.523209,3,1901.194697
-13.476791,3,1901.239347
-10.783561,4,1901.329423
54.216439,4,1901.490897
54.216439,4,1901.528625
-13.476791,3,1901.600821
-10.783561,4,1901.809152
54.216439,4,1901.966615
-13.476791,3,1902.115083
54.216439,4,1902.269078
54.216439,4,1902.335339
-13.476791,3,1902.387608
-11.803561,4,1902.617549
54.216439,4,1902.683268
-13.703172,3,1902.730356
-10.783561,4,1903.013141
-13.476791,3,1903.291687
54.216439,4,1903.47656
-10.783561,4,1903.676239
-13.476791,3,1903.747363
-13.476791,3,1903.791921
-11.599561,4,1903.848118
-11.199004,4,1903.9283
54.216439,4,1903.967363
54.216439,4,1904.061207
-14.139791,3,1904.285335
54.008717,4,1904.47346
-13.476791,3,1904.518813
-10.783561,4,1904.60782
-11.803561,4,1904.921559
-13.476791,3,1905.048317
54.216439,4,1905.120918
54.216439,4,1905.259461
54.216439,4,1905.417296
-10.783561,4,1905.614806
54.216439,4,1905.76041
54.216439,4,1905.905184
54.216439,4,1906.060118
-13.476791,3,1906.252737
54.216439,4,1906.40307
53.400439,4,1906.499258
-11.44656,4,1906.583447
-10.783561,4,1906.679128
-10.783561,4,1906.877837
54.216439,4,1907.033218
50.809209,3,1907.317224
51.523209,3,1907.597107
54.216439,4,1907.639702
54.216439,4,1907.67811
54.216439,4,1907.742272
-13.476791,3,1907.968638
-13.703172,3,1908.037638
-11.406726,4,1908.084182
54.216439,4,1908.231848
51.523209,3,1908.525978
54.216439,4,1908.64918
54.216439,4,1908.797455
54.216439,4,1908.983027
54.216439,4,1909.137791
-10.783561,4,1909.340636
53.502439,4,1909.417248
-10.783561,4,1909.682296
54.216439,4,1909.748166
54.216439,4,1909.814904
54.216439,4,1909.879529
-12.426726,4,1909.941757
54.216439,4,1910.09132
-13.476791,3,1910.23435
54.216439,4,1910.373487
54.216439,4,1910.528543
54.216439,4,1910.684266
51.523209,3,1910.946048
51.523209,3,1911.211494
51.523209,3,1911.477977
54.216439,4,1911.55726
54.216439,4,1911.627878
-10.783561,4,1911.710896
54.216439,4,1911.768947
-13.476791,3,1911.821431
51.523209,3,1911.990749
51.523209,3,1912.120401
51.523209,3,1912.287812
-13.476791,3,1912.431705
-13.476791,3,1912.471775
-13.476791,3,1912.53989
-13.476791,3,1912.581006
-13.476791,3,1912.665122
-13.476791,3,1912.719686
-13.476791,3,1912.761266
-13.476791,3,1912.807341
-13.476791,3,1912.88647
-13.476791,3,1912.974358
-13.476791,3,1913.271651
-14.394791,3,1913.550913
-14.292791,3,1913.588462
-13.476791,3,1913.637378
-13.476791,3,1913.813637
-13.476791,3,1913.868727
-10.783561,4,1914.069312
51.523209,3,1914.166476
54.216439,4,1914.234199
-13.476791,3,1914.274249
-14.190791,3,1914.316066
-13.476791,3,1914.536251
54.216439,4,1914.699095
-13.476791,3,1914.757735
-10.783561,4,1914.979925
-13.476791,3,1915.168774
54.216439,4,1915.229769
54.216439,4,1915.376564
54.216439,4,1915.599231
51.523209,3,1915.909545
-13.476791,3,1916.12963
51.523209,3,1916.384928
54.216439,4,1916.472617
-14.292791,3,1916.531224
51.523209,3,1916.843575
-13.476791,3,1916.928206
-13.476791,3,1917.111945
-13.476791,3,1917.188922
-13.476791,3,1917.419351
-13.476791,3,1917.694778
-13.476791,3,1917.863264
-13.476791,3,1918.156169
-13.476791,3,1918.334884
-13.476791,3,1918.542205
51.523209,3,1918.647147
-14.496791,3,1918.844229
-14.394791,3,1919.031482
-13.627712,3,1919.072523
-13.476791,3,1919.217749
-10.783561,4,1919.424236
-13.476791,3,1919.480428
-13.476791,3,1919.672719
-13.476791,3,1919.761873
-13.476791,3,1919.811925
51.523209,3,1919.903133
-13.476791,3,1920.073917
51.523209,3,1920.354284
-13.476791,3,1920.528224
-13.476791,3,1920.71874
-13.476791,3,1920.759852
-13.476791,3,1920.802985
-13.476791,3,1920.949332
-13.476791,3,1920.988889
-13.476791,3,1921.171881
51.523209,3,1921.272415
-10.783561,4,1921.357704
-13.476791,3,1921.508995
-13.476791,3,1921.554583
-13.476791,3,1921.707554
-14.292791,3,1921.756133
-10.783561,4,1921.843002
51.523209,3,1922.229357
51.523209,3,1922.508314
-13.476791,3,1922.691161
-10.783561,4,1922.782849
51.523209,3,1922.984353
-13.476791,3,1923.160673
-13.476791,3,1923.249704
53.29844,4,1923.313806
-10.783561,4,1923.396971
-13.476791,3,1923.593357
-13.476791,3,1923.76948
-13.476791,3,1923.810526
-13.476791,3,1923.952275
-13.476791,3,1924.135535
54.216439,4,1924.244552
51.523209,3,1924.471524
-13.476791,3,1924.519117
54.216439,4,1924.588226
-13.476791,3,1924.638417
-13.476791,3,1924.785042
-14.394791,3,1924.861265
-13.476791,3,1924.934465
-13.476791,3,1925.121606
54.216439,4,1925.183051
-13.476791,3,1925.360333
-13.476791,3,1925.503155
-13.476791,3,1925.640547
-13.476791,3,1925.840786
-10.783561,4,1926.039762
-13.476791,3,1926.215124
-13.476791,3,1926.396064
-13.476791,3,1926.434618
-13.476791,3,1926.589796
-13.476791,3,1926.73382
-13.476791,3,1926.789914
-13.476791,3,1926.841013
-10.783561,4,1927.143431
-13.476791,3,1927.323008
-14.292791,3,1927.412636
51.523209,3,1927.569131
-13.476791,3,1927.712691
51.523209,3,1927.811832
-13.476791,3,1927.953602
54.216439,4,1928.099963
-13.476791,3,1928.14423
-13.476791,3,1928.315977
-13.476791,3,1928.379094
-13.476791,3,1928.52622
-13.476791,3,1928.739299
-13.476791,3,1928.816672
-13.476791,3,1928.983753
51.523209,3,1929.077116
51.523209,3,1929.24589
-13.476791,3,1929.297469
-10.783561,4,1929.379099
-13.476791,3,1929.676747
-14.190791,3,1929.874675
-13.476791,3,1930.026952
-13.476791,3,1930.06674
-13.476791,3,1930.369031
51.523209,3,1930.643052
-13.476791,3,1930.933119
-13.476791,3,1930.987045
-13.476791,3,1931.048903
-13.476791,3,1931.242371
-14.139791,3,1931.51636
-13.476791,3,1931.672296
-13.476791,3,1931.82041
-13.476791,3,1931.859976
-13.476791,3,1932.006028
-13.476791,3,1932.171287
-13.476791,3,1932.347765
-13.476791,3,1932.494601
-10.783561,4,1932.577327
-13.476791,3,1932.827741
51.523209,3,1932.920392
-13.476791,3,1932.97599
-13.476791,3,1933.041681
-13.476791,3,1933.230235
-13.476791,3,1933.286561
-13.476791,3,1933.391498
-13.476791,3,1933.538678
-13.476791,3,1933.651696
-13.476791,3,1933.691799
-13.476791,3,1933.846959
-10.783561,4,1933.939314
51.523209,3,1934.116703
51.523209,3,1934.212824
-13.476791,3,1934.40555
-13.476791,3,1934.587888
-10.783561,4,1934.677887
-13.476791,3,1934.862545
-13.476791,3,1934.903435
51.523209,3,1935.181101
-13.476791,3,1935.321738
-13.476791,3,1935.373476
-13.476791,3,1935.517253
51.523209,3,1935.800275
-13.476791,3,1935.841336
-13.476791,3,1935.898418
-13.476791,3,1936.097753
-13.476791,3,1936.247887
-13.476791,3,1936.392996
-14.496791,3,1936.468699
-13.476791,3,1936.531984
-11.70156,4,1936.614791
-13.476791,3,1936.698601
-10.783561,4,1936.894411
-13.476791,3,1937.082015
-10.783561,4,1937.167163
-13.476791,3,1937.342442
-13.476791,3,1937.395508
-13.476791,3,1937.564128
-13.476791,3,1937.610214
-13.476791,3,1937.78983
-13.476791,3,1937.843399
-13.476791,3,1937.93063
-13.703172,3,1937.970342
51.523209,3,1938.133677
51.523209,3,1938.418851
-14.190791,3,1938.530552
-13.476791,3,1938.569642
-13.476791,3,1938.70918
-10.783561,4,1938.91282
51.523209,3,1939.188057
-13.476791,3,1939.390437
54.216439,4,1939.579645
51.523209,3,1939.792517
-10.783561,4,1939.876139
-13.476791,3,1939.982286
51.523209,3,1940.079236
-13.476791,3,1940.255491
-13.476791,3,1940.296514
51.523209,3,1940.569788
-10.783561,4,1940.658911
51.523209,3,1940.751078
51.523209,3,1941.009772
51.523209,3,1941.100187
-13.476791,3,1941.151259
-13.476791,3,1941.214335
-13.476791,3,1941.258899
-13.476791,3,1941.438315
-13.476791,3,1941.620227
-10.783561,4,1941.702841
-13.476791,3,1941.800868
51.523209,3,1941.892688
-13.476791,3,1942.043973
-13.476791,3,1942.193724
51.523209,3,1942.28238
-13.476791,3,1942.342047
-13.476791,3,1942.627486
-13.476791,3,1942.810243
-13.476791,3,1942.962453
-13.476791,3,1943.183946
-13.476791,3,1943.350033
-13.476791,3,1943.429961
-13.476791,3,1943.473027
-13.476791,3,1943.644799
-13.476791,3,1943.786968
-10.783561,4,1943.869593
-13.476791,3,1943.924195
-13.476791,3,1944.111349
-10.783561,4,1944.523738
-10.783561,4,1944.607915
-10.783561,4,1944.805888
51.523209,3,1944.905622
-13.476791,3,1944.945673
-13.740902,3,1944.994748
-13.476791,3,1945.162686
-13.476791,3,1945.375493
-13.476791,3,1945.647047
-13.476791,3,1945.693136
-13.476791,3,1945.748573
-13.476791,3,1945.888814
-13.476791,3,1945.92937
51.523209,3,1946.221844
-13.476791,3,1946.370275
-13.476791,3,1946.540859
-13.476791,3,1946.748569
-10.783561,4,1946.948529
-13.740902,3,1946.985766
51.523209,3,1947.267188
-13.476791,3,1947.44141
-13.476791,3,1947.631274
-11.44656,4,1947.823221
-14.496791,3,1947.967016
-13.476791,3,1948.008104
54.216439,4,1948.197731
-10.783561,4,1948.282437
-13.476791,3,1948.49068
-10.783561,4,1948.781406
-13.476791,3,1948.925624
51.523209,3,1949.203411
-13.476791,3,1949.49915
-13.476791,3,1949.715895
-10.783561,4,1949.805528
-13.476791,3,1949.846587
-13.552251,3,1949.908374
-13.476791,3,1949.965441
-13.476791,3,1950.265701
-14.292791,3,1950.427546
-13.476791,3,1950.605856
-13.476791,3,1950.659415
-13.476791,3,1950.809198
-13.476791,3,1950.891422
-13.476791,3,1951.164474
51.523209,3,1951.441114
-13.476791,3,1951.516041
-13.476791,3,1951.564664
51.523209,3,1951.821093
-13.476791,3,1951.966494
-14.139791,3,1952.10664
-10.783561,4,1952.188264
-13.476791,3,1952.367889
-13.476791,3,1952.465345
-13.476791,3,1952.612427
-13.476791,3,1952.653884
-13.476791,3,1952.742079
-13.476791,3,1952.938367
-13.476791,3,1953.221911
-13.476791,3,1953.296218
51.523209,3,1953.580289
-13.476791,3,1953.667941
54.216439,4,1953.815896
-13.476791,3,1953.926426
-10.783561,4,1954.229543
-13.476791,3,1954.375463
-13.476791,3,1954.454056
-13.476791,3,1954.497519
51.523209,3,1954.832919
-13.476791,3,1954.872472
-13.476791,3,1955.048529
-13.476791,3,1955.273801
-13.476791,3,1955.43919
-13.476791,3,1955.578413
-10.783561,4,1955.661022
-14.292791,3,1955.702027
-13.476791,3,1955.792647
51.523209,3,1955.879776
50.707209,3,1956.082325
-10.783561,4,1956.27927
-13.476791,3,1956.422388
51.523209,3,1956.504013
-14.190791,3,1956.673285
-14.292791,3,1956.7519
-13.476791,3,1956.895729
51.523209,3,1956.989886
-13.476791,3,1957.027952
-13.476791,3,1957.301922
51.523209,3,1957.402592
-13.476791,3,1957.579374
-13.476791,3,1957.645635
51.523209,3,1957.717756
-13.476791,3,1957.782494
-13.476791,3,1957.842641
51.523209,3,1957.938682
-13.476791,3,1957.993769
-13.476791,3,1958.042332
-13.552251,3,1958.114103
-13.476791,3,1958.288925
-13.476791,3,1958.33696
-13.476791,3,1958.378009
-13.476791,3,1958.677594
51.523209,3,1958.896163
-13.476791,3,1958.941516
-13.476791,3,1959.116108
-14.266251,3,1959.164174
-13.476791,3,1959.262371
54.216439,4,1959.342988
-10.783561,4,1959.537832
-10.783561,4,1959.620866
-10.783561,4,1959.820213
51.523209,3,1959.915356
51.523209,3,1960.005999
-10.783561,4,1960.091649
-10.783561,4,1960.17555
-10.783561,4,1960.375872
-13.476791,3,1960.555396
-10.783561,4,1960.643538
-10.783561,4,1960.955339
-14.139791,3,1960.996909
51.523209,3,1961.272323
-13.476791,3,1961.415204
54.216439,4,1961.476805
-13.476791,3,1961.659995
-10.783561,4,1961.751638
-13.476791,3,1961.80523
54.216439,4,1961.866332
-10.783561,4,1961.952992
-13.627712,3,1961.994158
-13.476791,3,1962.258296
-13.476791,3,1962.298375
-13.476791,3,1962.338074
-13.476791,3,1962.511517
54.216439,4,1962.647397
-10.783561,4,1962.731932
-13.476791,3,1963.032264
-10.783561,4,1963.327759
50.860209,3,1963.4284
51.523209,3,1963.522571
53.196439,4,1963.57814
-13.476791,3,1963.626739
-13.476791,3,1963.718861
-10.783561,4,1963.912567
-13.476791,3,1963.967586
-13.476791,3,1964.01022
-13.552251,3,1964.070434
-14.190791,3,1964.239917
54.216439,4,1964.297938
-13.476791,3,1964.348459
54.216439,4,1964.410709
-13.476791,3,1964.555974
-14.139791,3,1964.700262
-13.476791,3,1964.740831
-13.476791,3,1965.047536
-13.476791,3,1965.18699
-13.476791,3,1965.363414
54.216439,4,1965.412489
-13.476791,3,1965.469565
-13.476791,3,1965.545194
-10.783561,4,1965.631424
-13.476791,3,1965.776534
-10.783561,4,1965.86516
-13.476791,3,1965.961847
-13.476791,3,1966.019961
51.523209,3,1966.107119
-13.476791,3,1966.283485
-14.394791,3,1966.425201
-10.783561,4,1966.620921
51.523209,3,1966.897063
54.216439,4,1966.948126
51.523209,3,1967.113368
-13.476791,3,1967.279627
-13.476791,3,1967.422357
-13.476791,3,1967.57261
-13.476791,3,1967.742826
-13.476791,3,1967.886542
-13.476791,3,1967.999221
-13.476791,3,1968.088362
-13.476791,3,1968.14094
-13.476791,3,1968.192097
-13.476791,3,1968.245165
-13.476791,3,1968.329784
-13.476791,3,1968.495255
51.523209,3,1968.593917
51.523209,3,1968.685616
-13.476791,3,1968.889628
50.707209,3,1969.170207
-13.476791,3,1969.351382
57.967614,5,1969.438021
-10.783561,4,1969.521153
-14.139791,3,1969.705481
-10.783561,4,1969.913177
-13.476791,3,1970.090759
-13.476791,3,1970.383781
-14.292791,3,1970.578331
51.523209,3,1970.872478
-13.476791,3,1971.083001
-13.476791,3,1971.137159
-13.476791,3,1971.425057
-13.476791,3,1971.720287
-13.476791,3,1971.869092
-13.740902,3,1971.912076
54.216439,4,1972.092649
51.523209,3,1972.369405
-14.292791,3,1972.520486
-13.476791,3,1972.823679
-13.476791,3,1972.87378
54.216439,4,1973.045506
-13.476791,3,1973.097602
54.216439,4,1973.245117
-13.476791,3,1973.390694
54.216439,4,1973.550956
54.216439,4,1973.628334
-10.783561,4,1973.802284
54.216439,4,1973.95912
51.523209,3,1974.056501
-13.476791,3,1974.109601
-13.703172,3,1974.152665
54.216439,4,1974.210748
-13.476791,3,1974.262071
51.523209,3,1974.360171
-14.292791,3,1974.504458
51.523209,3,1974.796155
-10.991283,4,1974.873207
-13.476791,3,1974.929316
51.523209,3,1974.997291
54.216439,4,1975.143387
-13.476791,3,1975.183469
-14.394791,3,1975.35411
54.216439,4,1975.399187
51.523209,3,1975.495809
51.523209,3,1975.775223
54.216439,4,1975.959487
-13.476791,3,1976.012028
-13.476791,3,1976.053098
-10.783561,4,1976.140966
-14.139791,3,1976.282422
-13.476791,3,1976.461501
51.523209,3,1976.567617
51.523209,3,1976.829935
-13.476791,3,1976.973824
51.523209,3,1977.246858
51.523209,3,1977.523047
-13.476791,3,1977.608501
51.523209,3,1977.708781
-13.476791,3,1977.853415
54.216439,4,1978.013742
-10.783561,4,1978.215435
-10.783561,4,1978.526432
-13.476791,3,1978.563797
-13.476791,3,1978.750434
-13.476791,3,1978.809752
-13.476791,3,1978.897385
-13.476791,3,1978.939464
-13.703172,3,1978.985069
54.216439,4,1979.133058
-13.476791,3,1979.278426
-13.476791,3,1979.422208
-13.476791,3,1979.645964
-13.476791,3,1979.700274
53.55344,4,1979.881636
-13.476791,3,1980.057846
-13.476791,3,1980.121512
-13.476791,3,1980.169078
-13.476791,3,1980.376038
-13.476791,3,1980.535246
-13.740902,3,1980.593842
-13.476791,3,1980.904973
-14.190791,3,1980.958578
-13.476791,3,1981.195278
-13.476791,3,1981.347546
-13.476791,3,1981.553157
-10.783561,4,1981.750736
51.523209,3,1982.048669
-13.476791,3,1982.100265
-13.476791,3,1982.201072
-14.496791,3,1982.459406
-10.783561,4,1982.676974
51.523209,3,1982.929223
-13.476791,3,1983.041875
-13.476791,3,1983.100178
-10.783561,4,1983.203732
-13.476791,3,1983.261014
-13.476791,3,1983.311409
-13.476791,3,1983.488464
-10.783561,4,1983.688845
51.523209,3,1983.876184
54.216439,4,1983.948072
54.216439,4,1984.061963
-13.476791,3,1984.123232
-13.476791,3,1984.341196
-13.476791,3,1984.388027
-13.476791,3,1984.570121
-13.476791,3,1984.751759
-13.476791,3,1984.91594
-13.476791,3,1985.198734
-13.476791,3,1985.422604
-13.476791,3,1985.573648
-13.476791,3,1985.724878
51.523209,3,1986.008289
-14.292791,3,1986.058227
-13.476791,3,1986.144919
-13.476791,3,1986.353449
-13.476791,3,1986.39701
51.523209,3,1986.549902
-10.783561,4,1986.65607
-13.476791,3,1986.928641
-13.476791,3,1987.108939
-13.476791,3,1987.327126
-13.476791,3,1987.412097
-13.476791,3,1987.462502
-13.476791,3,1987.60607
-13.476791,3,1987.663109
-13.476791,3,1987.827721
-13.476791,3,1987.873296
51.523209,3,1987.986933
-14.394791,3,1988.132345
-13.476791,3,1988.302661
-13.476791,3,1988.455006
-13.476791,3,1988.504961
-13.476791,3,1988.686807
-13.476791,3,1988.865942
-13.476791,3,1988.923113
-13.476791,3,1988.975135
-13.476791,3,1989.016102
-13.476791,3,1989.161459
-13.476791,3,1989.204037
-13.476791,3,1989.360516
-13.476791,3,1989.405023
51.523209,3,1989.492524
-13.476791,3,1989.647727
-13.476791,3,1989.798595
-13.476791,3,1989.845191
-13.476791,3,1990.115987
-13.703172,3,1990.155552
-13.476791,3,1990.30163
-13.476791,3,1990.348234
51.523209,3,1990.442567
-13.476791,3,1990.59924
-13.552251,3,1990.669837
-10.783561,4,1990.978844
-13.476791,3,1991.037921
-13.476791,3,1991.211723
51.523209,3,1991.491854
-13.476791,3,1991.532906
-10.783561,4,1991.835206
-13.476791,3,1992.015554
51.523209,3,1992.188968
-13.476791,3,1992.377259
-13.476791,3,1992.532798
-14.190791,3,1992.717268
51.523209,3,1992.812277
-13.476791,3,1992.861841
-13.476791,3,1993.01508
-14.190791,3,1993.161456
-10.783561,4,1993.357399
50.605209,3,1993.579878
51.523209,3,1993.858654
50.860209,3,1993.939822
-14.190791,3,1993.982377
51.523209,3,1994.076041
-13.476791,3,1994.129926
51.523209,3,1994.288285
-14.496791,3,1994.572229
-13.476791,3,1994.714676
-13.476791,3,1994.78014
-13.476791,3,1994.922709
-13.476791,3,1995.017027
-13.476791,3,1995.159943
-13.476791,3,1995.271075
-13.476791,3,1995.352703
-11.497561,4,1995.559446
-13.476791,3,1995.606033
-13.476791,3,1995.786902
-10.783561,4,1995.995248
51.523209,3,1996.097122
-13.476791,3,1996.150686
-13.476791,3,1996.191442
-13.476791,3,1996.34567
-13.476791,3,1996.550439
51.523209,3,1996.874909
-10.783561,4,1996.962031
-10.783561,4,1997.170039
-13.476791,3,1997.316244
-13.476791,3,1997.52468
-13.476791,3,1997.670964
51.523209,3,1997.754711
-13.476791,3,1997.96093
-14.545712,3,1998.008007
-13.476791,3,1998.08261
-13.476791,3,1998.294728
-13.476791,3,1998.457722
-13.476791,3,1998.60157
-13.476791,3,1998.663181
-13.476791,3,1998.851624
-14.292791,3,1999.000759
51.523209,3,1999.094909
-14.139791,3,1999.266418
-13.476791,3,1999.323959
-13.476791,3,1999.36725
-13.476791,3,1999.540131
-13.476791,3,1999.583195
-13.476791,3,1999.732603
-14.496791,3,1999.817584
-13.476791,3,2000.016023
-13.476791,3,2000.07261
-13.476791,3,2000.261367
-13.476791,3,2000.406522
-13.476791,3,2000.682743
-13.476791,3,2000.725495
-13.476791,3,2000.770066
-13.476791,3,2000.977906
-14.139791,3,2001.169717
51.523209,3,2001.369501
-13.476791,3,2001.436359
51.523209,3,2001.54046
-13.476791,3,2001.682121
51.523209,3,2001.810259
-13.476791,3,2001.880388
-10.783561,4,2001.96356
-13.476791,3,2002.017634
-13.476791,3,2002.183685
-13.476791,3,2002.226272
-13.476791,3,2002.41163
-13.476791,3,2002.575288
-10.783561,4,2002.658409
-13.476791,3,2002.770977
-13.476791,3,2002.84109
54.216439,4,2002.910194
51.523209,3,2003.171926
-13.476791,3,2003.363465
-13.476791,3,2003.509271
-14.496791,3,2003.684025
-14.292791,3,2003.734629
-13.476791,3,2003.792192
-13.476791,3,2003.853343
50.503209,3,2004.048563
-13.476791,3,2004.107146
-13.476791,3,2004.254589
-13.476791,3,2004.301651
-13.476791,3,2004.450269
-13.552251,3,2004.501808
51.523209,3,2004.596961
51.523209,3,2004.693521
-13.476791,3,2004.840318
51.523209,3,2005.102517
-13.476791,3,2005.154596
-13.476791,3,2005.192649
51.523209,3,2005.291039
-13.476791,3,2005.334622
-13.476791,3,2005.515776
-13.476791,3,2005.70475
-13.476791,3,2005.786491
54.216439,4,2005.847561
-10.783561,4,2005.928301
-13.476791,3,2005.972374
51.523209,3,2006.331697
54.216439,4,2006.482434
-13.476791,3,2006.770727
-13.552251,3,2006.9757
-13.476791,3,2007.150776
51.523209,3,2007.422639
-13.476791,3,2007.469213
-13.476791,3,2007.609416
54.216439,4,2007.67101
-13.476791,3,2007.850939
-10.783561,4,2007.933689
54.216439,4,2007.990297
-13.476791,3,2008.278963
54.216439,4,2008.342581
-13.476791,3,2008.381124
-13.476791,3,2008.532913
-13.476791,3,2008.584653
54.216439,4,2008.678568
51.523209,3,2008.949963
-13.476791,3,2009.102707
-13.476791,3,2009.280397
51.523209,3,2009.558993
-13.476791,3,2009.699751
-13.476791,3,2009.803405
-13.476791,3,2009.84547
54.216439,4,2009.901163
-13.476791,3,2009.951267
-13.476791,3,2010.049941
51.523209,3,2010.339237
-13.476791,3,2010.416674
-13.476791,3,2010.505887
-13.476791,3,2010.801661
-13.476791,3,2010.881773
51.523209,3,2011.086122
54.216439,4,2011.160749
54.216439,4,2011.218596
-13.476791,3,2011.437103
-10.783561,4,2011.7486
-13.476791,3,2011.893641
-13.476791,3,2011.933693
-13.476791,3,2011.979491
-13.476791,3,2012.046057
-13.476791,3,2012.190843
54.216439,4,2012.250434
54.216439,4,2012.322005
54.216439,4,2012.463835
-13.476791,3,2012.516249
-13.476791,3,2012.659915
54.216439,4,2012.768437
54.216439,4,2012.827817
-13.476791,3,2012.916073
-10.783561,4,2012.999104
-13.476791,3,2013.146809
-13.476791,3,2013.239273
-10.783561,4,2013.328465
51.523209,3,2013.598716
51.523209,3,2013.809945
54.216439,4,2013.987591
-13.476791,3,2014.181807
-13.476791,3,2014.392978
-13.476791,3,2014.456113
-13.476791,3,2014.748096
-13.740902,3,2014.79118
-13.476791,3,2014.933601
-13.476791,3,2015.084838
51.523209,3,2015.288507
54.216439,4,2015.440259
-10.783561,4,2015.529622
-13.476791,3,2015.674909
-13.476791,3,2015.714962
54.216439,4,2015.759556
54.216439,4,2015.947654
-13.476791,3,2016.092596
-13.476791,3,2016.27703
51.523209,3,2016.548867
-13.476791,3,2016.601974
-13.476791,3,2016.64461
-10.783561,4,2016.950835
54.216439,4,2017.117674
-13.476791,3,2017.170516
54.216439,4,2017.213747
-10.783561,4,2017.2964
-13.476791,3,2017.38279
54.216439,4,2017.443362
-10.783561,4,2017.640783
-13.476791,3,2017.679268
-10.783561,4,2017.76466
-13.476791,3,2017.931418
-13.476791,3,2018.107716
-13.476791,3,2018.151774
-13.476791,3,2018.210229
-11.510587,4,2018.250094
-13.476791,3,2018.40836
51.523209,3,2018.6845
-13.476791,3,2018.738763
-13.476791,3,2018.785831
-13.476791,3,2018.826383
-13.476791,3,2018.865951
-13.476791,3,2019.164436
-13.476791,3,2019.304931
51.523209,3,2019.604892
54.216439,4,2019.666643
-13.552251,3,2019.743266
-13.476791,3,2020.037998
51.523209,3,2020.216332
-13.476791,3,2020.364593
-13.476791,3,2020.514356
51.523209,3,2020.603174
51.523209,3,2020.783529
-10.783561,4,2021.075136
-14.292791,3,2021.274399
-14.496791,3,2021.359261
51.523209,3,2021.634706
-13.476791,3,2021.84709
-13.476791,3,2021.901769
-13.476791,3,2022.175243
-13.476791,3,2022.218304
-13.476791,3,2022.272888
-13.476791,3,2022.31494
-10.783561,4,2022.513594
-13.476791,3,2022.690348
-13.476791,3,2022.872416
-13.476791,3,2023.038113
-13.476791,3,2023.20058
-13.476791,3,2023.241371
-13.476791,3,2023.282939
-13.476791,3,2023.466155
-13.476791,3,2023.507209
-13.476791,3,2023.547261
51.523209,3,2023.819541
-10.783561,4,2024.022262
-13.476791,3,2024.204834
-13.476791,3,2024.381581
-13.476791,3,2024.439687
-13.476791,3,2024.488273
-13.476791,3,2024.540742
-13.476791,3,2024.628429
-13.476791,3,2024.819487
-13.476791,3,2024.992441
-14.496791,3,2025.169547
-13.476791,3,2025.277229
51.523209,3,2025.365064
-13.476791,3,2025.558826
-13.476791,3,2025.828394
-13.476791,3,2026.015681
51.523209,3,2026.211369
51.523209,3,2026.510886
-13.476791,3,2026.577148
-13.476791,3,2026.62022
-13.476791,3,2026.658269
50.503209,3,2026.919539
-13.476791,3,2026.962195
-13.476791,3,2027.003244
-13.476791,3,2027.071795
-14.190791,3,2027.248108
-13.476791,3,2027.320827
-13.476791,3,2027.532288
51.523209,3,2027.789925
-13.476791,3,2028.014591
51.523209,3,2028.186532
-13.476791,3,2028.227117
-13.476791,3,2028.267675
-13.476791,3,2028.451032
-14.292791,3,2028.737571
-13.476791,3,2028.791186
51.523209,3,2029.013077
-13.476791,3,2029.200564
50.605209,3,2029.300966
-13.476791,3,2029.608906
50.860209,3,2029.698785
-14.139791,3,2029.897147
-14.139791,3,2030.100676
-13.476791,3,2030.271772
-13.476791,3,2030.448174
-13.476791,3,2030.502352
-13.476791,3,2030.69997
-13.476791,3,2030.843506
-13.476791,3,2030.884391
-13.476791,3,2031.065199
-13.476791,3,2031.228436
-13.476791,3,2031.370993
-13.476791,3,2031.413041
-13.476791,3,2031.608028
-13.740902,3,2031.645278
-13.476791,3,2031.824588
-14.496791,3,2031.948321
51.523209,3,2032.036842
-13.476791,3,2032.091964
-13.476791,3,2032.186392
-13.476791,3,2032.226964
-14.190791,3,2032.370666
-14.496791,3,2032.515411
-13.476791,3,2032.701189
-13.476791,3,2032.979439
51.523209,3,2033.148901
-13.476791,3,2033.235218
51.523209,3,2033.463553
-13.476791,3,2033.619282
51.523209,3,2033.706867
-13.476791,3,2033.762283
51.523209,3,2034.031529
-13.476791,3,2034.078649
51.523209,3,2034.346274
51.523209,3,2034.460824
-13.476791,3,2034.609724
51.523209,3,2034.898189
51.523209,3,2035.183402
51.523209,3,2035.248498
-13.476791,3,2035.561752
-13.552251,3,2035.606451
-10.783561,4,2035.694232
-10.783561,4,2035.873524
54.216439,4,2036.064555
-13.476791,3,2036.20883
-13.476791,3,2036.364734
-14.139791,3,2036.519717
54.216439,4,2036.679514
-10.783561,4,2036.77342
-13.476791,3,2037.084251
-10.783561,4,2037.166785
-13.476791,3,2037.307964
-10.783561,4,2037.507824
-13.476791,3,2037.649576
-13.476791,3,2037.690151
-14.292791,3,2037.898971
-13.476791,3,2037.941038
51.523209,3,2038.211185
-10.783561,4,2038.296452
-10.783561,4,2038.377081
51.523209,3,2038.5462
54.216439,4,2038.691738
-13.476791,3,2038.745339
-13.476791,3,2038.798909
54.216439,4,2038.831942
-10.783561,4,2039.032983
-13.476791,3,2039.074062
54.216439,4,2039.13469
-14.341712,3,2039.174397
-13.627712,3,2039.221955
-14.292791,3,2039.363317
54.216439,4,2039.559838
-14.139791,3,2039.644546
-10.783561,4,2039.725951
-10.783561,4,2039.906279
-13.476791,3,2039.958424
-10.783561,4,2040.151446
51.523209,3,2040.494305
51.523209,3,2040.782362
-13.476791,3,2040.822931
51.523209,3,2040.986886
-10.783561,4,2041.068986
-13.476791,3,2041.233314
-13.476791,3,2041.312059
-14.190791,3,2041.356643
-13.476791,3,2041.397212
-13.476791,3,2041.436259
-13.476791,3,2041.580155
-13.476791,3,2041.622631
-13.476791,3,2041.855283
-13.476791,3,2042.002274
-13.476791,3,2042.050376
-13.476791,3,2042.119114
-13.476791,3,2042.166715
-13.740902,3,2042.21533
-14.292791,3,2042.500307
-13.476791,3,2042.699471
-13.476791,3,2042.882068
51.523209,3,2043.151151
-13.476791,3,2043.19246
51.523209,3,2043.491718
-13.476791,3,2043.576301
-13.476791,3,2043.673567
-13.476791,3,2043.725616
-13.476791,3,2043.789352
-13.476791,3,2044.069134
-13.476791,3,2044.11273
-13.476791,3,2044.154706
-13.476791,3,2044.349335
-13.476791,3,2044.565184
-13.476791,3,2044.874303
-13.740902,3,2044.921431
-13.476791,3,2044.963014
-10.783561,4,2045.163099
51.523209,3,2045.238932
51.523209,3,2045.348069
-13.476791,3,2045.52142
-13.476791,3,2045.697868
-14.292791,3,2045.841869
-13.476791,3,2046.017332
-10.783561,4,2046.215736
-13.476791,3,2046.254239
-14.496791,3,2046.350606
-13.627712,3,2046.425286
-11.497561,4,2046.50995
-10.783561,4,2046.592807
-13.476791,3,2046.875112
-13.476791,3,2046.927242
-14.190791,3,2046.972492
-13.476791,3,2047.167977
-13.476791,3,2047.322615
-13.476791,3,2047.480101
-13.476791,3,2047.537256
-13.476791,3,2047.602524
51.523209,3,2047.862962
-13.476791,3,2048.053289
-13.476791,3,2048.236942
51.523209,3,2048.355369
-13.476791,3,2048.539726
-13.476791,3,2048.75805
-13.476791,3,2048.819653
50.707209,3,2049.012527
-13.476791,3,2049.304925
51.447749,3,2049.581205
-13.476791,3,2049.867884
-13.740902,3,2049.908467
-13.476791,3,2050.100998
-13.476791,3,2050.382761
-13.476791,3,2050.422837
-10.783561,4,2050.648348
-10.783561,4,2050.848494
-13.476791,3,2050.893119
-10.783561,4,2051.094023
-13.476791,3,2051.293326
-13.476791,3,2051.345088
-13.476791,3,2051.517069
-13.476791,3,2051.847133
-13.476791,3,2052.034535
-13.476791,3,2052.091755
-14.394791,3,2052.250042
51.523209,3,2052.532705
-13.476791,3,2052.695063
-13.476791,3,2052.748631
-13.476791,3,2052.797179
-14.292791,3,2052.839791
-13.476791,3,2052.982962
-13.476791,3,2053.127185
-10.783561,4,2053.211354
-13.476791,3,2053.414508
-13.476791,3,2053.470586
54.216439,4,2053.593416
-10.783561,4,2053.795911
-13.476791,3,2053.846469
-13.627712,3,2053.896314
-13.476791,3,2053.942159
51.523209,3,2054.041019
54.216439,4,2054.153052
-13.476791,3,2054.361153
-13.476791,3,2054.417491
-13.476791,3,2054.472645
-14.292791,3,2054.541076
54.008717,4,2054.76426
54.216439,4,2054.82038
51.523209,3,2055.033098
-13.476791,3,2055.109815
-13.476791,3,2055.148972
-10.783561,4,2055.427583
51.523209,3,2055.691879
51.523209,3,2055.795065
-10.783561,4,2055.881707
51.523209,3,2056.161102
-13.476791,3,2056.20534
-10.783561,4,2056.287973
-10.783561,4,2056.467416
-10.783561,4,2056.669791
-10.783561,4,2056.874173
-13.552251,3,2056.942261
57.967614,5,2056.983821
-13.476791,3,2057.128443
51.523209,3,2057.41411
-13.740902,3,2057.451668
-13.476791,3,2057.631097
54.216439,4,2057.774419
54.216439,4,2057.931845
54.216439,4,2058.007333
-13.476791,3,2058.214047
51.523209,3,2058.311713
-13.476791,3,2058.532767
51.523209,3,2058.821524
-13.476791,3,2058.8662
-13.476791,3,2059.015885
-13.476791,3,2059.056636
-14.394791,3,2059.114115
54.216439,4,2059.269377
-14.190791,3,2059.416608
54.216439,4,2059.562884
54.216439,4,2059.709357
-13.476791,3,2059.881786
-13.476791,3,2060.025652
51.523209,3,2060.292648
-13.476791,3,2060.578524
-10.783561,4,2060.666376
-13.476791,3,2060.736865
-13.476791,3,2060.822698
-10.783561,4,2061.020399
51.523209,3,2061.280984
-13.476791,3,2061.322356
53.196439,4,2061.382339
-10.783561,4,2061.584361
51.523209,3,2061.861499
-10.783561,4,2062.06245
-13.476791,3,2062.368214
54.216439,4,2062.514091
54.216439,4,2062.662796
-13.476791,3,2062.841772
-13.476791,3,2062.994825
54.216439,4,2063.163723
54.216439,4,2063.330788
-11.803561,4,2063.416474
-13.476791,3,2063.469794
-13.476791,3,2063.526386
-13.476791,3,2063.579223
51.523209,3,2063.679881
54.216439,4,2063.74101
51.523209,3,2064.074634
-13.476791,3,2064.119705
51.523209,3,2064.327629
-10.783561,4,2064.410193
-10.783561,4,2064.494346
-13.476791,3,2064.535938
-13.476791,3,2064.758531
-13.476791,3,2064.815318
-13.476791,3,2064.991616
-13.476791,3,2065.137444
-10.783561,4,2065.438862
-13.476791,3,2065.706381
-10.783561,4,2065.801359
-13.476791,3,2065.9702
-13.476791,3,2066.266894
-11.803561,4,2066.585688
54.216439,4,2066.642816
54.216439,4,2066.678357
-13.476791,3,2066.860494
54.216439,4,2066.937692
-10.783561,4,2067.139277
-13.476791,3,2067.224528
-14.139791,3,2067.401295
-13.476791,3,2067.489459
-13.476791,3,2067.659328
-13.740902,3,2067.701479
51.523209,3,2067.781458
-13.476791,3,2067.82205
54.216439,4,2068.001653
54.216439,4,2068.18805
-13.476791,3,2068.332681
-13.476791,3,2068.389448
-10.783561,4,2068.472051
-13.476791,3,2068.52364
54.216439,4,2068.6759
54.216439,4,2068.82709
-13.476791,3,2068.98001
54.216439,4,2069.034588
-13.476791,3,2069.207283
54.216439,4,2069.360151
-13.476791,3,2069.639363
-13.476791,3,2069.82496
-13.476791,3,2069.966335
-10.783561,4,2070.04882
-14.292791,3,2070.226187
51.523209,3,2070.35508
-13.476791,3,2070.538989
54.216439,4,2070.696065
-13.476791,3,2070.887452
-13.476791,3,2071.031416
-13.476791,3,2071.218235
54.216439,4,2071.374214
-14.190791,3,2071.517731
-13.476791,3,2071.659639
-13.476791,3,2071.864029
-10.783561,4,2072.041043
-13.476791,3,2072.202698
-13.476791,3,2072.245818
-13.476791,3,2072.286154
51.523209,3,2072.542825
-14.394791,3,2072.730644
-14.139791,3,2072.786226
54.216439,4,2072.95262
54.216439,4,2073.099791
-14.139791,3,2073.140856
-13.476791,3,2073.313847
51.523209,3,2073.409818
51.523209,3,2073.715652
-13.476791,3,2073.904236
-13.476791,3,2073.966159
-13.476791,3,2074.012098
53.400439,4,2074.197449
-13.476791,3,2074.381948
51.523209,3,2074.544961
-13.476791,3,2074.598525
-13.476791,3,2074.640347
51.523209,3,2074.920932
-13.476791,3,2075.207047
-13.627712,3,2075.260358
54.216439,4,2075.429782
-10.783561,4,2075.512515
-13.476791,3,2075.811568
-13.552251,3,2075.85866
54.216439,4,2076.016812
51.523209,3,2076.097008
51.523209,3,2076.37257
-10.783561,4,2076.572792
-13.740902,3,2076.61589
-13.476791,3,2076.759361
-14.292791,3,2076.797931
-13.476791,3,2076.854557
-13.476791,3,2076.997121
-10.783561,4,2077.199656
-13.476791,3,2077.240333
54.216439,4,2077.324107
54.216439,4,2077.398198
-13.476791,3,2077.548479
-13.627712,3,2077.605076
-10.783561,4,2077.805384
54.216439,4,2077.947093
-13.476791,3,2078.092834
-13.476791,3,2078.386822
54.216439,4,2078.545352
54.216439,4,2078.694771
-13.476791,3,2078.872208
-13.476791,3,2079.017715
-13.476791,3,2079.173605
-10.783561,4,2079.261944
54.216439,4,2079.324089
-10.783561,4,2079.407691
54.216439,4,2079.495914
-10.783561,4,2079.592349
54.216439,4,2079.656485
-13.476791,3,2079.82849
-10.783561,4,2079.875093
-13.476791,3,2079.956444
-10.783561,4,2080.265169
54.216439,4,2080.409332
54.216439,4,2080.61261
-13.476791,3,2080.671312
-10.783561,4,2080.753441
54.216439,4,2080.823751
54.216439,4,2080.980251
-13.476791,3,2081.170052
-11.497561,4,2081.4652
-13.476791,3,2081.738902
51.523209,3,2081.995501
-10.783561,4,2082.191099
-13.476791,3,2082.419995
-13.476791,3,2082.461192
-10.783561,4,2082.543504
-13.476791,3,2082.588573
54.216439,4,2082.651278
54.216439,4,2082.80561
-13.476791,3,2082.950003
51.523209,3,2083.238097
51.523209,3,2083.44779
-13.476791,3,2083.646528
54.216439,4,2083.825352
54.216439,4,2083.991956
54.216439,4,2084.07698
-13.552251,3,2084.143376
-13.476791,3,2084.289079
54.216439,4,2084.380127
54.216439,4,2084.523567
-13.476791,3,2084.693677
50.503209,3,2084.967529
-10.783561,4,2085.051183
-14.190791,3,2085.090974
51.523209,3,2085.342284
-13.476791,3,2085.539325
-10.783561,4,2085.835754
-13.476791,3,2085.946426
-13.476791,3,2086.122328
-13.476791,3,2086.169899
-13.476791,3,2086.352398
54.216439,4,2086.525811
-13.476791,3,2086.671418
-13.476791,3,2086.857778
-13.476791,3,2087.002734
-13.476791,3,2087.05177
-13.476791,3,2087.245895
54.216439,4,2087.400261
-13.476791,3,2087.544154
-13.476791,3,2087.729595
-13.476791,3,2087.772164
-13.476791,3,2087.823792
-13.476791,3,2088.118403
-13.476791,3,2088.169482
-10.783561,4,2088.469359
51.523209,3,2088.563787
-14.139791,3,2088.705777
-13.476791,3,2088.922554
-13.476791,3,2088.96561
-14.139791,3,2089.107527
-14.394791,3,2089.149731
54.216439,4,2089.193455
-13.476791,3,2089.23474
54.216439,4,2089.282282
-13.476791,3,2089.327353
-13.476791,3,2089.521903
51.523209,3,2089.795787
-13.476791,3,2089.974601
-13.476791,3,2090.14403
-13.476791,3,2090.230883
-14.292791,3,2090.272434
-13.476791,3,2090.45916
51.523209,3,2090.753711
-10.783561,4,2091.037613
-14.139791,3,2091.080324
54.216439,4,2091.14548
51.523209,3,2091.391832
54.216439,4,2091.487007
51.523209,3,2091.662347
51.523209,3,2091.943625
-7.032386,5,2092.014745
-13.476791,3,2092.198063
51.523209,3,2092.471499
-13.476791,3,2092.650918
-13.476791,3,2092.793587
50.503209,3,2092.888798
-13.476791,3,2093.070668
-13.476791,3,2093.126732
-11.406726,4,2093.176289
54.216439,4,2093.237434
57.967614,5,2093.312625
54.216439,4,2093.445845
-10.783561,4,2093.651001
53.29844,4,2093.692629
-13.476791,3,2093.858078
51.523209,3,2094.133259
-13.476791,3,2094.30962
-8.052386,5,2094.66255
-14.572251,3,2094.738629
-13.476791,3,2094.88448
-13.476791,3,2095.185917
54.216439,4,2095.330927
51.523209,3,2095.532598
54.216439,4,2095.667795
-10.783561,4,2095.8661
-13.476791,3,2096.059161
-13.476791,3,2096.119748
-13.476791,3,2096.181898
-11.510587,4,2096.222671
54.216439,4,2096.386253
54.216439,4,2096.531836
51.523209,3,2096.811525
54.216439,4,2096.873652
54.216439,4,2097.032396
-13.476791,3,2097.08748
-13.552251,3,2097.150074
-13.476791,3,2097.191624
-10.783561,4,2097.278249
54.216439,4,2097.350002
-13.476791,3,2097.491762
-13.476791,3,2097.634057
-13.476791,3,2097.809456
-10.783561,4,2097.897911
-13.476791,3,2098.080787
-13.476791,3,2098.12002
-13.476791,3,2098.295089
-14.190791,3,2098.349412
-13.476791,3,2098.404072
-14.292791,3,2098.580657
-13.476791,3,2098.719932
-13.476791,3,2098.884061
54.216439,4,2098.961637
51.523209,3,2099.064296
-13.740902,3,2099.105359
54.216439,4,2099.167151
-13.476791,3,2099.336973
-13.476791,3,2099.489471
-13.476791,3,2099.546543
-13.476791,3,2099.618169
-13.476791,3,2099.658743
-13.476791,3,2099.806144
-13.476791,3,2099.969714
51.523209,3,2100.057349
-13.476791,3,2100.199389
51.523209,3,2100.390851
-13.476791,3,2100.564966
-13.476791,3,2100.605304
-13.476791,3,2100.74711
51.523209,3,2100.99625
-13.476791,3,2101.164531
-13.476791,3,2101.347309
-13.476791,3,2101.528911
54.216439,4,2101.604519
-13.476791,3,2101.666601
-13.476791,3,2101.706746
50.605209,3,2101.773359
-13.476791,3,2102.064871
-10.783561,4,2102.149598
51.523209,3,2102.249959
-13.476791,3,2102.341655
-13.476791,3,2102.516331
54.216439,4,2102.565477
54.216439,4,2102.710176
53.29844,4,2102.853873
-13.476791,3,2103.046872
54.216439,4,2103.201716
-13.476791,3,2103.346123
54.216439,4,2103.41134
54.216439,4,2103.579663
51.523209,3,2103.669421
54.216439,4,2103.75486
-10.783561,4,2103.848494
54.216439,4,2104.026201
-13.476791,3,2104.167587
54.216439,4,2104.226801
-13.476791,3,2104.534586
54.216439,4,2104.595157
54.216439,4,2104.774565
-13.476791,3,2105.078219
54.216439,4,2105.136303
54.216439,4,2105.290806
-11.510587,4,2105.337381
-13.476791,3,2105.478787
54.216439,4,2105.620382
54.216439,4,2105.776132
-10.783561,4,2105.864807
54.216439,4,2105.926393
-13.476791,3,2106.017073
54.216439,4,2106.197211
54.216439,4,2106.383336
-13.476791,3,2106.455645
54.216439,4,2106.516767
-13.476791,3,2106.658376
54.216439,4,2106.729985
54.216439,4,2106.865284
54.216439,4,2106.933508
-14.292791,3,2106.997951
-10.783561,4,2107.206347
54.216439,4,2107.350246
54.216439,4,2107.390802
-10.783561,4,2107.589161
-13.476791,3,2107.628728
50.605209,3,2107.864914
-10.783561,4,2107.953044
54.216439,4,2108.095343
54.216439,4,2108.25132
54.216439,4,2108.389225
-13.476791,3,2108.538206
-13.476791,3,2108.585907
51.523209,3,2108.67153
-13.476791,3,2108.977814
-13.476791,3,2109.273053
-13.476791,3,2109.416169
-13.476791,3,2109.470739
54.216439,4,2109.604091
-13.476791,3,2109.781538
-10.783561,4,2109.97443
-13.476791,3,2110.016477
-13.476791,3,2110.057037
54.216439,4,2110.1056
-13.476791,3,2110.164228
54.216439,4,2110.317001
-13.552251,3,2110.367108
51.523209,3,2110.450919
54.216439,4,2110.491625
-13.476791,3,2110.586356
-13.703172,3,2110.626415
-10.783561,4,2110.709537
-13.476791,3,2110.853558
-13.476791,3,2111.034494
-13.476791,3,2111.211677
54.216439,4,2111.364464
-13.476791,3,2111.505634
54.216439,4,2111.650002
-13.476791,3,2111.69206
-13.476791,3,2111.892965
54.216439,4,2111.961661
-10.783561,4,2112.162211
51.523209,3,2112.502079
-13.476791,3,2112.588233
-13.476791,3,2112.629786
-13.552251,3,2112.670886
54.216439,4,2112.818623
-14.394791,3,2112.966252
-14.341712,3,2113.026908
54.216439,4,2113.132203
54.216439,4,2113.247223
50.860209,3,2113.546405
51.523209,3,2113.754315
54.216439,4,2113.906733
-13.476791,3,2114.102249
-13.476791,3,2114.2553
-13.476791,3,2114.303404
-13.476791,3,2114.476014
-13.703172,3,2114.517663
-13.476791,3,2114.593265
-13.476791,3,2114.643128
-13.476791,3,2114.814155
-13.476791,3,2114.998394
51.523209,3,2115.267105
54.216439,4,2115.316656
-14.139791,3,2115.459658
54.216439,4,2115.619097
-13.476791,3,2115.797192
-13.476791,3,2115.845765
54.216439,4,2116.013063
51.523209,3,2116.3073
-13.476791,3,2116.532899
-13.476791,3,2116.734163
51.523209,3,2117.083622
50.809209,3,2117.405592
-10.783561,4,2117.490987
54.216439,4,2117.543077
51.523209,3,2117.738952
-13.476791,3,2118.041854
-13.476791,3,2118.231816
-13.476791,3,2118.303969
-13.476791,3,2118.371699
51.523209,3,2118.675422
-13.476791,3,2118.718863
54.216439,4,2118.782965
-13.476791,3,2118.824032
-13.476791,3,2119.014753
-13.476791,3,2119.208074
-13.476791,3,2119.261921
54.216439,4,2119.419978
54.216439,4,2119.482078
-13.476791,3,2119.801522
-13.476791,3,2119.855916
51.523209,3,2119.996891
-13.476791,3,2120.161058
50.503209,3,2120.455595
-13.476791,3,2120.642954
54.216439,4,2120.833136
-13.476791,3,2120.978452
51.523209,3,2121.168149
-13.476791,3,2121.35915
-13.476791,3,2121.518477
-13.476791,3,2121.722079
-13.476791,3,2121.780656
51.523209,3,2121.965033
-13.476791,3,2122.108761
-14.292791,3,2122.258236
-13.476791,3,2122.299574
51.523209,3,2122.453281
-11.44656,4,2122.6595
-13.476791,3,2122.721104
-13.476791,3,2122.865806
53.29844,4,2122.906406
51.523209,3,2123.064407
-13.476791,3,2123.10599
54.216439,4,2123.251047
54.216439,4,2123.307866
-13.476791,3,2123.468554
-13.476791,3,2123.641382
-13.476791,3,2123.684038
-14.292791,3,2123.865534
-13.476791,3,2123.908932
-13.476791,3,2123.981406
-13.476791,3,2124.261368
-13.476791,3,2124.407726
-13.476791,3,2124.58578
-13.476791,3,2124.655892
-13.476791,3,2124.71999
51.523209,3,2124.831537
-13.476791,3,2125.023636
51.523209,3,2125.12181
51.523209,3,2125.21067
-10.783561,4,2125.297333
-13.476791,3,2125.577878
-13.476791,3,2125.724055
-13.740902,3,2125.766184
-14.139791,3,2125.81978
51.523209,3,2125.904563
-13.476791,3,2126.064268
-13.476791,3,2126.206227
-13.476791,3,2126.405045
-14.139791,3,2126.701423
-13.476791,3,2126.885145
51.523209,3,2127.256174
-13.476791,3,2127.311245
51.523209,3,2127.486339
-14.292791,3,2127.528214
-13.476791,3,2127.569373
-13.476791,3,2127.612932
-13.476791,3,2127.805286
51.523209,3,2128.124068
51.523209,3,2128.403566
-13.476791,3,2128.460651
-13.476791,3,2128.643103
-10.783561,4,2128.847465
51.523209,3,2129.041745
50.605209,3,2129.226855
-13.476791,3,2129.279701
-13.476791,3,2129.457104
-13.476791,3,2129.600289
51.523209,3,2129.857675
-13.476791,3,2130.033263
-13.476791,3,2130.080872
-13.476791,3,2130.227137
-13.476791,3,2130.422899
-13.476791,3,2130.556159
-13.476791,3,2130.597243
-13.476791,3,2130.789258
-13.476791,3,2130.966436
-13.476791,3,2131.171679
-13.476791,3,2131.234039
-13.476791,3,2131.380663
-13.476791,3,2131.422847
-13.476791,3,2131.476951
-13.476791,3,2131.768775
-13.476791,3,2131.938551
-13.476791,3,2132.081764
-13.476791,3,2132.121632
-13.476791,3,2132.332663
-13.476791,3,2132.490675
-10.783561,4,2132.824779
51.523209,3,2133.093001
-13.476791,3,2133.267474
-13.476791,3,2133.469474
-13.476791,3,2133.621301
-14.470251,3,2133.685503
51.523209,3,2133.955079
-10.783561,4,2134.056308
-13.476791,3,2134.237887
51.523209,3,2134.599671
-11.497561,4,2134.794543
51.523209,3,2135.062947
50.707209,3,2135.195073
54.216439,4,2135.236751
-13.476791,3,2135.277004
-13.476791,3,2135.452794
-13.476791,3,2135.596493
-13.476791,3,2135.793428
-13.476791,3,2135.980827
-13.476791,3,2136.247236
-13.476791,3,2136.391688
-13.476791,3,2136.534167
-13.476791,3,2136.674555
-11.406726,4,2136.738153
-13.476791,3,2136.881301
-13.476791,3,2136.935052
54.216439,4,2137.072625
53.502439,4,2137.253589
51.523209,3,2137.335716
-11.70156,4,2137.535462
54.216439,4,2137.713804
-13.476791,3,2137.931291
51.523209,3,2138.001867
-13.476791,3,2138.06847
-10.783561,4,2138.267358
-13.476791,3,2138.309245
51.523209,3,2138.398501
54.216439,4,2138.545714
-13.476791,3,2138.698536
-13.476791,3,2138.983338
-13.476791,3,2139.025384
-13.476791,3,2139.065448
51.523209,3,2139.254357
51.523209,3,2139.518936
-13.476791,3,2139.570007
-13.476791,3,2139.627606
51.523209,3,2139.898421
-13.476791,3,2139.951633
54.216439,4,2140.096288
54.216439,4,2140.237409
-13.476791,3,2140.51392
-13.476791,3,2140.686012
-13.476791,3,2140.91511
-13.476791,3,2140.968198
-14.139791,3,2141.143613
54.216439,4,2141.334847
54.216439,4,2141.39808
-13.476791,3,2141.451787
51.523209,3,2141.555502
-10.783561,4,2141.650356
54.216439,4,2141.831143
-10.783561,4,2142.031905
-10.783561,4,2142.22992
54.216439,4,2142.406102
-10.783561,4,2142.605647
54.216439,4,2142.670928
-10.783561,4,2142.860264
-13.476791,3,2143.007828
-11.510587,4,2143.076422
-11.44656,4,2143.170372
54.216439,4,2143.308508
-13.476791,3,2143.453963
-13.476791,3,2143.494026
-14.341712,3,2143.551107
-13.476791,3,2143.59525
-13.476791,3,2143.737978
51.523209,3,2143.834895
50.605209,3,2144.120738
51.523209,3,2144.377388
54.216439,4,2144.419993
-13.476791,3,2144.462543
53.55344,4,2144.497239
54.216439,4,2144.716911
-13.476791,3,2144.768054
54.216439,4,2144.92901
51.523209,3,2145.211247
54.216439,4,2145.26522
-13.740902,3,2145.304353
54.216439,4,2145.37556
54.216439,4,2145.553623
54.216439,4,2145.688835
-13.476791,3,2145.906114
-13.476791,3,2146.048673
-13.476791,3,2146.195288
54.216439,4,2146.34292
51.523209,3,2146.608112
54.216439,4,2146.766765
54.216439,4,2146.911606
-10.783561,4,2147.104254
-13.476791,3,2147.181318
51.523209,3,2147.455489
-10.783561,4,2147.753134
-13.476791,3,2147.901903
-13.476791,3,2147.955863
51.523209,3,2148.029777
-10.783561,4,2148.226803
51.523209,3,2148.321451
-13.476791,3,2148.363011
-13.476791,3,2148.404571
-10.783561,4,2148.70885
51.523209,3,2148.796732
-13.476791,3,2148.93894
-10.783561,4,2149.134434
51.523209,3,2149.235223
-13.476791,3,2149.297515
-10.783561,4,2149.381118
-13.740902,3,2149.420798
-10.991283,4,2149.606644
-13.476791,3,2149.653854
-14.394791,3,2149.955224
-10.783561,4,2150.04051
-13.476791,3,2150.227538
-13.476791,3,2150.51182
53.196439,4,2150.661049
-10.783561,4,2150.746949
-14.292791,3,2150.798631
51.523209,3,2150.911518
-13.476791,3,2150.953225
-13.476791,3,2151.095329
-10.783561,4,2151.293156
-13.476791,3,2151.474685
-14.190791,3,2151.527761
54.216439,4,2151.710247
-13.476791,3,2151.751309
54.216439,4,2151.821337
-13.476791,3,2151.866302
51.523209,3,2151.967974
-10.783561,4,2152.050624
51.523209,3,2152.328831
-14.496791,3,2152.499663
54.216439,4,2152.66637
54.216439,4,2152.813087
-13.476791,3,2153.087746
-13.476791,3,2153.253597
51.523209,3,2153.537591
-13.476791,3,2153.681346
-13.476791,3,2153.835654
-14.292791,3,2153.976728
51.523209,3,2154.077935
54.216439,4,2154.233742
-13.476791,3,2154.444222
-13.476791,3,2154.610751
-10.783561,4,2154.69288
-13.476791,3,2154.874537
54.216439,4,2154.965159
-13.476791,3,2155.107298
-13.476791,3,2155.19398
54.216439,4,2155.346791
54.216439,4,2155.520641
-13.476791,3,2155.607762
-13.476791,3,2155.686903
-13.476791,3,2155.825422
-13.476791,3,2156.001728
-13.476791,3,2156.185493
-13.476791,3,2156.294857
-13.476791,3,2156.350811
-13.476791,3,2156.509271
-13.552251,3,2156.565868
-13.476791,3,2156.612964
-13.476791,3,2156.697088
-13.476791,3,2156.885008
-13.476791,3,2157.062776
-13.476791,3,2157.233039
-13.476791,3,2157.294624
-10.783561,4,2157.38546
-14.292791,3,2157.565813
-13.476791,3,2157.654224
50.860209,3,2157.935751
-13.476791,3,2158.108541
-13.476791,3,2158.198775
51.523209,3,2158.287525
-13.476791,3,2158.55852
-13.476791,3,2158.615123
-13.476791,3,2158.688235
51.523209,3,2158.970666
-13.476791,3,2159.01426
51.523209,3,2159.110765
54.216439,4,2159.251173
-13.476791,3,2159.30556
-13.627712,3,2159.369176
-13.476791,3,2159.545298
-13.476791,3,2159.695168
-13.476791,3,2159.841447
-10.783561,4,2160.038823
-13.476791,3,2160.182795
54.216439,4,2160.243933
51.523209,3,2160.34412
-13.476791,3,2160.484329
-13.476791,3,2160.53816
54.216439,4,2160.679323
-13.476791,3,2160.829557
-13.476791,3,2161.006437
51.523209,3,2161.273603
-13.476791,3,2161.452827
-13.476791,3,2161.495884
54.216439,4,2161.667179
51.523209,3,2161.937804
-10.783561,4,2162.139627
-14.496791,3,2162.309341
51.523209,3,2162.406971
-13.476791,3,2162.473467
51.523209,3,2162.55462
-10.783561,4,2162.754308
-10.783561,4,2162.839768
-13.476791,3,2162.983795
-13.476791,3,2163.269951
54.216439,4,2163.331294
-10.783561,4,2163.421087
-13.476791,3,2163.601456
-13.476791,3,2163.641533
54.216439,4,2163.783215
-13.476791,3,2163.927687
51.523209,3,2164.024384
54.216439,4,2164.144085
51.523209,3,2164.424426
54.216439,4,2164.574368
51.523209,3,2164.67358
-13.740902,3,2164.714192
54.216439,4,2164.786319
54.216439,4,2164.857583
-14.292791,3,2165.041655
-10.783561,4,2165.339266
-13.476791,3,2165.551111
54.216439,4,2165.72843
-13.476791,3,2165.779513
-13.476791,3,2165.986109
51.523209,3,2166.253783
54.216439,4,2166.398129
54.216439,4,2166.537377
-13.740902,3,2166.589163
-13.476791,3,2166.792338
54.216439,4,2166.932665
54.216439,4,2167.073418
54.216439,4,2167.218116
-14.394791,3,2167.258173
-10.783561,4,2167.461219
54.216439,4,2167.507301
-10.783561,4,2167.799107
-13.476791,3,2168.062367
-14.190791,3,2168.207501
-13.476791,3,2168.385808
51.523209,3,2168.652277
-13.476791,3,2168.829649
-13.476791,3,2169.017923
-10.783561,4,2169.215781
-10.783561,4,2169.298093
51.523209,3,2169.587944
-13.476791,3,2169.651032
-13.476791,3,2169.79726
-13.476791,3,2169.883737
-13.476791,3,2170.173141
-13.476791,3,2170.356781
-14.139791,3,2170.434429
-13.476791,3,2170.568907
-13.476791,3,2170.709147
-13.476791,3,2170.88541
-13.476791,3,2171.028709
-13.476791,3,2171.219815
-13.476791,3,2171.259892
-13.476791,3,2171.437324
-13.476791,3,2171.517951
51.523209,3,2171.606584
-13.703172,3,2171.643342
51.523209,3,2171.913008
-13.476791,3,2171.986125
-13.476791,3,2172.033729
-13.476791,3,2172.214036
-13.476791,3,2172.267614
-13.476791,3,2172.415957
-13.476791,3,2172.457019
-13.476791,3,2172.634249
-13.476791,3,2172.784879
-13.476791,3,2173.082341
-13.476791,3,2173.264872
-13.476791,3,2173.436434
-13.476791,3,2173.612138
-13.476791,3,2173.762097
-13.476791,3,2173.940779
-13.476791,3,2174.123282
-13.476791,3,2174.199533
-13.476791,3,2174.342358
-13.476791,3,2174.386344
-13.476791,3,2174.565721
-13.476791,3,2174.623324
51.523209,3,2174.710449
-13.476791,3,2174.751514
-13.476791,3,2174.935417
-13.476791,3,2175.032218
-13.476791,3,2175.088316
-13.476791,3,2175.178945
-13.476791,3,2175.322377
-13.476791,3,2175.467332
-13.476791,3,2175.511018
-13.476791,3,2175.549584
-13.476791,3,2175.737403
-13.476791,3,2175.810791
-13.476791,3,2175.852873
-13.476791,3,2175.894932
-13.552251,3,2176.027673
-13.476791,3,2176.191449
51.523209,3,2176.454389
-13.476791,3,2176.512186
-13.476791,3,2176.564292
-13.476791,3,2176.713547
-10.783561,4,2176.79488
-13.476791,3,2176.972162
-10.783561,4,2177.172342
-13.476791,3,2177.360286
51.523209,3,2177.636393
-13.476791,3,2177.825176
-13.476791,3,2177.878754
-13.476791,3,2177.964591
-13.476791,3,2178.003137
-13.476791,3,2178.056721
-13.476791,3,2178.116323
-10.783561,4,2178.320201
54.216439,4,2178.463222
-13.476791,3,2178.630071
-13.476791,3,2178.912712
50.860209,3,2179.0155
-13.476791,3,2179.204375
-13.476791,3,2179.359802
-13.476791,3,2179.548494
-13.476791,3,2179.738403
-13.476791,3,2179.818026
54.216439,4,2179.900522
51.523209,3,2180.050287
-13.476791,3,2180.089357
51.523209,3,2180.186512
-13.476791,3,2180.2441
-10.783561,4,2180.584916
-13.476791,3,2180.632986
-13.476791,3,2180.828416
51.523209,3,2181.051289
51.523209,3,2181.413539
54.216439,4,2181.502134
-13.476791,3,2181.562212
-13.476791,3,2181.616908
-13.476791,3,2181.775989
-13.476791,3,2181.956364
54.216439,4,2182.000497
-13.476791,3,2182.178926
-13.476791,3,2182.219474
-13.476791,3,2182.262034
-13.476791,3,2182.445947
-14.496791,3,2182.50705
51.523209,3,2182.699834
-13.476791,3,2182.743402
-14.394791,3,2182.91826
54.216439,4,2183.096043
-13.476791,3,2183.144361
54.216439,4,2183.327662
54.216439,4,2183.510491
-13.476791,3,2183.55814
-13.476791,3,2183.605213
-13.552251,3,2183.804532
-13.476791,3,2183.9978
-13.476791,3,2184.036874
-13.476791,3,2184.07794
-13.476791,3,2184.22788
-13.476791,3,2184.286472
-13.476791,3,2184.326714
-14.496791,3,2184.375933
-13.476791,3,2184.517884
-13.476791,3,2184.703684
-13.476791,3,2184.752844
54.216439,4,2184.804519
-14.190791,3,2184.858678
-13.476791,3,2185.018928
-13.476791,3,2185.059999
51.523209,3,2185.346503
51.523209,3,2185.619286
-13.476791,3,2185.923728
-13.476791,3,2186.208902
51.523209,3,2186.287541
-14.496791,3,2186.337437
-13.476791,3,2186.497804
-13.476791,3,2186.647471
-13.476791,3,2186.686032
-13.476791,3,2186.772223
53.55344,4,2186.843353
-13.476791,3,2187.027302
-13.476791,3,2187.204073
51.523209,3,2187.513194
-13.476791,3,2187.700519
-13.476791,3,2187.845279
-13.476791,3,2188.032143
-10.783561,4,2188.233994
-13.476791,3,2188.377379
-13.476791,3,2188.547524
51.523209,3,2188.627633
-13.476791,3,2188.769351
51.523209,3,2188.924593
-13.476791,3,2189.010853
-13.476791,3,2189.101043
-13.476791,3,2189.260563
51.523209,3,2189.435408
-13.476791,3,2189.474493
-14.292791,3,2189.556716
51.523209,3,2189.667925
-13.476791,3,2189.724385
-13.476791,3,2189.802539
50.605209,3,2190.000372
-13.476791,3,2190.05009
-13.476791,3,2190.08965
51.523209,3,2190.186375
-13.476791,3,2190.369821
-10.783561,4,2190.567853
-13.476791,3,2190.714655
51.523209,3,2190.877265
-13.476791,3,2191.03666
-13.476791,3,2191.248403
-13.476791,3,2191.295705
-13.476791,3,2191.344841
-13.476791,3,2191.549282
-13.476791,3,2191.74092
-13.476791,3,2191.78413
51.523209,3,2192.068895
54.216439,4,2192.269831
-13.476791,3,2192.311889
-13.476791,3,2192.362022
-13.476791,3,2192.419623
-13.476791,3,2192.581824
-13.476791,3,2192.782117
51.523209,3,2193.055687
51.523209,3,2193.309429
50.503209,3,2193.40341
-13.476791,3,2193.593551
-13.476791,3,2193.880484
-13.476791,3,2194.052349
-13.476791,3,2194.132126
54.216439,4,2194.302894
-13.476791,3,2194.463733
51.523209,3,2194.733321
-13.476791,3,2194.876626
-13.476791,3,2194.917676
50.809209,3,2195.200303
-13.476791,3,2195.371134
-13.476791,3,2195.545699
-13.476791,3,2195.598259
-14.394791,3,2195.740388
54.216439,4,2195.798587
-13.476791,3,2195.941853
51.523209,3,2196.044838
-13.476791,3,2196.098414
-13.476791,3,2196.273446
-13.476791,3,2196.329535
-13.476791,3,2196.370121
-10.783561,4,2196.567101
-13.476791,3,2196.613547
-10.783561,4,2196.812729
-10.783561,4,2196.903856
51.523209,3,2197.052494
54.216439,4,2197.219346
-13.552251,3,2197.290651
-13.476791,3,2197.342907
-13.740902,3,2197.383457
-13.476791,3,2197.441731
-11.510587,4,2197.484245
-14.394791,3,2197.627757
-10.783561,4,2197.725912
-13.476791,3,2197.783187
-13.476791,3,2197.834785
-13.703172,3,2197.877336
-10.783561,4,2197.964631
-13.476791,3,2198.006183
51.523209,3,2198.196269
54.216439,4,2198.334475
54.216439,4,2198.393565
51.523209,3,2198.479892
-10.783561,4,2198.689343
-11.510587,4,2198.731915
-13.476791,3,2198.772992
51.523209,3,2199.063235
-13.476791,3,2199.205984
54.216439,4,2199.370469
-10.783561,4,2199.459052
-13.476791,3,2199.499622
54.216439,4,2199.543406
51.523209,3,2199.784837
51.523209,3,2199.881076
51.523209,3,2200.032903
51.523209,3,2200.262652
-13.552251,3,2200.308978
-13.476791,3,2200.50899
54.216439,4,2200.565731
-13.476791,3,2200.71365
51.523209,3,2201.006932
-13.476791,3,2201.171784
-13.476791,3,2201.351979
-10.783561,4,2201.520361
54.216439,4,2201.592995
-13.476791,3,2201.648949
-13.552251,3,2201.721727
-13.476791,3,2201.866528
-14.496791,3,2201.910593
-13.476791,3,2202.065305
-13.476791,3,2202.151106
-13.703172,3,2202.19472
-13.476791,3,2202.383752
-13.476791,3,2202.43332
-13.476791,3,2202.497413
-14.139791,3,2202.612594
-13.476791,3,2202.669215
-13.476791,3,2202.710284
-14.215251,3,2202.822099
-13.476791,3,2202.874744
-13.476791,3,2202.928831
-13.476791,3,2203.119354
-13.476791,3,2203.308458
54.216439,4,2203.402734
-13.703172,3,2203.439663
-10.783561,4,2203.527026
51.523209,3,2203.627202
-10.783561,4,2203.710332
-10.783561,4,2203.804764
-10.783561,4,2203.912419
-13.476791,3,2204.114323
-13.476791,3,2204.297656
-10.783561,4,2204.497933
-13.476791,3,2204.647058
53.196439,4,2204.874068
51.523209,3,2205.150318
-13.476791,3,2205.20194
-13.476791,3,2205.247188
51.523209,3,2205.524674
-13.476791,3,2205.679485
-13.476791,3,2205.718567
-13.476791,3,2205.767377
-13.476791,3,2205.923971
-13.476791,3,2206.083028
-13.476791,3,2206.229411
54.216439,4,2206.380797
50.503209,3,2206.717559
-13.476791,3,2206.760127
-13.476791,3,2206.81922
-13.627712,3,2206.860848
-10.783561,4,2206.950829
-13.476791,3,2207.105292
-14.139791,3,2207.152984
-10.783561,4,2207.350142
-13.476791,3,2207.51231
51.523209,3,2207.626955
-13.476791,3,2207.812281
-13.476791,3,2207.961584
-13.476791,3,2208.027216
-13.476791,3,2208.204682
-10.783561,4,2208.401731
-13.476791,3,2208.57306
54.216439,4,2208.759086
-13.476791,3,2209.056724
54.216439,4,2209.122007
54.216439,4,2209.181759
-13.552251,3,2209.22841
51.523209,3,2209.515157
54.216439,4,2209.702167
54.216439,4,2209.85392
54.216439,4,2210.036391
54.216439,4,2210.098953
-13.476791,3,2210.145275
-13.476791,3,2210.349367
-13.476791,3,2210.494827
-10.783561,4,2210.693608
-13.476791,3,2210.878176
-13.476791,3,2210.96302
-10.783561,4,2211.277206
54.216439,4,2211.455827
51.523209,3,2211.550779
-10.783561,4,2211.637747
-13.476791,3,2211.79325
-13.476791,3,2211.855499
-13.476791,3,2211.911723
-13.476791,3,2212.097178
-13.476791,3,2212.273077
-13.476791,3,2212.312128
-13.476791,3,2212.511479
-13.476791,3,2212.554726
-13.476791,3,2212.698564
-13.476791,3,2212.903074
-13.476791,3,2212.966198
-14.190791,3,2213.049476
-13.476791,3,2213.10559
-13.476791,3,2213.14664
-10.783561,4,2213.229319
-13.476791,3,2213.390489
-14.190791,3,2213.430044
-10.783561,4,2213.521616
-10.783561,4,2213.610753
-13.476791,3,2213.663196
-13.476791,3,2213.703846
-13.476791,3,2213.745046
-13.476791,3,2213.893771
54.216439,4,2213.934326
-13.476791,3,2214.219077
54.216439,4,2214.274642
-13.476791,3,2214.444898
-13.703172,3,2214.482439
-13.476791,3,2214.646753
50.503209,3,2214.716379
-13.476791,3,2214.862193
-10.783561,4,2214.946666
-13.476791,3,2215.002391
51.523209,3,2215.27695
-10.783561,4,2215.492071
-13.476791,3,2215.643605
51.523209,3,2215.912781
-13.476791,3,2216.194896
-14.403902,3,2216.23245
51.523209,3,2216.299579
51.523209,3,2216.577656
-13.476791,3,2216.847992
-10.783561,4,2217.049009
51.523209,3,2217.246074
51.523209,3,2217.386009
51.523209,3,2217.616094
-10.783561,4,2217.817285
-13.476791,3,2217.962049
-10.783561,4,2218.162968
54.216439,4,2218.276292
-14.394791,3,2218.481817
-13.476791,3,2218.534477
-14.545712,3,2218.608092
51.523209,3,2218.692235
-13.476791,3,2218.750429
-13.476791,3,2218.953461
54.216439,4,2219.010076
-13.476791,3,2219.096203
51.523209,3,2219.258838
-13.476791,3,2219.320628
-13.476791,3,2219.499544
-13.476791,3,2219.725768
-13.476791,3,2219.778126
-13.476791,3,2219.956161
-10.991283,4,2220.031611
-13.476791,3,2220.176772
-13.476791,3,2220.265076
-13.476791,3,2220.304996
-13.476791,3,2220.346735
-13.476791,3,2220.395839
-13.476791,3,2220.434397
-13.476791,3,2220.5716
-13.476791,3,2220.613666
-14.394791,3,2220.65474
-13.476791,3,2220.843064
-13.476791,3,2221.038684
-13.476791,3,2221.322972
-13.476791,3,2221.369912
-13.476791,3,2221.410641
-13.476791,3,2221.449682
-13.476791,3,2221.50508
-10.783561,4,2221.707457
-13.476791,3,2221.855308
51.523209,3,2222.134779
-13.476791,3,2222.278573
-13.476791,3,2222.347172
51.523209,3,2222.446833
50.503209,3,2222.548986
-13.476791,3,2222.587548
-13.476791,3,2222.684934
-13.476791,3,2222.864567
-13.476791,3,2222.910731
51.523209,3,2222.999934
-10.783561,4,2223.08566
-13.476791,3,2223.253617
51.523209,3,2223.540596
-13.476791,3,2223.684041
-13.476791,3,2223.830641
-13.476791,3,2223.872502
-13.740902,3,2223.912053
51.523209,3,2224.160957
51.523209,3,2224.446169
-14.394791,3,2224.617557
-13.476791,3,2224.806717
-14.190791,3,2224.978945
-13.476791,3,2225.089061
51.523209,3,2225.368702
-13.476791,3,2225.407235
-14.292791,3,2225.446785
-13.476791,3,2225.500503
-11.510587,4,2225.541553
51.523209,3,2225.818005
-13.476791,3,2225.899571
-13.476791,3,2226.041861
-13.476791,3,2226.116989
-13.476791,3,2226.174587
51.523209,3,2226.321974
-10.783561,4,2226.518619
-10.783561,4,2226.599661
51.523209,3,2226.796629
-13.476791,3,2226.991689
-13.476791,3,2227.029793
-13.476791,3,2227.307307
-13.476791,3,2227.583493
-13.476791,3,2227.753254
-14.292791,3,2227.843631
-13.476791,3,2227.888711
-13.476791,3,2228.150744
-13.476791,3,2228.40799
-13.476791,3,2228.447868
51.523209,3,2228.654204
51.523209,3,2228.772389
-11.803561,4,2228.968184
-13.476791,3,2229.082072
-13.476791,3,2229.157379
-13.476791,3,2229.351647
-13.476791,3,2229.501584
50.707209,3,2229.597099
-14.496791,3,2229.816413
51.523209,3,2230.0892
-10.783561,4,2230.172329
-13.476791,3,2230.325271
-13.476791,3,2230.512581
-13.476791,3,2230.656106
-13.476791,3,2230.798795
-13.476791,3,2230.841373
-10.783561,4,2230.928485
-13.476791,3,2231.196507
-13.476791,3,2231.36297
-13.476791,3,2231.403115
-10.783561,4,2231.489825
-11.803561,4,2231.689091
51.523209,3,2231.876356
54.216439,4,2231.947429
-13.476791,3,2231.989486
-13.476791,3,2232.133696
-13.476791,3,2232.298118
-13.476791,3,2232.340297
51.523209,3,2232.599884
-13.476791,3,2232.75213
51.523209,3,2232.880451
-13.476791,3,2232.984041
-13.476791,3,2233.25805
-14.496791,3,2233.437975
-10.783561,4,2233.646603
-13.476791,3,2233.84141
-13.476791,3,2234.019678
-13.476791,3,2234.194566
-13.476791,3,2234.469818
54.216439,4,2234.626554
-13.476791,3,2234.814588
-13.476791,3,2235.005879
54.216439,4,2235.157321
-13.476791,3,2235.305012
-13.476791,3,2235.516702
-13.552251,3,2235.592383
-14.190791,3,2235.631959
-13.476791,3,2235.772283
-13.476791,3,2235.917449
-13.627712,3,2235.971042
-13.476791,3,2236.157357
-13.476791,3,2236.247432
51.523209,3,2236.377757
51.523209,3,2236.544198
-13.476791,3,2236.591886
-13.476791,3,2236.631902
-13.476791,3,2236.676601
-13.476791,3,2236.726193
-10.783561,4,2236.930048
-14.292791,3,2237.140205
-13.476791,3,2237.200492
54.216439,4,2237.385296
51.523209,3,2237.657631
-14.394791,3,2237.729401
-13.476791,3,2237.783474
-13.476791,3,2237.948187
51.523209,3,2238.043858
-13.476791,3,2238.085453
-10.783561,4,2238.167869
51.523209,3,2238.286417
-13.476791,3,2238.564832
-13.476791,3,2238.691164
-10.783561,4,2238.889774
-13.552251,3,2238.947328
51.523209,3,2239.240165
-13.476791,3,2239.403403
-13.476791,3,2239.578657
51.523209,3,2239.84791
54.216439,4,2239.923005
54.216439,4,2239.975624
54.216439,4,2240.037235
54.216439,4,2240.178184
54.216439,4,2240.35816
-13.476791,3,2240.524734
54.216439,4,2240.586851
-13.740902,3,2240.626582
-13.627712,3,2240.696981
54.216439,4,2240.849603
54.216439,4,2240.926818
-10.783561,4,2241.124154
-13.476791,3,2241.164564
54.216439,4,2241.309473
-13.476791,3,2241.351246
-13.476791,3,2241.507962
54.216439,4,2241.658445
54.216439,4,2241.831298
-10.783561,4,2242.050024
-10.783561,4,2242.132256
-10.783561,4,2242.214429
54.216439,4,2242.355161
-13.476791,3,2242.495806
54.216439,4,2242.645251
54.216439,4,2242.709262
51.523209,3,2242.983079
54.216439,4,2243.124782
-14.647712,3,2243.18478
54.216439,4,2243.370077
54.216439,4,2243.43767
54.216439,4,2243.58154
51.523209,3,2243.941494
-10.783561,4,2244.029202
-13.476791,3,2244.075936
-13.552251,3,2244.267051
-13.476791,3,2244.415328
54.216439,4,2244.565168
-13.476791,3,2244.742485
-13.476791,3,2244.783579
-13.476791,3,2244.838363
54.216439,4,2244.879888
-13.703172,3,2244.918951
-13.476791,3,2245.059589
51.523209,3,2245.342754
-13.476791,3,2245.628332
53.502439,4,2245.768352
-13.476791,3,2246.07047
54.216439,4,2246.128118
-13.476791,3,2246.189974
-13.476791,3,2246.278133
53.29844,4,2246.331434
54.216439,4,2246.389015
-13.476791,3,2246.473789
-13.476791,3,2246.642055
-13.740902,3,2246.686241
-10.783561,4,2246.772868
-13.476791,3,2246.942784
54.216439,4,2247.126099
54.216439,4,2247.264214
-13.476791,3,2247.316282
-10.783561,4,2247.532516
-13.476791,3,2247.586964
51.523209,3,2247.85801
-10.783561,4,2247.941638
-13.476791,3,2248.141381
54.216439,4,2248.288539
54.216439,4,2248.44571
54.216439,4,2248.538869
54.216439,4,2248.599903
51.523209,3,2248.709579
54.216439,4,2248.797292
51.523209,3,2249.062877
-13.476791,3,2249.142091
-10.783561,4,2249.329477
-13.476791,3,2249.47366
53.400439,4,2249.529763
51.523209,3,2249.788389
54.216439,4,2249.98589
51.523209,3,2250.232396
-13.476791,3,2250.521655
-13.476791,3,2250.565215
51.523209,3,2250.652835
54.216439,4,2250.728147
54.216439,4,2250.879645
54.216439,4,2251.030213
-10.783561,4,2251.248051
-14.139791,3,2251.300133
-10.783561,4,2251.384241
-13.476791,3,2251.424824
-13.476791,3,2251.478744
-13.476791,3,2251.576375
54.216439,4,2251.640976
54.216439,4,2251.712096
-11.406726,4,2251.769184
-13.476791,3,2251.943715
-13.476791,3,2251.984408
54.216439,4,2252.048213
-10.783561,4,2252.131359
-10.783561,4,2252.228168
53.400439,4,2252.369168
-13.476791,3,2252.417235
51.523209,3,2252.69125
54.216439,4,2252.833655
54.216439,4,2252.889821
-13.476791,3,2252.930226
-14.292791,3,2253.105185
54.216439,4,2253.25363
-13.476791,3,2253.293699
54.216439,4,2253.444145
-13.476791,3,2253.486091
51.523209,3,2253.610868
-10.783561,4,2253.807169
-13.476791,3,2254.101459
54.216439,4,2254.201479
54.216439,4,2254.245044
-13.476791,3,2254.541204
-13.476791,3,2254.685818
-14.496791,3,2254.73089
51.523209,3,2254.901852
-10.783561,4,2254.991352
-14.139791,3,2255.134115
-13.476791,3,2255.302499
-13.476791,3,2255.358614
-13.476791,3,2255.39819
-10.783561,4,2255.481183
-13.476791,3,2255.650294
51.523209,3,2255.773357
-13.476791,3,2255.887632
-13.476791,3,2256.032371
51.523209,3,2256.219357
-13.476791,3,2256.366277
-13.476791,3,2256.560113
-13.476791,3,2256.60097
-13.476791,3,2256.871683
-13.476791,3,2256.949171
-13.476791,3,2257.00225
51.523209,3,2257.279333
-13.476791,3,2257.319401
-13.476791,3,2257.378893
-13.476791,3,2257.67018
-13.476791,3,2257.814563
-13.476791,3,2257.861637
-10.783561,4,2257.94717
-13.476791,3,2257.987729
-13.476791,3,2258.20885
-13.476791,3,2258.256305
-13.476791,3,2258.44622
-13.476791,3,2258.589008
-13.476791,3,2258.628856
-13.476791,3,2258.667889
-13.476791,3,2258.83629
-14.394791,3,2258.894368
-13.476791,3,2258.934429
-13.476791,3,2259.097862
-13.476791,3,2259.175404
-13.476791,3,2259.294264
-13.476791,3,2259.435821
-13.476791,3,2259.579049
-13.476791,3,2259.618614
-13.703172,3,2259.66917
51.523209,3,2259.936015
-13.476791,3,2260.079382
51.523209,3,2260.146482
-10.783561,4,2260.344163
-13.476791,3,2260.384217
-13.476791,3,2260.560811
-10.783561,4,2260.645751
-13.476791,3,2260.828903
-13.476791,3,2260.914531
-13.476791,3,2261.204774
-13.476791,3,2261.389502
-10.783561,4,2261.588033
-13.476791,3,2261.785952
51.523209,3,2262.027242
-13.476791,3,2262.107882
51.523209,3,2262.258182
-13.476791,3,2262.31025
-13.476791,3,2262.372323
54.216439,4,2262.518321
-13.476791,3,2262.565894
-13.476791,3,2262.624801
50.044209,3,2262.888292
51.523209,3,2263.216598
-13.476791,3,2263.3621
51.523209,3,2263.463318
-13.476791,3,2263.518904
-13.476791,3,2263.57146
-13.476791,3,2263.62808
53.29844,4,2263.776299
54.216439,4,2263.921599
-13.476791,3,2264.128907
-13.476791,3,2264.177751
-10.783561,4,2264.370911
54.216439,4,2264.507694
-10.783561,4,2264.596961
54.216439,4,2264.639564
-13.476791,3,2264.817574
-10.783561,4,2264.99366
54.216439,4,2265.05775
54.216439,4,2265.11656
-13.476791,3,2265.294042
-13.476791,3,2265.446369
-14.292791,3,2265.588315
-13.476791,3,2265.675472
-13.476791,3,2265.825393
-13.476791,3,2265.888975
-13.476791,3,2266.094702
54.216439,4,2266.149771
-13.476791,3,2266.294068
-13.476791,3,2266.468107
51.523209,3,2266.566282
-13.476791,3,2266.742856
50.605209,3,2266.983735
-10.783561,4,2267.074707
54.216439,4,2267.235244
-13.476791,3,2267.415969
-13.476791,3,2267.462081
-13.476791,3,2267.609707
-13.476791,3,2267.809505
-13.476791,3,2267.860125
54.216439,4,2267.945697
-13.476791,3,2268.115213
-13.476791,3,2268.344648
-13.476791,3,2268.397986
-13.476791,3,2268.508914
54.216439,4,2268.648546
-13.476791,3,2268.737695
-13.476791,3,2268.77577
54.216439,4,2268.915289
-13.476791,3,2269.095565
-10.783561,4,2269.19281
-13.476791,3,2269.362202
54.216439,4,2269.496743
-13.476791,3,2269.554161
-13.476791,3,2269.750973
-13.476791,3,2269.907713
-13.476791,3,2270.078742
-13.476791,3,2270.367475
-14.292791,3,2270.509845
50.503209,3,2270.791287
-13.476791,3,2270.847988
-13.476791,3,2270.966944
-13.476791,3,2271.00749
-13.476791,3,2271.061001
-13.476791,3,2271.101047
-13.476791,3,2271.186445
-14.190791,3,2271.2736
-13.476791,3,2271.315311
-13.476791,3,2271.517423
-10.783561,4,2271.840885
-14.496791,3,2272.028573
-13.476791,3,2272.171013
-10.783561,4,2272.369795
-14.496791,3,2272.66111
-13.476791,3,2272.722876
51.523209,3,2272.902251
-13.476791,3,2273.0466
-10.783561,4,2273.13418
-13.476791,3,2273.280845
-13.552251,3,2273.347085
-13.476791,3,2273.501071
-10.783561,4,2273.701719
-13.476791,3,2273.876709
51.523209,3,2274.143768
-13.476791,3,2274.337008
-13.476791,3,2274.482208
51.523209,3,2274.769811
-13.476791,3,2275.056981
-13.476791,3,2275.22283
-13.476791,3,2275.309886
-14.292791,3,2275.357739
-13.476791,3,2275.532832
-11.599561,4,2275.614088
-13.476791,3,2275.802659
-13.476791,3,2275.948165
-13.476791,3,2276.026547
-10.783561,4,2276.12781
-13.476791,3,2276.181548
-10.783561,4,2276.39757
51.523209,3,2276.674937
-13.476791,3,2276.819844
-13.476791,3,2276.983317
-13.476791,3,2277.025501
-13.476791,3,2277.213314
-11.803561,4,2277.29759
-13.476791,3,2277.44897
51.523209,3,2277.734667
-13.476791,3,2277.775369
-13.476791,3,2277.985803
-13.476791,3,2278.265873
-10.783561,4,2278.35279
-13.476791,3,2278.501547
51.523209,3,2278.645054
-13.476791,3,2278.687638
-10.783561,4,2278.770771
-14.190791,3,2278.933212
-13.476791,3,2278.985873
-13.476791,3,2279.073563
51.523209,3,2279.29345
-13.476791,3,2279.391068
-10.783561,4,2279.476248
-13.476791,3,2279.657752
-13.476791,3,2279.703753
-10.783561,4,2279.904905
-13.476791,3,2280.051818
-13.476791,3,2280.197446
-13.476791,3,2280.409184
-13.476791,3,2280.585322
51.523209,3,2280.834606
-13.476791,3,2280.876179
-13.476791,3,2281.053439
-13.476791,3,2281.0945
51.523209,3,2281.374326
-13.476791,3,2281.42245
-13.476791,3,2281.574323
51.523209,3,2281.766772
51.523209,3,2282.040598
51.523209,3,2282.145545
-10.783561,4,2282.349506
51.523209,3,2282.439013
-13.476791,3,2282.636225
-13.476791,3,2282.858027
-13.476791,3,2282.924829
-13.476791,3,2283.066593
-13.476791,3,2283.247568
51.523209,3,2283.332794
-13.476791,3,2283.374403
-13.476791,3,2283.422172
-13.476791,3,2283.5819
-10.783561,4,2283.729144
-13.476791,3,2284.035856
-13.476791,3,2284.345128
54.216439,4,2284.529045
-13.476791,3,2284.583341
54.216439,4,2284.644462
54.216439,4,2284.8027
54.216439,4,2284.984516
-13.476791,3,2285.162785
-10.783561,4,2285.348722
54.216439,4,2285.423867
54.216439,4,2285.570607
-10.783561,4,2285.653183
-13.627712,3,2285.69477
-14.139791,3,2285.890749
-13.476791,3,2286.068403
54.216439,4,2286.236696
-13.476791,3,2286.41662
54.216439,4,2286.503182
54.216439,4,2286.567181
54.216439,4,2286.60328
-10.783561,4,2286.694465
54.216439,4,2286.75309
-10.783561,4,2286.839838
-10.783561,4,2286.924968
-13.476791,3,2287.073247
54.216439,4,2287.128989
-13.476791,3,2287.276405
-11.803561,4,2287.471788
-13.476791,3,2287.528119
-13.476791,3,2287.580719
-13.476791,3,2287.623852
54.216439,4,2287.76709
-13.476791,3,2287.816663
-13.476791,3,2287.901285
51.523209,3,2288.159572
51.523209,3,2288.459846
-13.476791,3,2288.642591
54.216439,4,2288.700671
-10.783561,4,2288.897604
54.216439,4,2288.99549
-10.783561,4,2289.292066
54.216439,4,2289.465607
-13.476791,3,2289.676541
-13.476791,3,2289.903577
-10.783561,4,2290.09905
-13.476791,3,2290.17663
-13.476791,3,2290.364388
-14.190791,3,2290.545969
-13.476791,3,2290.595538
54.216439,4,2290.732406
-13.476791,3,2291.03066
-13.476791,3,2291.227337
-13.476791,3,2291.403465
-13.476791,3,2291.455559
-13.476791,3,2291.501708
-13.476791,3,2291.541931
-14.292791,3,2291.590785
-14.190791,3,2291.643864
-13.476791,3,2291.688919
-13.476791,3,2291.749776
-13.476791,3,2291.815481
-13.476791,3,2291.971251
-13.476791,3,2292.146536
-13.476791,3,2292.189111
-14.190791,3,2292.330498
-13.476791,3,2292.373573
-13.476791,3,2292.45733
-13.476791,3,2292.508901
51.523209,3,2292.806407
-13.476791,3,2292.978349
-13.476791,3,2293.041879
-14.139791,3,2293.084722
-13.476791,3,2293.286353
51.523209,3,2293.567086
50.503209,3,2293.63519
-13.476791,3,2293.69076
-13.627712,3,2293.738772
-13.476791,3,2293.778847
-13.476791,3,2293.822912
-13.476791,3,2294.120331
-14.292791,3,2294.296326
-13.476791,3,2294.343566
-13.476791,3,2294.553671
-13.552251,3,2294.600719
-13.476791,3,2294.778339
51.523209,3,2295.060938
-13.476791,3,2295.229535
-13.476791,3,2295.314528
-10.783561,4,2295.508806
-13.476791,3,2295.546558
51.523209,3,2295.891452
-13.703172,3,2295.933025
-13.476791,3,2296.082979
-13.476791,3,2296.134706
-13.476791,3,2296.300399
51.523209,3,2296.645642
51.523209,3,2296.733443
51.523209,3,2296.930529
53.502439,4,2297.077649
-13.740902,3,2297.125814
-14.139791,3,2297.30064
-13.476791,3,2297.585201
-13.476791,3,2297.730414
-13.476791,3,2297.774973
51.523209,3,2297.914204
50.809209,3,2298.108769
51.523209,3,2298.197448
-13.476791,3,2298.239041
-13.476791,3,2298.41631
-13.476791,3,2298.498424
-13.476791,3,2298.538029
-13.476791,3,2298.61967
-13.476791,3,2298.687803
-13.476791,3,2298.981828
-13.476791,3,2299.033936
-10.783561,4,2299.12263
54.216439,4,2299.199469
51.523209,3,2299.478743
-13.476791,3,2299.519292
51.523209,3,2299.799435
-13.476791,3,2299.941178
-13.476791,3,2299.996229
-14.394791,3,2300.137602
-13.476791,3,2300.179706
51.523209,3,2300.431531
-13.476791,3,2300.728812
-13.476791,3,2300.871678
-10.783561,4,2300.958281
-13.476791,3,2301.008365
51.523209,3,2301.265337
-13.476791,3,2301.327787
51.523209,3,2301.594033
-13.476791,3,2301.675245
-13.476791,3,2301.816815
-13.476791,3,2301.960174
-13.476791,3,2302.256559
-13.476791,3,2302.435466
-13.476791,3,2302.644477
54.216439,4,2302.78708
-13.476791,3,2302.867047
-13.476791,3,2303.010173
-13.476791,3,2303.080846
-10.783561,4,2303.170479
-14.190791,3,2303.343467
-13.627712,3,2303.390604
-10.783561,4,2303.587368
51.523209,3,2303.782845
51.523209,3,2303.96492
-10.783561,4,2304.055017
-13.476791,3,2304.106091
54.216439,4,2304.250528
-10.783561,4,2304.448436
-13.476791,3,2304.490504
-13.476791,3,2304.634226
-11.70156,4,2304.829153
-13.476791,3,2304.981485
-13.476791,3,2305.142954
-14.496791,3,2305.426281
-13.476791,3,2305.572145
53.196439,4,2305.717995
-13.476791,3,2305.814168
-13.476791,3,2305.863262
51.523209,3,2305.962549
-13.476791,3,2306.008685
-13.476791,3,2306.064349
-13.476791,3,2306.155881
51.523209,3,2306.253548
-13.476791,3,2306.317432
-13.476791,3,2306.392489
-13.476791,3,2306.539247
-13.476791,3,2306.73385
51.523209,3,2307.015807
-13.476791,3,2307.195987
-10.783561,4,2307.39193
-13.476791,3,2307.430189
51.523209,3,2307.68635
-13.476791,3,2307.894132
-13.476791,3,2307.938702
-13.476791,3,2307.984599
-13.476791,3,2308.056457
-13.476791,3,2308.103544
54.216439,4,2308.213639
51.523209,3,2308.501079
-13.476791,3,2308.710458
51.523209,3,2308.993709
-13.476791,3,2309.13646
-14.496791,3,2309.188037
51.523209,3,2309.439355
-13.476791,3,2309.48443
-13.476791,3,2309.524987
-10.783561,4,2309.615288
-13.476791,3,2309.661407
-13.476791,3,2309.752574
-13.476791,3,2309.79213
54.216439,4,2309.937882
50.707209,3,2310.026343
-10.783561,4,2310.10898
-13.476791,3,2310.295292
51.523209,3,2310.374056
-13.476791,3,2310.415456
-13.476791,3,2310.557139
-10.783561,4,2310.754295
-13.476791,3,2310.79325
-13.476791,3,2310.958598
-13.476791,3,2311.10064
54.216439,4,2311.246335
51.523209,3,2311.47006
-13.476791,3,2311.601864
-13.476791,3,2311.846837
50.707209,3,2312.017272
-13.476791,3,2312.225193
-13.476791,3,2312.280303
-13.476791,3,2312.318516
-13.476791,3,2312.367795
51.523209,3,2312.504603
-13.740902,3,2312.545174
-13.476791,3,2312.711561
-13.476791,3,2312.947039
-13.476791,3,2313.104641
51.523209,3,2313.392807
-13.476791,3,2313.610194
51.523209,3,2313.855721
-14.190791,3,2314.000407
-13.476791,3,2314.08001
-13.476791,3,2314.28856
-13.476791,3,2314.460038
-13.476791,3,2314.50331
-13.476791,3,2314.800034
51.523209,3,2315.103208
-14.190791,3,2315.16634
-13.476791,3,2315.402442
-13.476791,3,2315.562465
-13.476791,3,2315.601425
-11.803561,4,2315.689062
-13.476791,3,2315.736143
-10.783561,4,2315.93208
51.523209,3,2316.196692
-13.476791,3,2316.361325
53.502439,4,2316.533136
-13.476791,3,2316.728516
-10.783561,4,2316.923438
-13.476791,3,2316.976532
-13.476791,3,2317.173829
-13.476791,3,2317.21389
51.523209,3,2317.311502
-13.476791,3,2317.451931
-13.476791,3,2317.598649
51.523209,3,2317.759165
-13.740902,3,2317.799229
51.523209,3,2318.075478
-13.476791,3,2318.235062
-13.476791,3,2318.397416
-13.476791,3,2318.438563
-13.476791,3,2318.583311
54.216439,4,2318.7321
-13.476791,3,2318.797898
-11.803561,4,2318.886042
51.523209,3,2319.042009
-13.476791,3,2319.193347
-13.476791,3,2319.378292
-13.476791,3,2319.417353
-13.476791,3,2319.464429
51.523209,3,2319.620123
-13.476791,3,2319.668692
-13.476791,3,2319.727384
-13.476791,3,2319.912493
-13.476791,3,2320.098268
-13.476791,3,2320.151505
-10.783561,4,2320.348839
-13.476791,3,2320.51598
-13.476791,3,2320.557447
51.523209,3,2320.689071
51.523209,3,2320.780225
-13.476791,3,2320.835312
-13.476791,3,2320.978194
-13.476791,3,2321.073419
-13.476791,3,2321.214569
-13.476791,3,2321.255649
51.523209,3,2321.343284
-13.476791,3,2321.430339
-13.476791,3,2321.624785
51.523209,3,2321.728736
-13.476791,3,2321.879984
-13.740902,3,2321.917037
-13.476791,3,2322.068713
-13.476791,3,2322.248733
54.216439,4,2322.422927
54.216439,4,2322.484043
-13.476791,3,2322.525175
-14.139791,3,2322.795533
51.523209,3,2322.921457
54.216439,4,2322.983043
51.523209,3,2323.273106
51.523209,3,2323.538868
51.523209,3,2323.817273
50.605209,3,2324.066841
-13.476791,3,2324.107901
-13.476791,3,2324.350245
51.523209,3,2324.612975
54.216439,4,2324.701103
-10.783561,4,2324.896439
54.216439,4,2324.948492
-10.991283,4,2325.152256
51.523209,3,2325.239897
-13.476791,3,2325.321439
51.523209,3,2325.591876
-13.476791,3,2325.734495
51.523209,3,2325.91875
54.216439,4,2326.068489
54.216439,4,2326.221282
54.216439,4,2326.345796
-10.783561,4,2326.562855
51.523209,3,2326.830885
-13.476791,3,2326.984062
-10.783561,4,2327.031635
51.523209,3,2327.125789
-10.783561,4,2327.431091
-13.476791,3,2327.597476
-13.476791,3,2327.649167
-13.476791,3,2327.713829
51.523209,3,2327.911542
-13.476791,3,2327.998343
54.216439,4,2328.072479
-10.783561,4,2328.379832
-10.783561,4,2328.701254
-13.476791,3,2328.913048
-10.783561,4,2329.00916
-14.292791,3,2329.04871
54.216439,4,2329.195536
-13.476791,3,2329.25728
54.216439,4,2329.341871
-13.476791,3,2329.431246
-10.783561,4,2329.514928
-13.552251,3,2329.66155
-13.476791,3,2329.804133
-13.476791,3,2329.949269
54.216439,4,2330.018999
-13.476791,3,2330.059977
54.216439,4,2330.11643
-13.476791,3,2330.257812
53.400439,4,2330.330101
51.523209,3,2330.398625
51.523209,3,2330.647235
54.216439,4,2330.801692
-13.476791,3,2330.950971
-13.476791,3,2331.005704
54.216439,4,2331.150069
-13.476791,3,2331.191206
51.523209,3,2331.47112
50.707209,3,2331.742207
-10.783561,4,2332.049811
54.216439,4,2332.117897
-13.476791,3,2332.260325
51.523209,3,2332.454318
-10.783561,4,2332.658443
-10.783561,4,2332.868188
54.216439,4,2332.941305
54.216439,4,2333.104076
53.400439,4,2333.245293
54.216439,4,2333.314158
54.216439,4,2333.373873
54.216439,4,2333.520795
-13.476791,3,2333.784527
51.523209,3,2333.892694
-13.476791,3,2333.949772
54.216439,4,2334.095128
54.216439,4,2334.275561
-10.783561,4,2334.371326
54.216439,4,2334.430431
-13.476791,3,2334.617342
-13.476791,3,2334.755693
-13.476791,3,2334.896446
-13.476791,3,2334.936734
-13.476791,3,2335.13799
-13.476791,3,2335.187075
54.216439,4,2335.244817
51.523209,3,2335.464011
-14.394791,3,2335.652434
51.523209,3,2335.742271
-13.476791,3,2335.807286
-13.476791,3,2335.986475
51.523209,3,2336.072606
51.523209,3,2336.267273
51.523209,3,2336.460066
54.216439,4,2336.544153
-13.476791,3,2336.69381
-14.292791,3,2336.764939
-13.476791,3,2336.871134
-13.476791,3,2336.931211
-13.476791,3,2337.044744
-10.783561,4,2337.130601
-13.476791,3,2337.277121
51.523209,3,2337.375319
-14.190791,3,2337.415024
-13.476791,3,2337.591809
-13.476791,3,2337.881032
-13.703172,3,2337.920671
51.523209,3,2338.201136
51.523209,3,2338.494122
54.216439,4,2338.638209
51.523209,3,2338.958453
-13.476791,3,2339.013627
-13.476791,3,2339.208545
-13.476791,3,2339.534531
-10.783561,4,2339.733535
-10.783561,4,2339.931395
-13.476791,3,2340.018036
54.216439,4,2340.09127
54.216439,4,2340.247697
-13.476791,3,2340.404201
-13.476791,3,2340.594926
54.216439,4,2340.818135
-13.476791,3,2340.966462
54.216439,4,2341.112176
-13.476791,3,2341.289854
-13.476791,3,2341.331304
-13.476791,3,2341.394
54.216439,4,2341.633985
-13.476791,3,2341.675043
-13.476791,3,2341.730014
-13.476791,3,2341.772779
-13.476791,3,2341.934517
-13.476791,3,2342.031221
54.216439,4,2342.220288
-13.476791,3,2342.411987
-10.783561,4,2342.498944
-13.476791,3,2342.539696
-14.292791,3,2342.663775
54.216439,4,2342.741406
-13.476791,3,2342.934748
-13.476791,3,2343.084248
-10.783561,4,2343.171276
-11.44656,4,2343.257226
-13.476791,3,2343.426266
-13.476791,3,2343.48312
-13.476791,3,2343.5419
-13.476791,3,2343.723217
-14.496791,3,2343.872254
-13.552251,3,2343.918447
51.523209,3,2344.203379
-13.476791,3,2344.288077
54.216439,4,2344.346603
-13.476791,3,2344.633441
-13.476791,3,2344.912755
51.523209,3,2345.16223
-14.496791,3,2345.325969
-13.476791,3,2345.379563
-13.476791,3,2345.420651
-13.476791,3,2345.565045
-13.476791,3,2345.615252
-13.476791,3,2345.804379
-13.476791,3,2345.921271
-13.476791,3,2346.090457
51.523209,3,2346.188521
51.523209,3,2346.374109
-13.476791,3,2346.646155
-13.476791,3,2346.787965
-13.476791,3,2346.832041
51.523209,3,2347.095305
-13.476791,3,2347.148141
-13.476791,3,2347.189739
54.216439,4,2347.335073
51.523209,3,2347.608491
-10.783561,4,2347.690794
-13.476791,3,2347.868176
51.523209,3,2348.220003
-13.476791,3,2348.287507
-13.476791,3,2348.340202
-13.476791,3,2348.536045
-10.783561,4,2348.730952
54.216439,4,2348.855044
-13.476791,3,2349.036297
-10.783561,4,2349.348805
-14.190791,3,2349.426343
-13.476791,3,2349.572303
-13.703172,3,2349.612878
-13.476791,3,2349.722685
-13.476791,3,2349.867068
-13.476791,3,2350.063079
-13.476791,3,2350.348677
-13.476791,3,2350.49257
-13.476791,3,2350.633895
51.523209,3,2350.878062
-13.476791,3,2351.115537
-13.476791,3,2351.177271
-13.476791,3,2351.261108
-13.627712,3,2351.31064
-13.476791,3,2351.49324
51.523209,3,2351.774465
-10.783561,4,2351.863642
-10.783561,4,2351.945323
-13.703172,3,2351.983121
-11.510587,4,2352.018906
50.605209,3,2352.303787
54.216439,4,2352.451228
-11.406726,4,2352.502809
-10.783561,4,2352.707533
-13.476791,3,2352.884399
-10.783561,4,2353.088352
-14.496791,3,2353.233477
54.216439,4,2353.312727
-13.476791,3,2353.48471
-10.783561,4,2353.680676
54.216439,4,2353.736266
-10.783561,4,2353.934844
54.216439,4,2354.128901
51.523209,3,2354.270542
-13.476791,3,2354.352311
-10.783561,4,2354.667134
54.216439,4,2354.817315
-10.783561,4,2355.016953
-13.476791,3,2355.161496
-14.139791,3,2355.311667
-13.476791,3,2355.456656
-13.476791,3,2355.545398
-13.476791,3,2355.628017
-13.476791,3,2355.677927
-13.476791,3,2355.853874
51.523209,3,2355.923666
-13.476791,3,2356.148351
51.523209,3,2356.442909
-10.783561,4,2356.526177
54.216439,4,2356.600185
-14.190791,3,2356.740942
-13.476791,3,2357.030981
-13.476791,3,2357.075869
-13.476791,3,2357.251808
-13.476791,3,2357.431801
-11.599561,4,2357.520404
-13.476791,3,2357.562003
54.216439,4,2357.707064
51.523209,3,2357.976107
-13.476791,3,2358.164087
-13.476791,3,2358.309628
-10.783561,4,2358.470755
-10.783561,4,2358.570812
-13.476791,3,2358.625394
-10.783561,4,2358.848561
-13.627712,3,2358.909672
54.216439,4,2359.057372
-13.476791,3,2359.229614
-14.190791,3,2359.309833
-13.476791,3,2359.351902
51.523209,3,2359.441594
-13.476791,3,2359.484169
-14.496791,3,2359.607864
-14.139791,3,2359.646918
51.523209,3,2359.821388
-13.476791,3,2359.910563
-13.703172,3,2359.953113
-13.476791,3,2360.154509
-13.476791,3,2360.216128
51.523209,3,2360.324524
-13.476791,3,2360.508319
-13.476791,3,2360.677425
-13.476791,3,2360.861981
-13.476791,3,2361.130297
-13.476791,3,2361.170357
-10.783561,4,2361.366079
54.216439,4,2361.422684
-13.476791,3,2361.46974
-13.476791,3,2361.63992
-13.476791,3,2361.687637
54.216439,4,2361.828733
51.523209,3,2362.074451
51.523209,3,2362.354523
-10.783561,4,2362.448047
-13.476791,3,2362.527675
-10.783561,4,2362.725043
-10.783561,4,2362.810684
51.523209,3,2362.890907
-10.783561,4,2363.088593
51.523209,3,2363.348766
-13.476791,3,2363.530065
-13.476791,3,2363.61483
-13.476791,3,2363.672574
51.523209,3,2363.953687
-13.476791,3,2364.114345
-13.476791,3,2364.424547
-13.476791,3,2364.593913
-13.476791,3,2364.63598
-13.476791,3,2364.674657
-13.476791,3,2364.970466
-13.476791,3,2365.058071
-13.476791,3,2365.106676
-13.476791,3,2365.387212
-13.476791,3,2365.562169
-13.476791,3,2365.871465
-13.476791,3,2366.010677
-10.783561,4,2366.092823
-13.476791,3,2366.235744
50.605209,3,2366.309381
51.523209,3,2366.57954
-13.476791,3,2366.618113
-13.476791,3,2366.784354
51.523209,3,2366.990643
-13.476791,3,2367.07741
-13.476791,3,2367.116463
54.216439,4,2367.276435
50.809209,3,2367.541717
-13.476791,3,2367.695234
54.216439,4,2367.83948
-13.476791,3,2367.897559
-13.476791,3,2367.939972
-13.476791,3,2368.134685
54.216439,4,2368.194261
-13.476791,3,2368.253893
-13.476791,3,2368.411563
-10.783561,4,2368.500767
54.216439,4,2368.642844
-13.476791,3,2368.829541
-13.476791,3,2368.872087
-13.476791,3,2369.061565
-13.476791,3,2369.209533
-13.552251,3,2369.266107
-13.476791,3,2369.320279
-13.476791,3,2369.491781
-13.476791,3,2369.531358
-13.740902,3,2369.57722
-14.139791,3,2369.855843
-13.476791,3,2370.018068
54.216439,4,2370.170345
54.216439,4,2370.316317
-13.476791,3,2370.489531
-13.476791,3,2370.542113
-13.476791,3,2370.719873
-13.703172,3,2370.759413
51.523209,3,2370.881608
-13.476791,3,2370.933181
-13.476791,3,2371.117057
-13.740902,3,2371.157675
-10.783561,4,2371.368519
-13.476791,3,2371.517028
-13.476791,3,2371.681718
-14.139791,3,2371.856364
-13.476791,3,2372.031219
-13.476791,3,2372.205599
51.523209,3,2372.301558
54.216439,4,2372.37422
54.216439,4,2372.45289
-11.406726,4,2372.501933
-13.476791,3,2372.681447
-13.476791,3,2372.879809
-13.476791,3,2373.057719
-10.783561,4,2373.14035
-13.476791,3,2373.179892
-13.476791,3,2373.352784
-13.476791,3,2373.507784
-13.476791,3,2373.658595
-13.476791,3,2373.839265
-13.476791,3,2373.910612
54.216439,4,2373.977704
-13.476791,3,2374.06342
-13.476791,3,2374.103713
54.216439,4,2374.25196
53.400439,4,2374.328271
54.216439,4,2374.404526
-13.476791,3,2374.468162
-13.476791,3,2374.614943
-11.807283,4,2374.69009
-13.476791,3,2374.889421
-13.476791,3,2375.093585
54.216439,4,2375.246129
-10.783561,4,2375.333293
54.216439,4,2375.478587
-13.476791,3,2375.57478
-13.476791,3,2375.627882
-13.476791,3,2375.714864
51.523209,3,2375.992889
-13.476791,3,2376.035513
-13.476791,3,2376.078252
-13.552251,3,2376.144364
54.216439,4,2376.288503
54.216439,4,2376.431338
-13.627712,3,2376.487959
54.216439,4,2376.643031
53.400439,4,2376.790804
-13.476791,3,2376.839469
-13.476791,3,2377.137534
-10.783561,4,2377.327949
-13.476791,3,2377.503096
54.216439,4,2377.651375
51.523209,3,2377.911328
-13.476791,3,2378.208787
-10.783561,4,2378.329789
-13.627712,3,2378.376847
54.216439,4,2378.530848
-10.783561,4,2378.618318
-13.476791,3,2378.7823
-13.476791,3,2378.823556
-13.476791,3,2378.912611
-13.476791,3,2379.195045
54.216439,4,2379.256592
51.523209,3,2379.358402
-13.476791,3,2379.411067
-14.853791,3,2379.463279
-13.476791,3,2379.5102
51.523209,3,2379.596813
51.523209,3,2379.865584
-13.476791,3,2380.009808
51.523209,3,2380.227663
54.216439,4,2380.371646
-13.476791,3,2380.416012
51.523209,3,2380.513286
-13.476791,3,2380.672456
51.523209,3,2380.75925
51.523209,3,2380.951244
-14.496791,3,2381.129653
51.523209,3,2381.415769
-13.476791,3,2381.45682
-13.476791,3,2381.496426
54.216439,4,2381.650563
-13.476791,3,2381.700146
-10.783561,4,2381.907198
54.216439,4,2382.071221
-13.476791,3,2382.110281
-13.476791,3,2382.255065
54.216439,4,2382.369009
-14.394791,3,2382.543038
-14.292791,3,2382.719679
54.216439,4,2382.882826
54.216439,4,2382.993048
-13.476791,3,2383.175126
-10.783561,4,2383.261584
51.523209,3,2383.346011
-10.783561,4,2383.635382
54.216439,4,2383.786922
54.216439,4,2383.953422
-13.476791,3,2384.044486
50.809209,3,2384.130121
-10.783561,4,2384.218282
-10.783561,4,2384.413343
54.216439,4,2384.56018
-10.991283,4,2384.687418
-10.783561,4,2384.985191
54.216439,4,2385.045797
54.216439,4,2385.196545
-13.476791,3,2385.477109
54.216439,4,2385.548203
54.216439,4,2385.609295
-13.476791,3,2385.808088
54.216439,4,2385.956316
51.523209,3,2386.076479
-13.476791,3,2386.127596
54.216439,4,2386.485181
-13.476791,3,2386.764152
51.523209,3,2386.864619
-13.476791,3,2387.140439
-10.783561,4,2387.344082
54.216439,4,2387.404892
-13.476791,3,2387.462539
-13.476791,3,2387.518613
51.523209,3,2387.724679
-11.599561,4,2388.021569
-13.476791,3,2388.206143
54.216439,4,2388.312375
-13.476791,3,2388.409014
-13.476791,3,2388.586087
-10.783561,4,2388.785964
-13.476791,3,2389.064427
-13.740902,3,2389.106485
54.216439,4,2389.141525
54.216439,4,2389.28699
-13.476791,3,2389.327836
54.216439,4,2389.476099
-13.476791,3,2389.517576
-13.476791,3,2389.689051
-13.476791,3,2389.866492
-13.476791,3,2390.050619
54.216439,4,2390.215534
-13.476791,3,2390.257684
-10.783561,4,2390.337613
-10.783561,4,2390.490513
-14.394791,3,2390.662807
54.216439,4,2390.828934
-13.627712,3,2390.870258
-13.476791,3,2391.039179
-13.476791,3,2391.234867
-13.476791,3,2391.412224
54.216439,4,2391.481444
54.216439,4,2391.519124
-13.476791,3,2391.702308
-13.476791,3,2391.743365
-10.783561,4,2391.840297
-13.476791,3,2391.879515
51.523209,3,2392.183095
-13.476791,3,2392.365345
54.008717,4,2392.445486
-13.476791,3,2392.624269
-13.476791,3,2392.739928
-13.476791,3,2392.783901
54.216439,4,2392.849172
-13.476791,3,2392.89522
-13.476791,3,2392.985988
-13.476791,3,2393.139293
54.216439,4,2393.289001
-13.476791,3,2393.35626
-13.476791,3,2393.399694
-13.476791,3,2393.446769
-15.159791,3,2393.485323
-10.783561,4,2393.571954
-13.476791,3,2393.614841
-14.496791,3,2393.754849
-13.476791,3,2393.826515
-13.476791,3,2393.873238
-14.394791,3,2394.066856
-13.476791,3,2394.352976
50.605209,3,2394.63804
-13.476791,3,2394.780784
-13.476791,3,2394.957769
-13.476791,3,2395.007815
-13.476791,3,2395.294618
-14.190791,3,2395.500175
-13.476791,3,2395.540729
-13.476791,3,2395.68827
-13.476791,3,2395.725825
-13.476791,3,2395.86756
-13.476791,3,2396.08638
-13.476791,3,2396.275678
-13.476791,3,2396.378207
51.523209,3,2396.479651
51.523209,3,2396.607842
51.523209,3,2396.815179
-13.703172,3,2396.853269
51.523209,3,2396.93901
50.605209,3,2397.101662
-10.783561,4,2397.296065
-10.783561,4,2397.592318
-13.476791,3,2397.632415
-13.476791,3,2397.903353
-13.476791,3,2398.087675
-13.476791,3,2398.129158
-13.476791,3,2398.231501
51.523209,3,2398.586621
-13.476791,3,2398.731935
-13.476791,3,2399.029185
-14.292791,3,2399.232032
-13.476791,3,2399.321573
51.523209,3,2399.579977
-13.476791,3,2399.729947
-13.476791,3,2399.878932
54.216439,4,2399.933521
-13.476791,3,2400.091249
-13.627712,3,2400.147113
-10.783561,4,2400.341527
-13.476791,3,2400.381099
-13.476791,3,2400.575772
-13.476791,3,2400.623871
-13.476791,3,2400.791005
-13.476791,3,2400.830297
-10.783561,4,2400.915672
51.523209,3,2401.193085
-13.476791,3,2401.244195
51.523209,3,2401.340464
-13.476791,3,2401.382118
51.523209,3,2401.650336
-13.476791,3,2401.817616
-13.476791,3,2401.898736
-14.394791,3,2402.040013
-13.476791,3,2402.214974
-13.476791,3,2402.268595
51.523209,3,2402.370109
-13.476791,3,2402.534976
-13.476791,3,2402.618851
51.523209,3,2402.866009
-13.476791,3,2403.132579
-13.476791,3,2403.310457
-13.476791,3,2403.362725
-13.476791,3,2403.44143
-14.190791,3,2403.553119
-13.476791,3,2403.854181
-10.783561,4,2404.050364
-13.476791,3,2404.100936
-13.476791,3,2404.141947
-13.476791,3,2404.183568
-13.476791,3,2404.404036
-13.476791,3,2404.574311
-13.476791,3,2404.622913
-13.476791,3,2404.675485
-13.476791,3,2404.744805
-13.476791,3,2404.802823
51.523209,3,2405.065796
-13.476791,3,2405.120569
-13.476791,3,2405.40688
-13.476791,3,2405.446947
-13.476791,3,2405.627816
-13.476791,3,2405.912814
-13.476791,3,2405.962949
-13.476791,3,2406.127115
-13.476791,3,2406.272459
-13.476791,3,2406.318672
51.523209,3,2406.407834
-13.476791,3,2406.590728
51.523209,3,2406.865257
-13.476791,3,2407.044126
51.523209,3,2407.144776
51.523209,3,2407.347086
-13.476791,3,2407.401153
-13.476791,3,2407.554125
-13.627712,3,2407.593671
-13.476791,3,2407.675881
-13.476791,3,2407.888714
51.523209,3,2407.979661
-13.476791,3,2408.186712
-13.476791,3,2408.238797
-13.476791,3,2408.311712
-13.476791,3,2408.36491
-13.476791,3,2408.508073
-13.476791,3,2408.646847
-13.476791,3,2408.701343
-13.476791,3,2408.880196
-14.292791,3,2408.926242
-13.476791,3,2409.155074
-13.476791,3,2409.196227
-13.476791,3,2409.237407
54.216439,4,2409.313239
-13.476791,3,2409.360325
-13.476791,3,2409.56873
-13.476791,3,2409.623896
-13.476791,3,2409.663642
-13.476791,3,2409.82139
-13.476791,3,2409.964115
51.523209,3,2410.060878
-13.476791,3,2410.243319
-13.476791,3,2410.432313
53.400439,4,2410.49193
-13.476791,3,2410.669657
-13.476791,3,2410.846769
-13.476791,3,2411.060894
-13.476791,3,2411.112164
-13.476791,3,2411.171613
51.523209,3,2411.381999
-13.476791,3,2411.463812
-13.476791,3,2411.509395
-13.476791,3,2411.690335
-13.476791,3,2411.853675
-13.476791,3,2411.905761
-13.476791,3,2412.052588
-10.783561,4,2412.138707
-14.496791,3,2412.177336
-13.476791,3,2412.359376
-13.476791,3,2412.566222
-10.783561,4,2412.768561
51.523209,3,2412.865112
51.523209,3,2412.964134
-13.476791,3,2413.047945
-13.476791,3,2413.228604
51.523209,3,2413.332875
51.523209,3,2413.427181
-13.476791,3,2413.468832
-13.476791,3,2413.521566
-10.783561,4,2413.728967
-14.394791,3,2413.881725
51.523209,3,2413.971601
54.216439,4,2414.033419
51.523209,3,2414.306846
-13.476791,3,2414.347135
54.216439,4,2414.498613
-13.552251,3,2414.57796
54.216439,4,2414.719995
-13.476791,3,2414.901443
51.523209,3,2415.187389
54.216439,4,2415.428572
51.523209,3,2415.71084
-10.783561,4,2415.913731
53.29844,4,2416.098887
-13.476791,3,2416.302162
-13.476791,3,2416.344883
54.216439,4,2416.493727
54.216439,4,2416.573557
-13.476791,3,2416.630696
54.216439,4,2416.738378
-10.783561,4,2416.826032
51.523209,3,2417.101108
54.216439,4,2417.236747
54.216439,4,2417.393553
-11.44656,4,2417.482279
54.216439,4,2417.637526
-10.783561,4,2417.859408
51.523209,3,2418.025884
54.216439,4,2418.230329
-10.991283,4,2418.409465
-10.783561,4,2418.497109
54.216439,4,2418.573994
54.216439,4,2418.633574
54.216439,4,2418.694337
-10.783561,4,2418.787117
-13.476791,3,2418.828788
-13.476791,3,2418.99321
-10.783561,4,2419.076841
54.216439,4,2419.2189
53.55344,4,2419.286585
-13.476791,3,2419.460011
-13.476791,3,2419.609857
-10.783561,4,2419.807702
-13.476791,3,2419.987284
-13.476791,3,2420.262516
-10.783561,4,2420.346431
-13.627712,3,2420.400007
-14.394791,3,2420.58495
-13.476791,3,2420.776997
-13.476791,3,2420.82881
-13.476791,3,2420.870189
54.216439,4,2421.017794
-13.476791,3,2421.186648
51.523209,3,2421.359737
-13.476791,3,2421.5071
54.216439,4,2421.651024
-13.476791,3,2421.828738
-13.476791,3,2421.871569
-13.476791,3,2421.911038
-13.476791,3,2422.089096
-14.292791,3,2422.174805
54.216439,4,2422.328513
-13.476791,3,2422.521131
-13.476791,3,2422.695628
51.523209,3,2422.764776
-10.783561,4,2422.85253
-13.476791,3,2423.015296
-13.476791,3,2423.082973
54.216439,4,2423.232591
54.216439,4,2423.304417
-13.476791,3,2423.451635
51.523209,3,2423.553453
54.216439,4,2423.612071
-13.476791,3,2423.681574
-13.476791,3,2423.763716
-14.853791,3,2423.804296
-13.476791,3,2423.956573
-13.476791,3,2424.010403
54.216439,4,2424.156799
-13.476791,3,2424.336806
54.216439,4,2424.392583
51.523209,3,2424.4888
-13.476791,3,2424.653321
-13.476791,3,2424.821611
-13.476791,3,2425.053203
-13.476791,3,2425.116289
-13.476791,3,2425.162064
-14.394791,3,2425.319639
51.523209,3,2425.460922
-13.476791,3,2425.50552
-13.476791,3,2425.654154
-14.292791,3,2425.863078
54.216439,4,2425.923154
51.523209,3,2426.016783
51.523209,3,2426.083887
-13.476791,3,2426.149102
-13.476791,3,2426.335406
-13.476791,3,2426.459898
-13.476791,3,2426.601626
51.523209,3,2426.742811
51.523209,3,2426.822748
50.809209,3,2427.095317
-13.476791,3,2427.241515
-13.476791,3,2427.282104
50.809209,3,2427.562673
-13.476791,3,2427.707239
-13.476791,3,2427.749818
-13.476791,3,2427.893021
51.523209,3,2428.170447
-13.476791,3,2428.222555
-11.803561,4,2428.316924
-13.476791,3,2428.458392
-14.394791,3,2428.601867
-13.476791,3,2428.772763
-13.476791,3,2428.841904
-13.476791,3,2429.022524
-13.476791,3,2429.113314
-13.476791,3,2429.20099
51.523209,3,2429.311417
-13.476791,3,2429.362498
51.523209,3,2429.44366
-13.476791,3,2429.525813
54.216439,4,2429.592512
-13.476791,3,2429.646586
-13.476791,3,2429.794472
54.216439,4,2429.860911
-13.476791,3,2430.013744
-13.476791,3,2430.275316
-10.783561,4,2430.375048
51.523209,3,2430.657305
50.503209,3,2430.80102
54.216439,4,2430.863111
-10.783561,4,2430.946965
51.523209,3,2431.053146
-13.476791,3,2431.261985
-13.476791,3,2431.409485
54.216439,4,2431.559871
54.216439,4,2431.621346
-13.476791,3,2431.658956
-13.552251,3,2431.772364
-10.783561,4,2431.86645
-10.783561,4,2432.143237
-13.476791,3,2432.317144
-13.476791,3,2432.462555
-13.476791,3,2432.661684
-13.476791,3,2432.714247
-13.476791,3,2432.758836
-13.476791,3,2432.903163
54.216439,4,2432.95743
51.523209,3,2433.23423
-10.783561,4,2433.316998
-13.476791,3,2433.510015
50.605209,3,2433.769217
50.707209,3,2434.057348
-13.476791,3,2434.111451
-13.476791,3,2434.195005
-14.139791,3,2434.383022
51.523209,3,2434.698603
-13.476791,3,2434.842013
-10.783561,4,2434.926717
-10.783561,4,2435.017178
-13.476791,3,2435.189029
-14.292791,3,2435.235129
-13.476791,3,2435.275778
-13.476791,3,2435.327155
-13.476791,3,2435.368256
-13.476791,3,2435.568441
-13.552251,3,2435.625081
-13.476791,3,2435.790939
-13.476791,3,2436.074945
-13.476791,3,2436.116523
-13.476791,3,2436.296222
-13.476791,3,2436.472343
51.523209,3,2436.553451
-13.476791,3,2436.60903
-13.476791,3,2436.759465
-13.476791,3,2436.944354
-13.476791,3,2437.134999
-13.476791,3,2437.3282
-13.476791,3,2437.387584
-13.476791,3,2437.530468
-13.476791,3,2437.809857
-13.476791,3,2437.848385
-13.476791,3,2437.9916
51.523209,3,2438.097343
-14.292791,3,2438.1444
-13.476791,3,2438.207012
-13.476791,3,2438.374338
-13.476791,3,2438.564266
51.523209,3,2438.686105
-10.783561,4,2438.884247
-13.476791,3,2439.058219
-10.783561,4,2439.144341
-13.476791,3,2439.327297
-13.476791,3,2439.385881
-10.783561,4,2439.596994
54.216439,4,2439.667017
-13.476791,3,2439.76065
-13.476791,3,2439.9593
-10.783561,4,2440.154603
-13.476791,3,2440.198164
-13.476791,3,2440.377214
-13.476791,3,2440.663853
-13.476791,3,2440.840123
-13.476791,3,2440.883361
-13.476791,3,2440.937433
51.523209,3,2441.123478
-13.476791,3,2441.175081
-14.496791,3,2441.24837
-13.476791,3,2441.32627
-13.552251,3,2441.379383
54.216439,4,2441.524214
-14.190791,3,2441.570347
-13.476791,3,2441.610405
54.216439,4,2441.745593
54.216439,4,2441.890786
54.216439,4,2442.023981
-13.476791,3,2442.061536
51.523209,3,2442.149168
54.216439,4,2442.294944
57.253614,5,2442.361676
54.216439,4,2442.525499
54.216439,4,2442.5961
51.523209,3,2442.873231
-13.476791,3,2443.0502
-10.783561,4,2443.135409
54.216439,4,2443.204367
-13.476791,3,2443.380481
-13.476791,3,2443.521806
54.216439,4,2443.763172
-14.139791,3,2443.873271
54.216439,4,2443.945386
54.216439,4,2444.103814
-13.703172,3,2444.142373
-13.476791,3,2444.195611
-10.783561,4,2444.398419
54.216439,4,2444.469567
-13.476791,3,2444.509119
54.216439,4,2444.585102
54.216439,4,2444.698261
-13.476791,3,2444.749827
-13.476791,3,2444.80242
-13.476791,3,2445.005633
51.523209,3,2445.306495
-13.476791,3,2445.348538
51.523209,3,2445.619165
-13.476791,3,2445.67026
50.809209,3,2445.748227
54.216439,4,2445.818977
-13.476791,3,2445.962772
-13.476791,3,2446.156448
54.216439,4,2446.32967
-10.783561,4,2446.624558
-13.476791,3,2446.769264
54.216439,4,2446.920629
-10.783561,4,2447.002254
-13.476791,3,2447.267235
-13.476791,3,2447.438926
-13.740902,3,2447.478508
-13.476791,3,2447.682876
-13.476791,3,2447.722418
51.523209,3,2447.819343
54.216439,4,2447.87694
-10.783561,4,2447.972102
54.216439,4,2448.0452
-13.476791,3,2448.10661
54.216439,4,2448.257043
-13.627712,3,2448.308307
-13.476791,3,2448.368671
54.216439,4,2448.456319
54.216439,4,2448.628495
54.216439,4,2448.733365
-13.476791,3,2448.877333
-13.476791,3,2449.065273
-11.803561,4,2449.261188
-11.199004,4,2449.349549
-10.783561,4,2449.437001
-13.476791,3,2449.598075
54.216439,4,2449.657282
-13.476791,3,2449.723034
-10.783561,4,2450.021448
-10.783561,4,2450.224252
-13.476791,3,2450.266072
54.216439,4,2450.705233
54.216439,4,2450.783825
-13.476791,3,2451.064204
-13.476791,3,2451.234289
54.216439,4,2451.300583
54.216439,4,2451.462983
54.216439,4,2451.61363
54.216439,4,2451.671721
54.216439,4,2451.825503
54.216439,4,2451.973222
-13.476791,3,2452.133563
51.523209,3,2452.407454
-10.783561,4,2452.607126
54.216439,4,2452.772003
54.216439,4,2452.852212
-13.740902,3,2452.892301
-10.783561,4,2452.989273
-13.476791,3,2453.039478
54.216439,4,2453.095852
-10.783561,4,2453.290044
51.523209,3,2453.388028
-13.476791,3,2453.444866
-13.476791,3,2453.495744
50.503209,3,2453.738992
54.216439,4,2453.811317
54.216439,4,2453.959467
54.216439,4,2454.024566
-13.476791,3,2454.096662
54.216439,4,2454.254053
-11.406726,4,2454.358907
51.523209,3,2454.646453
54.216439,4,2454.729587
54.216439,4,2454.872868
54.216439,4,2454.931952
54.216439,4,2455.086793
-14.292791,3,2455.146866
54.216439,4,2455.20879
-13.476791,3,2455.271389
54.216439,4,2455.407413
-10.783561,4,2455.601934
-13.476791,3,2455.768995
-11.406726,4,2455.816576
51.523209,3,2456.092434
51.523209,3,2456.345639
-10.783561,4,2456.541799
54.216439,4,2456.6004
53.502439,4,2456.677348
-13.476791,3,2456.71891
54.216439,4,2456.760981
51.523209,3,2457.03809
54.216439,4,2457.191763
54.216439,4,2457.349085
-13.476791,3,2457.399153
-10.783561,4,2457.493231
54.216439,4,2457.566483
51.523209,3,2457.842273
54.216439,4,2457.947283
-13.476791,3,2458.11836
-13.627712,3,2458.16494
54.216439,4,2458.30894
-13.476791,3,2458.3896
-10.783561,4,2458.470712
54.216439,4,2458.54237
-14.190791,3,2458.691595
-10.783561,4,2458.778204
54.216439,4,2458.850334
54.216439,4,2458.99421
-13.476791,3,2459.172237
54.216439,4,2459.308183
-13.476791,3,2459.45413
-13.703172,3,2459.499699
51.523209,3,2459.776919
54.216439,4,2459.92015
54.216439,4,2460.074266
53.196439,4,2460.23121
54.216439,4,2460.37047
-13.476791,3,2460.57877
54.216439,4,2460.734814
-13.476791,3,2460.819258
54.216439,4,2460.966595
-13.476791,3,2461.048219
54.216439,4,2461.194904
54.216439,4,2461.338041
54.216439,4,2461.398121
-13.476791,3,2461.683468
54.216439,4,2461.743058
-10.783561,4,2461.932241
51.523209,3,2462.021108
-13.476791,3,2462.211227
-10.783561,4,2462.296635
-13.476791,3,2462.441659
51.523209,3,2462.528403
51.523209,3,2462.704287
51.523209,3,2462.776385
-13.476791,3,2462.981562
-13.476791,3,2463.122247
-10.783561,4,2463.216048
51.523209,3,2463.311519
-13.476791,3,2463.487948
-13.476791,3,2463.526671
54.216439,4,2463.583684
-13.476791,3,2463.626749
-13.476791,3,2463.687121
51.523209,3,2463.964746
-10.783561,4,2464.17628
54.216439,4,2464.32578
-13.476791,3,2464.397988
-10.783561,4,2464.5963
-10.783561,4,2464.800445
-13.476791,3,2464.891074
-11.44656,4,2465.104656
-13.476791,3,2465.183762
-10.783561,4,2465.271455
-10.783561,4,2465.363716
-14.139791,3,2465.501663
54.216439,4,2465.571752
51.523209,3,2465.665309
54.216439,4,2465.80418
54.216439,4,2465.856762
-10.783561,4,2466.043861
51.523209,3,2466.342234
54.216439,4,2466.450327
-10.783561,4,2466.643777
-10.783561,4,2466.726977
51.523209,3,2467.001459
-13.476791,3,2467.141735
54.216439,4,2467.213379
54.216439,4,2467.362092
51.523209,3,2467.451501
54.216439,4,2467.595422
-10.783561,4,2467.736153
-13.476791,3,2467.924506
-13.476791,3,2468.069208
-13.476791,3,2468.156532
-13.476791,3,2468.333541
-13.476791,3,2468.505805
-13.476791,3,2468.793172
-10.783561,4,2468.879837
-13.476791,3,2469.023899
54.216439,4,2469.094489
-10.783561,4,2469.182001
54.216439,4,2469.33498
-10.783561,4,2469.527731
-13.476791,3,2469.590364
54.216439,4,2469.733559
-10.783561,4,2469.948425
-13.552251,3,2469.997837
-10.783561,4,2470.191926
-10.783561,4,2470.275059
51.523209,3,2470.529289
-13.476791,3,2470.672025
-13.476791,3,2470.714095
51.523209,3,2470.786218
54.216439,4,2470.902938
-10.783561,4,2471.100168
54.216439,4,2471.156739
-10.783561,4,2471.358351
51.523209,3,2471.546366
-13.476791,3,2471.596452
-10.783561,4,2471.682582
54.216439,4,2471.826913
-13.476791,3,2471.968832
54.216439,4,2472.202528
54.216439,4,2472.360846
-11.510587,4,2472.401381
-13.476791,3,2472.441428
-11.803561,4,2472.739722
53.400439,4,2472.798891
-13.476791,3,2472.887097
-13.627712,3,2472.949475
54.216439,4,2473.063857
54.008717,4,2473.278179
54.216439,4,2473.323762
54.216439,4,2473.382109
-13.476791,3,2473.671646
-11.70156,4,2473.763272
-13.476791,3,2474.046927
54.216439,4,2474.108045
54.216439,4,2474.168164
54.216439,4,2474.322428
-10.783561,4,2474.532793
-13.476791,3,2474.72327
-10.783561,4,2474.808925
-13.476791,3,2474.868004
-13.476791,3,2475.056312
54.216439,4,2475.19549
51.523209,3,2475.438101
51.523209,3,2475.614697
-13.476791,3,2475.688303
-13.476791,3,2475.773569
-13.476791,3,2475.973479
-10.783561,4,2476.278622
-13.476791,3,2476.319693
-13.476791,3,2476.507648
-13.476791,3,2476.59597
-13.476791,3,2476.772673
51.523209,3,2477.018588
-14.292791,3,2477.063154
51.523209,3,2477.155289
54.216439,4,2477.284581
53.502439,4,2477.44085
-10.783561,4,2477.526125
-13.476791,3,2477.58317
-10.783561,4,2477.666073
51.523209,3,2477.878906
-10.783561,4,2477.978147
51.523209,3,2478.092392
54.216439,4,2478.205419
-13.476791,3,2478.351142
54.216439,4,2478.494374
-13.476791,3,2478.540949
54.216439,4,2478.683332
-13.476791,3,2478.827965
-13.703172,3,2478.865017
-13.476791,3,2479.014291
-13.476791,3,2479.058341
-10.783561,4,2479.266231
-14.394791,3,2479.306151
51.523209,3,2479.603655
-13.476791,3,2479.779423
-13.476791,3,2479.972524
-10.783561,4,2480.175194
-13.476791,3,2480.229864
54.216439,4,2480.391591
-13.476791,3,2480.566351
-13.476791,3,2480.60667
-13.476791,3,2480.819
-13.476791,3,2480.986148
-13.476791,3,2481.178784
-13.476791,3,2481.220848
-13.476791,3,2481.372341
-11.44656,4,2481.572454
-10.783561,4,2481.788371
-13.552251,3,2481.836455
-13.476791,3,2481.905703
51.523209,3,2482.084668
-13.476791,3,2482.135869
54.216439,4,2482.292603
-13.476791,3,2482.379039
-13.476791,3,2482.548588
54.216439,4,2482.625228
-13.476791,3,2482.820864
-13.476791,3,2482.861934
51.523209,3,2483.138624
51.523209,3,2483.418339
-13.476791,3,2483.470896
54.216439,4,2483.539505
-13.476791,3,2483.710958
50.809209,3,2483.97877
-13.476791,3,2484.122902
-13.476791,3,2484.27781
54.216439,4,2484.440968
54.216439,4,2484.586578
-13.476791,3,2484.628679
54.216439,4,2484.796512
-13.476791,3,2485.001038
-13.476791,3,2485.146681
-10.783561,4,2485.351708
54.216439,4,2485.43636
-13.476791,3,2485.635286
-13.740902,3,2485.679378
54.216439,4,2485.752595
54.216439,4,2485.939981
54.216439,4,2486.228055
51.523209,3,2486.324253
51.523209,3,2486.585034
51.523209,3,2486.870509
-10.783561,4,2487.067504
51.523209,3,2487.137534
-13.476791,3,2487.356369
54.216439,4,2487.592207
-13.476791,3,2487.756073
54.216439,4,2487.999319
51.523209,3,2488.090973
-13.476791,3,2488.268288
51.523209,3,2488.364665
54.216439,4,2488.511083
-10.783561,4,2488.714931
-13.476791,3,2488.852499
-13.476791,3,2488.893046
-13.476791,3,2489.076801
-13.703172,3,2489.118869
-13.476791,3,2489.261725
-13.476791,3,2489.32295
-13.476791,3,2489.624234
51.523209,3,2489.717468
-13.476791,3,2489.893901
-13.476791,3,2490.048858
-13.703172,3,2490.086417
-13.476791,3,2490.282228
-11.406726,4,2490.343395
-13.476791,3,2490.504283
-13.476791,3,2490.649375
-13.476791,3,2490.854547
51.523209,3,2490.976319
-13.476791,3,2491.122272
-11.510587,4,2491.164328
-10.783561,4,2491.248984
-13.476791,3,2491.427528
-13.476791,3,2491.701077
-13.476791,3,2491.879869
54.216439,4,2492.022626
-13.476791,3,2492.060677
-13.476791,3,2492.103782
-13.476791,3,2492.187605
-13.476791,3,2492.227704
-10.783561,4,2492.334731
-13.476791,3,2492.384806
54.008717,4,2492.49218
-10.783561,4,2492.5805
54.216439,4,2492.74353
54.216439,4,2492.780585
-10.783561,4,2492.979577
54.216439,4,2493.138652
54.216439,4,2493.369828
53.55344,4,2493.518552
-13.476791,3,2493.564852
-13.476791,3,2493.724447
-13.476791,3,2493.919684
-10.783561,4,2494.120794
-13.476791,3,2494.271346
57.967614,5,2494.358923
-10.783561,4,2494.446651
-13.476791,3,2494.540329
-13.740902,3,2494.583383
54.216439,4,2494.746167
54.216439,4,2494.819973
-13.476791,3,2494.862581
-10.783561,4,2495.063144
-13.476791,3,2495.242572
-13.476791,3,2495.41236
-10.783561,4,2495.496027
-13.476791,3,2495.550654
-14.292791,3,2495.604769
54.216439,4,2495.725019
-13.476791,3,2495.893559
-14.496791,3,2496.07492
51.523209,3,2496.170678
-13.476791,3,2496.339206
51.523209,3,2496.598663
54.216439,4,2496.743382
-11.406726,4,2496.798434
51.523209,3,2497.066157
-13.476791,3,2497.254149
54.216439,4,2497.333805
-10.783561,4,2497.435686
54.216439,4,2497.580502
-13.476791,3,2497.620755
-13.476791,3,2497.712635
54.216439,4,2497.767467
-10.783561,4,2497.958973
54.216439,4,2498.115744
-10.783561,4,2498.196093
-13.476791,3,2498.40766
-13.476791,3,2498.553875
-10.783561,4,2498.640996
-13.476791,3,2498.78742
51.523209,3,2499.055735
-14.190791,3,2499.255447
-10.783561,4,2499.564784
-13.476791,3,2499.621106
-10.783561,4,2499.818584
-13.476791,3,2499.862466
51.523209,3,2499.982317
-13.476791,3,2500.037567
-13.476791,3,2500.078657
-10.783561,4,2500.283963
51.523209,3,2500.53064
54.216439,4,2500.67906
51.523209,3,2500.786703
-10.783561,4,2500.981716
-11.44656,4,2501.176332
-13.476791,3,2501.353918
51.523209,3,2501.633024
-13.476791,3,2501.809399
54.216439,4,2501.969015
-13.476791,3,2502.0185
-13.476791,3,2502.195266
51.523209,3,2502.283557
-13.476791,3,2502.332687
51.523209,3,2502.422184
-11.599561,4,2502.627364
-10.783561,4,2502.828381
-10.783561,4,2502.909516
-13.476791,3,2503.05373
-13.476791,3,2503.269611
-13.476791,3,2503.311659
-13.476791,3,2503.49257
-11.510587,4,2503.535428
51.523209,3,2503.608683
-13.476791,3,2503.904055
-13.476791,3,2503.962927
-10.783561,4,2504.052788
-13.476791,3,2504.107519
-13.476791,3,2504.307658
54.216439,4,2504.40365
-13.476791,3,2504.548217
-13.476791,3,2504.759201
-13.476791,3,2504.814548
-13.476791,3,2504.973866
54.216439,4,2505.046459
51.523209,3,2505.326002
51.523209,3,2505.408791
-13.476791,3,2505.465376
-14.292791,3,2505.640283
54.216439,4,2505.69507
-13.476791,3,2505.864635
54.216439,4,2505.962774
51.523209,3,2506.052423
-13.740902,3,2506.089296
-14.190791,3,2506.264404
-13.476791,3,2506.453549
-13.476791,3,2506.508138
-13.476791,3,2506.781577
-13.476791,3,2506.925285
54.216439,4,2506.986589
-10.783561,4,2507.072214
54.216439,4,2507.218347
-13.476791,3,2507.26997
51.523209,3,2507.545298
-13.476791,3,2507.628592
-13.476791,3,2507.77144
54.216439,4,2507.91482
-10.783561,4,2508.110092
51.523209,3,2508.287186
-13.476791,3,2508.338456
-13.740902,3,2508.377169
-13.476791,3,2508.42374
54.216439,4,2508.648498
54.216439,4,2508.758494
57.967614,5,2508.832157
-13.476791,3,2508.964448
54.216439,4,2509.037913
54.216439,4,2509.179754
53.502439,4,2509.317562
51.523209,3,2509.500633
-13.476791,3,2509.667244
-13.476791,3,2509.858011
-13.476791,3,2509.91523
54.216439,4,2510.169351
-13.476791,3,2510.317491
54.216439,4,2510.386233
-13.476791,3,2510.564795
51.523209,3,2510.685257
54.216439,4,2510.842392
51.523209,3,2510.952191
53.55344,4,2511.005872
-13.476791,3,2511.04767
-13.476791,3,2511.226009
51.523209,3,2511.508908
54.216439,4,2511.724111
-10.783561,4,2511.9679
51.523209,3,2512.237612
-13.476791,3,2512.408166
54.216439,4,2512.554513
-13.476791,3,2512.606584
54.216439,4,2512.759935
-13.476791,3,2512.951045
54.216439,4,2513.015515
-10.783561,4,2513.23031
54.216439,4,2513.379634
54.216439,4,2513.443424
-10.783561,4,2513.671024
-13.476791,3,2513.747128
-10.783561,4,2513.844307
51.523209,3,2514.128619
-10.783561,4,2514.225656
51.523209,3,2514.493608
51.523209,3,2514.601518
-13.476791,3,2514.654125
54.216439,4,2514.818093
-13.476791,3,2514.876475
-13.476791,3,2514.918037
-13.476791,3,2515.068035
-10.783561,4,2515.267883
-13.476791,3,2515.408997
53.502439,4,2515.473581
51.523209,3,2515.557231
-13.476791,3,2515.766011
-13.476791,3,2515.804557
54.216439,4,2515.957286
-13.476791,3,2515.99432
51.523209,3,2516.094984
-13.476791,3,2516.24047
-13.476791,3,2516.296207
-13.476791,3,2516.479194
-13.476791,3,2516.774098
-13.476791,3,2516.85422
-14.139791,3,2516.897785
-13.476791,3,2517.09025
-13.476791,3,2517.2429
-13.476791,3,2517.387445
-13.476791,3,2517.428003
-13.476791,3,2517.501579
51.523209,3,2517.608268
-14.341712,3,2517.65584
-13.476791,3,2517.707421
-14.190791,3,2517.746481
54.216439,4,2517.891905
51.523209,3,2518.168816
-10.783561,4,2518.256452
-10.783561,4,2518.55712
-13.476791,3,2518.60919
-13.476791,3,2518.661837
51.523209,3,2518.752662
-13.476791,3,2518.79551
-13.476791,3,2519.032694
-13.476791,3,2519.077339
-13.476791,3,2519.254143
51.523209,3,2519.442474
-13.476791,3,2519.595136
-13.476791,3,2519.635767
-13.476791,3,2519.808176
-13.476791,3,2519.862623
54.216439,4,2520.016997
-13.476791,3,2520.15743
-13.476791,3,2520.302434
-13.476791,3,2520.492795
-13.476791,3,2520.777194
-14.394791,3,2520.817752
-13.476791,3,2520.858905
-10.783561,4,2520.941713
54.216439,4,2521.096338
-13.476791,3,2521.157512
-13.476791,3,2521.204561
-13.476791,3,2521.358188
-13.476791,3,2521.529254
-13.476791,3,2521.595339
-13.476791,3,2521.649084
-11.803561,4,2521.857592
-13.476791,3,2521.913445
-10.783561,4,2521.995612
-13.476791,3,2522.081297
-13.476791,3,2522.364554
54.216439,4,2522.607687
-10.783561,4,2522.691315
-10.783561,4,2522.774909
-13.476791,3,2522.8275
-13.476791,3,2523.022989
-11.406726,4,2523.07593
-13.476791,3,2523.218036
54.216439,4,2523.371533
-10.783561,4,2523.573625
-13.476791,3,2523.615717
-13.476791,3,2523.658415
-13.476791,3,2523.845554
54.216439,4,2524.025345
-10.783561,4,2524.113524
-14.496791,3,2524.292998
51.523209,3,2524.472653
-14.190791,3,2524.670767
-13.476791,3,2524.849288
50.860209,3,2525.121078
-14.292791,3,2525.263602
54.216439,4,2525.410712
-13.476791,3,2525.554251
-13.476791,3,2525.752736
-14.496791,3,2525.795785
-13.476791,3,2525.938142
-13.476791,3,2526.082061
-11.497561,4,2526.279937
-13.476791,3,2526.424947
51.523209,3,2526.553979
51.523209,3,2526.669515
-13.740902,3,2526.714398
51.523209,3,2526.896221
-13.476791,3,2526.937295
-14.496791,3,2526.98802
-13.476791,3,2527.149904
54.216439,4,2527.345803
51.523209,3,2527.636106
-10.783561,4,2527.721507
51.523209,3,2527.79785
-13.476791,3,2527.852957
51.523209,3,2527.955903
-10.783561,4,2528.149786
-13.476791,3,2528.327063
-10.783561,4,2528.420042
-13.476791,3,2528.561749
-10.783561,4,2528.755827
-13.476791,3,2528.938115
51.523209,3,2529.227205
-13.476791,3,2529.521078
-13.476791,3,2529.597741
-13.476791,3,2529.829102
51.523209,3,2530.100666
-13.476791,3,2530.27576
-13.476791,3,2530.358926
-13.476791,3,2530.501704
51.523209,3,2530.669599
-13.476791,3,2530.845365
54.216439,4,2531.035242
-13.476791,3,2531.177759
-10.783561,4,2531.267716
54.216439,4,2531.424177
-13.476791,3,2531.59948
50.707209,3,2531.689653
54.216439,4,2531.757048
-13.476791,3,2531.797607
-13.476791,3,2531.857721
51.523209,3,2531.961387
-13.476791,3,2532.109055
-13.740902,3,2532.154527
51.523209,3,2532.413432
-13.476791,3,2532.553333
-14.394791,3,2532.612057
-13.476791,3,2532.654203
-13.476791,3,2532.709293
-13.476791,3,2532.872026
-13.476791,3,2533.045293
-13.476791,3,2533.359867
-13.476791,3,2533.422177
51.523209,3,2533.578622
-13.476791,3,2533.862766
-13.476791,3,2533.923864
-13.476791,3,2534.112842
-13.476791,3,2534.201558
54.216439,4,2534.283227
51.523209,3,2534.370404
-10.783561,4,2534.453733
51.523209,3,2534.620938
-13.476791,3,2534.787825
54.216439,4,2534.980919
-13.476791,3,2535.018984
54.216439,4,2535.086135
-13.476791,3,2535.240877
54.216439,4,2535.302906
-13.552251,3,2535.372335
54.216439,4,2535.497255
-13.476791,3,2535.677418
-13.476791,3,2535.861641
51.523209,3,2536.146893
51.523209,3,2536.396097
54.216439,4,2536.448905
54.216439,4,2536.505879
-13.476791,3,2536.683964
54.216439,4,2536.757715
-13.476791,3,2536.898487
-13.476791,3,2536.985645
-10.783561,4,2537.067955
-13.740902,3,2537.110004
54.216439,4,2537.184638
51.523209,3,2537.462091
-13.627712,3,2537.640479
-13.476791,3,2537.703082
54.216439,4,2537.763178
-13.476791,3,2537.804748
54.216439,4,2537.952735
51.523209,3,2538.227638
-10.783561,4,2538.274735
54.216439,4,2538.339907
-10.783561,4,2538.425105
54.216439,4,2538.595442
54.216439,4,2538.745628
-13.476791,3,2538.794727
54.216439,4,2538.973693
-13.476791,3,2539.150543
-10.991283,4,2539.231169
-13.476791,3,2539.281745
54.216439,4,2539.349424
-13.476791,3,2539.49318
54.216439,4,2539.642015
-13.476791,3,2539.828014
54.216439,4,2539.971962
-13.476791,3,2540.147763
-10.783561,4,2540.34208
-10.783561,4,2540.648274
54.216439,4,2540.783139
-13.476791,3,2540.928395
51.523209,3,2541.039876
50.605209,3,2541.305557
54.216439,4,2541.37616
50.860209,3,2541.721232
53.400439,4,2541.867951
51.523209,3,2542.072604
54.216439,4,2542.12835
54.216439,4,2542.27559
54.216439,4,2542.421877
54.216439,4,2542.484964
-10.783561,4,2542.570628
-13.476791,3,2542.709438
54.216439,4,2542.773956
-13.476791,3,2542.818532
-13.476791,3,2542.87327
-13.476791,3,2543.047011
54.216439,4,2543.221103
51.523209,3,2543.486811
-13.476791,3,2543.62556
51.523209,3,2543.752319
54.216439,4,2543.806908
54.216439,4,2543.999635
-13.476791,3,2544.178058
54.216439,4,2544.320894
-10.783561,4,2544.4071
54.216439,4,2544.468214
54.216439,4,2544.528299
54.216439,4,2544.587959
-13.476791,3,2544.650616
-10.783561,4,2544.851237
54.216439,4,2545.013838
54.216439,4,2545.173446
54.216439,4,2545.328191
-13.476791,3,2545.369754
-14.394791,3,2545.466946
-13.476791,3,2545.509025
54.216439,4,2545.569612
51.523209,3,2545.82942
-13.476791,3,2545.878117
-13.476791,3,2545.931172
54.216439,4,2546.104483
54.216439,4,2546.145066
54.216439,4,2546.279934
51.523209,3,2546.467446
-13.476791,3,2546.523532
54.216439,4,2546.666869
54.216439,4,2546.904503
54.216439,4,2547.061914
-13.476791,3,2547.117506
54.216439,4,2547.179103
51.523209,3,2547.441324
-10.783561,4,2547.640368
-10.783561,4,2547.72712
-10.783561,4,2547.813733
51.523209,3,2548.057595
-10.783561,4,2548.25969
-11.510587,4,2548.296408
54.216439,4,2548.35304
54.216439,4,2548.419632
54.216439,4,2548.536873
54.216439,4,2548.57451
-10.783561,4,2548.622081
51.523209,3,2548.908851
-10.783561,4,2549.180121
54.216439,4,2549.425439
-10.783561,4,2549.51155
54.216439,4,2549.650475
54.216439,4,2549.794352
54.216439,4,2549.849169
54.216439,4,2550.002395
51.523209,3,2550.272657
-14.760902,3,2550.315213
-11.70156,4,2550.405325
53.400439,4,2550.52172
54.216439,4,2550.594477
54.216439,4,2550.745009
54.216439,4,2550.992702
54.216439,4,2551.032759
53.400439,4,2551.222274
-13.627712,3,2551.285374
54.216439,4,2551.437653
54.216439,4,2551.493836
53.196439,4,2551.641211
-13.476791,3,2551.781304
-13.703172,3,2551.822342
51.523209,3,2551.93065
54.216439,4,2552.095145
-13.476791,3,2552.375859
54.216439,4,2552.520081
54.216439,4,2552.663399
-13.476791,3,2552.811646
-13.476791,3,2552.895353
54.216439,4,2552.967344
51.523209,3,2553.168849
-14.292791,3,2553.25698
51.523209,3,2553.512921
54.216439,4,2553.656852
-13.552251,3,2553.705757
-13.476791,3,2553.795132
54.216439,4,2553.934142
54.216439,4,2553.976738
50.707209,3,2554.184969
54.216439,4,2554.328495
54.216439,4,2554.483391
51.523209,3,2554.583601
-13.476791,3,2554.672082
-13.476791,3,2554.847365
-10.783561,4,2554.935004
-13.476791,3,2555.012619
-13.476791,3,2555.305218
-13.476791,3,2555.345279
-13.476791,3,2555.491852
-13.476791,3,2555.682981
-13.476791,3,2555.85823
51.523209,3,2555.952359
-13.476791,3,2556.132011
-13.476791,3,2556.184163
-13.476791,3,2556.479486
-13.476791,3,2556.521083
51.523209,3,2556.777174
-13.476791,3,2556.851048
-13.476791,3,2557.028335
-13.476791,3,2557.194598
-14.496791,3,2557.244675
-13.476791,3,2557.294073
-14.139791,3,2557.443563
-13.476791,3,2557.607208
-13.476791,3,2557.651048
-13.476791,3,2557.846841
-13.476791,3,2557.89462
-13.476791,3,2558.022049
-13.476791,3,2558.077676
54.216439,4,2558.138293
51.523209,3,2558.474706
-13.476791,3,2558.519825
-13.476791,3,2558.603514
-14.394791,3,2558.656895
-13.476791,3,2558.812144
-13.476791,3,2558.996459
-13.476791,3,2559.163166
-13.476791,3,2559.438234
-14.496791,3,2559.618425
51.523209,3,2559.708051
-13.476791,3,2559.889439
-13.476791,3,2560.066682
-13.703172,3,2560.104809
-13.476791,3,2560.279632
-13.476791,3,2560.361565
-14.190791,3,2560.402766
-13.476791,3,2560.461066
51.523209,3,2560.731639
-13.476791,3,2560.830533
-13.476791,3,2561.108736
-13.476791,3,2561.400805
54.216439,4,2561.475322
-13.476791,3,2561.524607
51.523209,3,2561.635249
50.503209,3,2561.841376
-13.476791,3,2562.030062
-13.552251,3,2562.106707
-13.476791,3,2562.260063
-13.476791,3,2562.322937
-11.510587,4,2562.373024
54.216439,4,2562.433143
-13.476791,3,2562.590535
-13.552251,3,2562.657292
-13.476791,3,2562.82131
-13.476791,3,2563.003854
51.523209,3,2563.27012
54.216439,4,2563.429056
-13.476791,3,2563.508736
-10.991283,4,2563.698901
54.216439,4,2563.758667
-13.476791,3,2563.934456
-13.476791,3,2563.989026
-13.476791,3,2564.07433
54.216439,4,2564.310183
54.216439,4,2564.464759
-13.476791,3,2564.548809
-13.476791,3,2564.589482
-13.476791,3,2564.631672
54.216439,4,2564.793169
-13.476791,3,2564.93772
54.216439,4,2565.050007
54.216439,4,2565.167254
54.216439,4,2565.327509
-14.292791,3,2565.509449
-13.476791,3,2565.556617
-13.476791,3,2565.864114
51.523209,3,2565.935631
54.216439,4,2566.093635
-13.476791,3,2566.134653
54.216439,4,2566.297987
54.216439,4,2566.43992
51.523209,3,2566.780879
-14.496791,3,2566.922271
-13.476791,3,2567.009
54.216439,4,2567.065266
54.216439,4,2567.211508
54.216439,4,2567.367313
54.216439,4,2567.44074
53.502439,4,2567.579909
54.216439,4,2567.7364
-13.476791,3,2567.791976
53.29844,4,2567.969027
54.216439,4,2568.126451
-13.476791,3,2568.207596
-13.476791,3,2568.246285
-10.783561,4,2568.338253
54.216439,4,2568.400911
-10.783561,4,2568.490238
-10.783561,4,2568.688911
-11.803561,4,2568.966552
51.523209,3,2569.239924
54.216439,4,2569.46574
-10.783561,4,2569.665064
-13.476791,3,2569.811274
-11.199004,4,2569.869992
54.216439,4,2570.016746
-13.476791,3,2570.074271
54.216439,4,2570.239909
-13.476791,3,2570.28208
51.523209,3,2570.485623
54.216439,4,2570.632116
54.216439,4,2570.812691
-10.783561,4,2571.013928
54.216439,4,2571.08401
54.216439,4,2571.230272
-14.496791,3,2571.288261
-13.476791,3,2571.382642
-10.783561,4,2571.583812
-14.394791,3,2571.767767
-13.476791,3,2571.806827
-14.496791,3,2572.000142
54.216439,4,2572.176313
-13.476791,3,2572.354141
54.216439,4,2572.400236
-13.476791,3,2572.440916
-10.783561,4,2572.651442
53.400439,4,2572.754934
54.216439,4,2572.868011
-13.476791,3,2572.912093
-10.783561,4,2573.006688
-13.476791,3,2573.170461
54.216439,4,2573.237561
54.216439,4,2573.395664
54.216439,4,2573.457935
54.216439,4,2573.601151
54.216439,4,2573.839114
54.216439,4,2574.099364
51.523209,3,2574.164432
54.216439,4,2574.315321
54.216439,4,2574.479736
54.216439,4,2574.641026
-11.803561,4,2574.728488
51.523209,3,2574.825531
54.216439,4,2574.895143
50.503209,3,2575.233149
-10.783561,4,2575.320871
-10.783561,4,2575.516526
-13.476791,3,2575.57063
53.55344,4,2575.717345
53.55344,4,2575.842125
53.29844,4,2575.92107
54.216439,4,2576.066643
54.216439,4,2576.129757
-10.783561,4,2576.217889
-10.783561,4,2576.324899
-11.44656,4,2576.442469
54.216439,4,2576.591178
54.216439,4,2576.664001
54.216439,4,2576.810647
54.216439,4,2576.954862
-10.783561,4,2577.055077
54.216439,4,2577.199953
-10.783561,4,2577.290696
-11.497561,4,2577.497955
-13.476791,3,2577.676607
-14.621172,3,2577.719179
54.216439,4,2577.784971
54.216439,4,2577.921586
54.216439,4,2578.080108
54.216439,4,2578.201967
54.216439,4,2578.264568
-13.476791,3,2578.307647
54.216439,4,2578.446177
51.523209,3,2578.770149
-14.190791,3,2578.829134
53.502439,4,2578.886223
-10.783561,4,2579.192633
54.216439,4,2579.278409
54.216439,4,2579.365738
51.523209,3,2579.656567
54.216439,4,2579.806781
54.216439,4,2579.844311
54.216439,4,2579.98906
-13.476791,3,2580.055362
54.008717,4,2580.246731
54.216439,4,2580.45214
54.216439,4,2580.607875
51.523209,3,2580.710049
-13.476791,3,2580.882351
-13.476791,3,2580.923426
-10.783561,4,2581.134339
-11.599561,4,2581.438367
-13.476791,3,2581.532507
54.216439,4,2581.682749
54.216439,4,2581.755059
-13.476791,3,2581.80689
54.216439,4,2581.86345
54.216439,4,2582.005308
-13.476791,3,2582.293139
54.216439,4,2582.355414
-10.783561,4,2582.443047
-10.783561,4,2582.741667
51.523209,3,2583.016942
54.216439,4,2583.180981
-13.476791,3,2583.220188
51.523209,3,2583.492269
-14.394791,3,2583.580789
51.523209,3,2583.86191
-10.783561,4,2583.949942
-13.476791,3,2583.990489
54.216439,4,2584.126052
-13.476791,3,2584.272534
-13.476791,3,2584.313911
54.216439,4,2584.428102
-10.783561,4,2584.624994
-10.783561,4,2584.825369
54.216439,4,2584.894747
57.967614,5,2585.124413
54.216439,4,2585.188824
54.216439,4,2585.301506
-13.552251,3,2585.541178
54.216439,4,2585.693384
54.216439,4,2585.846645
-11.406726,4,2585.888192
-10.783561,4,2586.084831
-13.476791,3,2586.126223
54.216439,4,2586.184317
54.216439,4,2586.24033
-13.476791,3,2586.41861
54.216439,4,2586.662458
-10.783561,4,2587.004736
-13.740902,3,2587.044788
53.400439,4,2587.107069
-13.476791,3,2587.170649
-10.783561,4,2587.257879
-10.783561,4,2587.354544
51.523209,3,2587.627248
54.216439,4,2587.677839
54.216439,4,2587.824785
54.216439,4,2588.061893
-13.476791,3,2588.114065
51.523209,3,2588.392971
54.216439,4,2588.447551
53.502439,4,2588.597409
54.216439,4,2588.706064
-10.783561,4,2588.793365
54.216439,4,2588.930104
-13.703172,3,2588.969659
54.216439,4,2589.103365
54.216439,4,2589.24964
54.216439,4,2589.395126
-12.426726,4,2589.440711
51.523209,3,2589.699798
54.216439,4,2589.763877
54.216439,4,2589.819479
54.216439,4,2589.881068
53.502439,4,2589.934838
54.216439,4,2590.088439
54.216439,4,2590.149531
54.216439,4,2590.305069
51.523209,3,2590.588847
-14.572251,3,2590.7072
54.216439,4,2590.85293
54.216439,4,2591.01082
51.523209,3,2591.368779
-10.783561,4,2591.563824
-13.476791,3,2591.709048
54.216439,4,2591.85266
54.216439,4,2591.960916
54.216439,4,2592.118156
-13.476791,3,2592.167726
54.216439,4,2592.322788
54.216439,4,2592.48643
53.400439,4,2592.648539
-13.476791,3,2592.72314
-13.476791,3,2592.803409
51.523209,3,2592.892051
54.216439,4,2593.043277
54.216439,4,2593.189961
-13.476791,3,2593.229528
-13.476791,3,2593.278673
-13.476791,3,2593.3304
54.216439,4,2593.393482
54.216439,4,2593.491547
54.216439,4,2593.641899
-13.476791,3,2593.7865
-13.476791,3,2593.866671
51.523209,3,2593.999462
54.216439,4,2594.147207
54.216439,4,2594.21074
-14.292791,3,2594.250324
-13.476791,3,2594.396534
-11.510587,4,2594.442589
-13.476791,3,2594.483658
-10.783561,4,2594.678386
51.523209,3,2594.767516
54.216439,4,2594.824606
-13.476791,3,2594.864667
53.29844,4,2594.924904
54.216439,4,2594.992481
-13.476791,3,2595.198362
-10.783561,4,2595.39268
54.216439,4,2595.531969
54.216439,4,2595.694457
54.216439,4,2595.841333
-12.426726,4,2595.886911
-13.476791,3,2595.952147
-13.476791,3,2595.990057
51.523209,3,2596.076627
51.523209,3,2596.365077
-13.476791,3,2596.457711
54.216439,4,2596.524343
-13.476791,3,2596.704631
-13.476791,3,2596.875889
-13.476791,3,2597.020647
-13.476791,3,2597.062189
54.216439,4,2597.23448
-14.139791,3,2597.278753
-13.476791,3,2597.434136
-13.476791,3,2597.581623
54.216439,4,2597.726121
-10.783561,4,2597.92443
-13.476791,3,2598.127329
51.523209,3,2598.311132
-13.476791,3,2598.556574
-13.703172,3,2598.594799
-13.476791,3,2598.773031
51.523209,3,2598.869188
54.216439,4,2599.024431
54.216439,4,2599.162606
54.216439,4,2599.351961
51.523209,3,2599.614685
51.523209,3,2599.891335
-10.783561,4,2599.979773
53.55344,4,2600.128978
-13.476791,3,2600.177215
-14.139791,3,2600.458038
50.503209,3,2600.728994
54.216439,4,2600.884604
51.523209,3,2600.976294
54.216439,4,2601.117065
54.216439,4,2601.187906
-14.394791,3,2601.37368
-13.476791,3,2601.541947
54.216439,4,2601.688313
-13.476791,3,2601.981169
-13.476791,3,2602.121837
54.216439,4,2602.164895
-13.476791,3,2602.228266
-13.476791,3,2602.432063
51.523209,3,2602.701994
51.523209,3,2602.967209
-13.476791,3,2603.148457
-13.476791,3,2603.322207
-13.740902,3,2603.360777
51.523209,3,2603.632272
-10.783561,4,2603.826173
-10.783561,4,2604.026975
-13.740902,3,2604.070043
-13.476791,3,2604.137666
-13.476791,3,2604.183717
51.523209,3,2604.432461
-13.476791,3,2604.471118
-10.783561,4,2604.674071
-13.740902,3,2604.712615
-13.476791,3,2604.822813
-13.476791,3,2605.011074
-10.783561,4,2605.09722
-13.476791,3,2605.274465
-13.627712,3,2605.316039
-14.139791,3,2605.366626
-13.476791,3,2605.553481
54.216439,4,2605.610054
-13.476791,3,2605.784884
-13.476791,3,2605.961788
51.523209,3,2606.132071
51.523209,3,2606.256798
-13.476791,3,2606.425155
-13.476791,3,2606.467207
-14.139791,3,2606.614854
-13.476791,3,2606.763704
54.216439,4,2606.821295
-13.476791,3,2606.883902
-13.476791,3,2607.090704
-13.476791,3,2607.169465
51.523209,3,2607.447074
-14.190791,3,2607.486677
-13.476791,3,2607.528745
-13.476791,3,2607.676129
-13.476791,3,2607.848858
-13.476791,3,2608.024248
-14.394791,3,2608.070334
-13.476791,3,2608.107372
-10.783561,4,2608.190509
54.216439,4,2608.240561
-13.476791,3,2608.467352
-13.476791,3,2608.555964
-14.139791,3,2608.654759
51.523209,3,2608.750882
-13.476791,3,2608.924716
-13.476791,3,2609.101845
-13.476791,3,2609.261537
-13.476791,3,2609.304276
-13.476791,3,2609.444979
-13.476791,3,2609.588214
-13.476791,3,2609.648805
-13.476791,3,2609.796001
-14.496791,3,2609.939369
-13.476791,3,2609.979604
-13.476791,3,2610.01966
-13.476791,3,2610.057999
-13.476791,3,2610.109745
-13.476791,3,2610.152795
-13.476791,3,2610.333686
54.216439,4,2610.388644
-13.476791,3,2610.573579
-13.476791,3,2610.761218
51.523209,3,2610.913423
-13.476791,3,2611.193957
-13.476791,3,2611.342623
-13.476791,3,2611.384213
-13.476791,3,2611.535989
-13.476791,3,2611.608584
51.523209,3,2611.773414
-13.476791,3,2611.857582
-13.476791,3,2611.916329
-13.476791,3,2612.019946
50.605209,3,2612.129047
-10.783561,4,2612.214327
51.523209,3,2612.3094
54.216439,4,2612.421064
54.216439,4,2612.583338
-13.476791,3,2612.642992
-13.476791,3,2612.732407
-10.783561,4,2612.814708
-10.783561,4,2613.016105
54.216439,4,2613.0867
-13.476791,3,2613.13274
51.523209,3,2613.471668
-13.627712,3,2613.510281
51.523209,3,2613.785811
50.503209,3,2613.872194
54.216439,4,2613.94895
-11.406726,4,2614.002975
-13.476791,3,2614.053035
51.523209,3,2614.328976
54.216439,4,2614.491257
51.523209,3,2614.576501
-13.703172,3,2614.616071
54.216439,4,2614.770455
-10.783561,4,2614.986369
-13.476791,3,2615.218392
54.216439,4,2615.369805
54.216439,4,2615.428374
-13.476791,3,2615.626864
54.216439,4,2615.693975
54.216439,4,2615.939977
54.216439,4,2615.999148
53.55344,4,2616.06504
51.523209,3,2616.335633
53.29844,4,2616.449951
-11.510587,4,2616.587662
51.523209,3,2616.772299
-13.740902,3,2616.814846
51.523209,3,2616.92373
-10.783561,4,2616.988324
-13.476791,3,2617.133001
54.216439,4,2617.218624
-13.476791,3,2617.362314
-13.476791,3,2617.447969
53.502439,4,2617.590648
-11.70156,4,2617.673774
-13.476791,3,2617.837293
51.523209,3,2618.066772
-13.476791,3,2618.147054
54.216439,4,2618.221324
54.216439,4,2618.290553
54.216439,4,2618.420522
-13.476791,3,2618.467748
-10.783561,4,2618.551999
54.216439,4,2618.709714
54.216439,4,2618.787831
-10.783561,4,2618.989968
-13.476791,3,2619.034533
-13.476791,3,2619.168371
54.216439,4,2619.224152
51.523209,3,2619.496895
51.523209,3,2619.785668
-13.476791,3,2619.941329
-10.783561,4,2620.120208
54.216439,4,2620.229257
-14.394791,3,2620.493392
51.523209,3,2620.757013
-11.406726,4,2620.813088
-10.783561,4,2620.90071
50.605209,3,2621.120254
-10.783561,4,2621.201859
54.216439,4,2621.259465
54.216439,4,2621.428862
-10.783561,4,2621.513954
-10.783561,4,2621.624587
-10.783561,4,2621.708247
54.216439,4,2621.749353
54.216439,4,2621.893227
53.400439,4,2621.951228
54.216439,4,2622.006484
54.216439,4,2622.241559
54.216439,4,2622.371186
51.523209,3,2622.645764
54.216439,4,2622.75369
54.216439,4,2622.81026
-13.476791,3,2622.888098
54.216439,4,2623.000876
54.216439,4,2623.23351
54.216439,4,2623.348955
54.216439,4,2623.590674
54.216439,4,2623.782709
-13.552251,3,2623.850298
54.216439,4,2623.948644
54.216439,4,2624.057901
-10.783561,4,2624.276377
57.967614,5,2624.34504
54.216439,4,2624.511731
54.216439,4,2624.66973
-13.476791,3,2624.719976
54.216439,4,2624.856622
51.523209,3,2625.058798
54.216439,4,2625.119384
54.216439,4,2625.360858
54.216439,4,2625.506047
54.216439,4,2625.66148
53.55344,4,2625.895854
54.216439,4,2626.125465
54.216439,4,2626.185673
54.216439,4,2626.295023
-10.783561,4,2626.382191
-10.783561,4,2626.464677
-10.783561,4,2626.553432
-10.783561,4,2626.862998
54.216439,4,2626.922603
-13.476791,3,2627.004224
54.216439,4,2627.069112
-10.783561,4,2627.366309
54.216439,4,2627.560668
54.216439,4,2627.628182
54.216439,4,2627.733825
54.216439,4,2627.796424
54.216439,4,2627.847494
54.216439,4,2627.949801
54.216439,4,2628.185585
-13.476791,3,2628.23666
51.523209,3,2628.523995
54.216439,4,2628.707199
-10.783561,4,2628.786938
51.523209,3,2628.887289
54.216439,4,2628.943349
-10.783561,4,2629.032465
-10.783561,4,2629.228295
51.523209,3,2629.495773
51.523209,3,2629.772539
-13.627712,3,2629.814689
54.216439,4,2629.874501
-10.991283,4,2630.039905
54.216439,4,2630.095109
54.216439,4,2630.247732
-10.783561,4,2630.55581
54.216439,4,2630.707863
54.216439,4,2630.774192
54.216439,4,2630.830403
-13.476791,3,2630.974095
51.523209,3,2631.220788
-10.783561,4,2631.418339
54.216439,4,2631.684231
54.216439,4,2631.905952
-11.599561,4,2632.224354
54.216439,4,2632.420179
-13.476791,3,2632.479816
54.216439,4,2632.539735
-10.783561,4,2632.820195
51.523209,3,2632.911102
54.216439,4,2632.974383
51.523209,3,2633.075579
54.216439,4,2633.137731
-10.783561,4,2633.226421
54.216439,4,2633.389106
54.216439,4,2633.54179
51.523209,3,2633.813957
-13.476791,3,2633.902399
54.216439,4,2633.960649
-10.783561,4,2634.050465
-13.476791,3,2634.090313
-13.703172,3,2634.131066
-10.783561,4,2634.237195
54.216439,4,2634.291811
-13.476791,3,2634.359018
54.216439,4,2634.501905
-13.476791,3,2634.569644
-10.783561,4,2634.653995
54.216439,4,2634.691051
54.216439,4,2634.849563
53.502439,4,2634.955108
-10.783561,4,2635.151021
54.216439,4,2635.223562
54.216439,4,2635.399194
-10.783561,4,2635.61103
51.523209,3,2635.809354
-13.740902,3,2635.848643
-13.476791,3,2635.933799
54.216439,4,2636.172833
54.216439,4,2636.232452
54.216439,4,2636.381262
54.216439,4,2636.6199
-10.991283,4,2636.69782
-10.783561,4,2636.7922
-10.991283,4,2636.845291
54.216439,4,2636.889036
53.29844,4,2637.040408
-13.476791,3,2637.084331
-13.476791,3,2637.258121
54.216439,4,2637.374726
51.523209,3,2637.472939
51.523209,3,2637.572232
-10.783561,4,2637.773482
54.216439,4,2637.832606
54.216439,4,2637.894714
51.523209,3,2638.182963
54.216439,4,2638.337738
54.216439,4,2638.39737
-13.476791,3,2638.436801
-13.476791,3,2638.585426
-13.476791,3,2638.638515
-13.476791,3,2638.823045
54.216439,4,2638.977819
54.216439,4,2639.215612
54.216439,4,2639.282413
51.523209,3,2639.453897
54.216439,4,2639.604043
54.216439,4,2639.787149
-13.476791,3,2639.840245
-13.476791,3,2639.982961
54.216439,4,2640.075665
-13.476791,3,2640.133805
57.304614,5,2640.2183
54.216439,4,2640.279743
54.216439,4,2640.339568
-10.783561,4,2640.421302
51.523209,3,2640.590398
54.216439,4,2640.741802
54.216439,4,2640.875724
-13.476791,3,2641.018128
54.216439,4,2641.195506
-11.803561,4,2641.284194
54.216439,4,2641.347927
-10.783561,4,2641.430065
54.216439,4,2641.503829
-13.476791,3,2641.559419
54.216439,4,2641.700803
-13.476791,3,2641.96369
51.523209,3,2642.231986
54.216439,4,2642.393546
-10.783561,4,2642.625299
54.216439,4,2642.777754
-11.44656,4,2643.049444
54.216439,4,2643.190674
-13.476791,3,2643.494427
-13.476791,3,2643.551545
54.216439,4,2643.819711
-13.476791,3,2643.903699
54.216439,4,2643.951561
54.216439,4,2644.079706
54.216439,4,2644.234308
-13.476791,3,2644.290386
-10.783561,4,2644.513337
54.216439,4,2644.572467
-14.647712,3,2644.615957
-10.783561,4,2644.957572
-12.173587,4,2644.996755
51.523209,3,2645.089471
54.216439,4,2645.147143
-14.139791,3,2645.200875
-10.783561,4,2645.406256
-10.783561,4,2645.49402
51.523209,3,2645.782803
54.216439,4,2645.964036
-10.783561,4,2646.052664
54.216439,4,2646.112936
-13.476791,3,2646.26319
54.216439,4,2646.321467
-10.783561,4,2646.520714
-13.476791,3,2646.704756
-13.476791,3,2646.792902
54.216439,4,2646.941327
54.216439,4,2647.099561
51.523209,3,2647.200716
54.216439,4,2647.345771
54.216439,4,2647.525261
-13.476791,3,2647.66774
-13.476791,3,2647.71668
53.29844,4,2647.874401
54.216439,4,2648.023857
-11.44656,4,2648.116588
54.216439,4,2648.158142
54.216439,4,2648.317938
-13.740902,3,2648.360507
51.523209,3,2648.536687
53.29844,4,2648.598531
54.216439,4,2648.656135
54.216439,4,2648.807656
-14.403902,3,2648.848728
51.523209,3,2649.135931
54.216439,4,2649.189698
54.216439,4,2649.343935
51.523209,3,2649.597972
54.216439,4,2649.659081
54.216439,4,2649.861159
53.29844,4,2650.015766
-10.783561,4,2650.098395
54.216439,4,2650.170128
51.523209,3,2650.252508
-10.783561,4,2650.340218
-10.783561,4,2650.429433
54.216439,4,2650.577541
54.216439,4,2650.71678
51.523209,3,2651.06439
54.216439,4,2651.242399
-11.199004,4,2651.320191
54.216439,4,2651.465756
51.523209,3,2651.747191
-13.552251,3,2651.79378
-10.783561,4,2651.882085
54.216439,4,2651.94269
54.216439,4,2652.080878
54.216439,4,2652.196156
54.216439,4,2652.348158
-10.783561,4,2652.430032
54.216439,4,2652.578349
-13.476791,3,2652.725226
-11.803561,4,2652.923194
-14.368251,3,2653.03513
54.216439,4,2653.229538
-10.783561,4,2653.424489
-10.783561,4,2653.500488
-13.476791,3,2653.74822
-10.783561,4,2654.034128
-10.783561,4,2654.235521
-10.783561,4,2654.55574
54.216439,4,2654.611333
-13.476791,3,2654.754241
54.216439,4,2654.918126
-13.476791,3,2655.000311
54.216439,4,2655.06202
-13.476791,3,2655.201628
54.216439,4,2655.347496
54.216439,4,2655.504341
54.216439,4,2655.654258
54.216439,4,2655.815116
54.216439,4,2655.98164
51.523209,3,2656.149308
-13.476791,3,2656.295157
51.523209,3,2656.554122
51.523209,3,2656.627742
54.216439,4,2656.88397
54.216439,4,2657.038732
51.523209,3,2657.322698
-13.476791,3,2657.465599
54.216439,4,2657.535222
51.523209,3,2657.646368
-10.783561,4,2657.849188
-13.476791,3,2657.922319
54.216439,4,2657.989629
51.523209,3,2658.277021
51.523209,3,2658.550485
-13.476791,3,2658.696454
54.008717,4,2658.855283
54.216439,4,2659.011153
-13.476791,3,2659.058712
-15.108791,3,2659.136195
-13.476791,3,2659.257499
54.216439,4,2659.410064
-13.476791,3,2659.587391
51.523209,3,2659.692412
-11.599561,4,2659.887446
-13.476791,3,2659.925512
51.523209,3,2660.022194
54.216439,4,2660.181093
-13.476791,3,2660.336382
-10.783561,4,2660.603309
51.523209,3,2660.879035
51.523209,3,2661.002359
51.523209,3,2661.080646
54.216439,4,2661.308605
54.216439,4,2661.470439
-13.476791,3,2661.616541
51.523209,3,2661.796051
-10.783561,4,2661.878462
54.216439,4,2662.032906
54.216439,4,2662.100033
-13.476791,3,2662.186839
54.216439,4,2662.388571
54.216439,4,2662.452973
-10.783561,4,2662.653943
54.216439,4,2662.731587
-13.703172,3,2662.771661
-10.783561,4,2662.856031
54.216439,4,2662.994312
51.523209,3,2663.28877
-10.991283,4,2663.52004
53.196439,4,2663.758792
54.216439,4,2663.879108
51.523209,3,2663.98594
54.216439,4,2664.09906
-10.783561,4,2664.186186
51.523209,3,2664.28204
54.216439,4,2664.436545
51.447749,3,2664.674978
-13.476791,3,2664.817054
-13.476791,3,2664.904186
54.216439,4,2665.068973
-13.476791,3,2665.211197
-10.783561,4,2665.413887
54.216439,4,2665.450064
-10.783561,4,2665.503766
54.216439,4,2665.564862
54.216439,4,2665.717123
54.216439,4,2665.894883
-13.476791,3,2665.943447
54.216439,4,2666.004368
54.216439,4,2666.146089
-11.803561,4,2666.458534
51.523209,3,2666.735211
-13.476791,3,2666.816841
54.216439,4,2667.047937
53.196439,4,2667.203187
54.216439,4,2667.361704
-13.627712,3,2667.493485
-10.783561,4,2667.691797
-10.783561,4,2667.777074
54.216439,4,2667.92073
-13.703172,3,2667.957852
54.216439,4,2668.026459
-13.627712,3,2668.09971
50.605209,3,2668.36728
51.523209,3,2668.619942
54.216439,4,2668.713639
-10.783561,4,2669.00342
54.216439,4,2669.078359
-13.703172,3,2669.119082
-10.783561,4,2669.314877
-10.783561,4,2669.426063
54.216439,4,2669.582436
-13.552251,3,2669.649066
-10.783561,4,2669.948152
-13.552251,3,2670.016844
54.216439,4,2670.058537
54.216439,4,2670.206816
-10.783561,4,2670.289407
54.216439,4,2670.351065
54.216439,4,2670.492276
54.216439,4,2670.563138
-11.510587,4,2670.604236
54.216439,4,2670.757632
-10.783561,4,2670.957323
54.216439,4,2671.015922
50.503209,3,2671.202192
54.216439,4,2671.363532
-10.783561,4,2671.558982
53.400439,4,2671.70723
-10.783561,4,2671.798579
54.216439,4,2671.855174
54.216439,4,2671.99942
54.216439,4,2672.04097
51.523209,3,2672.149024
-13.476791,3,2672.291759
54.216439,4,2672.531889
54.216439,4,2672.61852
-13.476791,3,2672.679601
51.523209,3,2672.849875
-13.476791,3,2672.938501
54.216439,4,2672.997101
54.216439,4,2673.141815
54.216439,4,2673.295783
54.216439,4,2673.458328
54.216439,4,2673.706695
-13.476791,3,2673.762873
54.216439,4,2673.839834
53.55344,4,2673.880781
54.216439,4,2673.921882
-10.783561,4,2674.118813
54.216439,4,2674.179704
54.216439,4,2674.361774
51.523209,3,2674.523958
54.216439,4,2674.703172
54.216439,4,2674.860327
51.523209,3,2675.040162
-13.476791,3,2675.187442
54.216439,4,2675.305461
54.216439,4,2675.370254
54.216439,4,2675.516365
-11.44656,4,2675.813436
54.216439,4,2675.971457
54.216439,4,2676.084953
51.523209,3,2676.248034
54.216439,4,2676.394011
-10.783561,4,2676.458583
51.523209,3,2676.699094
54.216439,4,2676.863903
-13.476791,3,2676.925011
-10.783561,4,2677.013634
-10.783561,4,2677.211752
-13.476791,3,2677.252815
54.216439,4,2677.314061
-10.783561,4,2677.452771
-13.476791,3,2677.514376
-13.476791,3,2677.571952
-13.476791,3,2677.631056
51.523209,3,2677.891846
54.216439,4,2678.065709
-13.703172,3,2678.109042
-13.476791,3,2678.160603
-11.599561,4,2678.44147
51.523209,3,2678.596023
51.523209,3,2678.871117
-10.783561,4,2678.954004
54.216439,4,2679.106484
-10.783561,4,2679.301398
51.523209,3,2679.579551
54.216439,4,2679.742915
51.523209,3,2680.016789
54.216439,4,2680.078382
-11.510587,4,2680.244054
51.523209,3,2680.420583
54.216439,4,2680.565013
54.216439,4,2680.636122
54.216439,4,2680.786118
54.216439,4,2680.883806
54.216439,4,2681.03575
54.216439,4,2681.184066
51.523209,3,2681.375126
54.216439,4,2681.599954
54.216439,4,2681.656087
54.216439,4,2681.832792
54.216439,4,2682.061953
54.216439,4,2682.217527
54.216439,4,2682.279667
-13.476791,3,2682.429934
54.216439,4,2682.6186
-10.783561,4,2682.707818
54.216439,4,2682.862244
51.523209,3,2683.040581
53.400439,4,2683.098638
-10.783561,4,2683.19248
54.216439,4,2683.247604
54.216439,4,2683.351644
-14.853791,3,2683.494681
-11.510587,4,2683.54278
53.196439,4,2683.628356
-14.341712,3,2683.685936
54.216439,4,2683.760565
54.216439,4,2683.876726
-10.783561,4,2683.958996
-13.476791,3,2684.103269
54.216439,4,2684.2929
51.523209,3,2684.496302
-10.783561,4,2684.697152
-11.199004,4,2684.759814
54.216439,4,2684.800445
-10.783561,4,2684.8886
54.216439,4,2685.033065
-11.510587,4,2685.199189
54.216439,4,2685.344872
54.216439,4,2685.397955
-11.199004,4,2685.594854
54.216439,4,2685.650943
54.216439,4,2685.795774
54.216439,4,2685.853051
54.216439,4,2686.084901
54.216439,4,2686.147118
54.216439,4,2686.365565
-10.783561,4,2686.452404
-13.703172,3,2686.49497
-13.476791,3,2686.551249
-10.783561,4,2686.747771
-10.783561,4,2686.796873
51.523209,3,2687.067788
54.216439,4,2687.214713
53.502439,4,2687.32562
-10.783561,4,2687.520415
54.216439,4,2687.68815
-11.599561,4,2687.772771
54.216439,4,2687.853435
-10.783561,4,2688.044598
54.216439,4,2688.19119
54.216439,4,2688.260313
54.216439,4,2688.319993
54.216439,4,2688.428389
54.216439,4,2688.467185
-10.783561,4,2688.765024
54.216439,4,2688.8191
-10.783561,4,2689.098594
-10.783561,4,2689.390052
54.216439,4,2689.556498
-10.783561,4,2689.752476
54.216439,4,2689.89343
54.216439,4,2690.055865
-10.783561,4,2690.151423
54.216439,4,2690.302725
-11.70156,4,2690.409174
-10.783561,4,2690.609704
54.216439,4,2690.788077
-10.783561,4,2691.087942
51.523209,3,2691.242595
-11.199004,4,2691.4757
-13.740902,3,2691.513888
54.216439,4,2691.62288
53.400439,4,2691.810057
-10.783561,4,2692.006824
54.216439,4,2692.087049
54.216439,4,2692.159559
54.216439,4,2692.275617
-10.783561,4,2692.472709
54.216439,4,2692.532388
54.216439,4,2692.712708
54.216439,4,2692.863425
54.216439,4,2693.005828
54.216439,4,2693.103428
-10.783561,4,2693.297794
-11.510587,4,2693.336914
-10.783561,4,2693.650411
54.216439,4,2693.799195
54.216439,4,2693.855773
-11.599561,4,2694.050818
54.216439,4,2694.283724
54.216439,4,2694.491126
54.216439,4,2694.549236
54.216439,4,2694.60482
54.216439,4,2694.754832
54.216439,4,2694.812985
54.216439,4,2694.880119
54.216439,4,2695.023363
-13.627712,3,2695.081432
54.216439,4,2695.22298
-10.783561,4,2695.417793
54.216439,4,2695.495146
54.216439,4,2695.597298
-10.783561,4,2695.79544
54.216439,4,2695.871
-10.783561,4,2695.958636
54.216439,4,2696.029285
54.216439,4,2696.208533
54.216439,4,2696.367407
54.216439,4,2696.530662
54.216439,4,2696.705443
54.216439,4,2696.766525
-13.476791,3,2696.853156
54.216439,4,2697.020942
51.523209,3,2697.282613
54.216439,4,2697.446782
-13.476791,3,2697.48784
54.216439,4,2697.630293
-13.476791,3,2697.79223
54.216439,4,2697.959239
53.55344,4,2698.10801
54.216439,4,2698.258424
54.216439,4,2698.412081
54.216439,4,2698.576052
54.216439,4,2698.631666
54.216439,4,2698.751696
53.55344,4,2698.899565
51.523209,3,2698.987867
-13.703172,3,2699.023735
-13.476791,3,2699.200907
54.216439,4,2699.276552
54.216439,4,2699.346377
54.216439,4,2699.494647
-13.476791,3,2699.533714
54.216439,4,2699.650894
-13.740902,3,2699.688957
-10.783561,4,2699.772578
-10.783561,4,2699.855195
-13.476791,3,2700.044641
-13.476791,3,2700.210621
54.216439,4,2700.442907
54.216439,4,2700.554455
54.216439,4,2700.623172
-13.476791,3,2700.674591
-13.552251,3,2700.899158
53.55344,4,2700.963107
-13.476791,3,2701.110972
51.523209,3,2701.205645
54.216439,4,2701.26578
-13.476791,3,2701.40916
-13.476791,3,2701.496374
-13.476791,3,2701.638492
54.216439,4,2701.873338
54.216439,4,2701.981505
51.523209,3,2702.227919
-13.476791,3,2702.268472
54.216439,4,2702.499634
-10.783561,4,2702.81282
-10.783561,4,2703.005928
54.216439,4,2703.11186
53.29844,4,2703.261602
54.216439,4,2703.330237
-10.783561,4,2703.411999
54.216439,4,2703.566166
-13.476791,3,2703.725074
-12.069726,4,2703.783143
-10.783561,4,2703.882107
54.216439,4,2703.977914
54.216439,4,2704.033418
54.216439,4,2704.189311
51.523209,3,2704.514757
54.216439,4,2704.688524
-10.783561,4,2704.782238
54.216439,4,2704.954517
-13.476791,3,2705.059598
51.523209,3,2705.170114
-13.476791,3,2705.324524
-10.783561,4,2705.413175
54.216439,4,2705.570978
54.216439,4,2705.681637
-13.476791,3,2705.772876
-13.476791,3,2705.943252
-13.476791,3,2706.031397
54.216439,4,2706.099009
-11.406726,4,2706.158496
54.216439,4,2706.268756
51.523209,3,2706.357852
-13.476791,3,2706.637984
-10.783561,4,2706.954661
54.216439,4,2707.05437
54.216439,4,2707.28998
54.216439,4,2707.440595
-13.476791,3,2707.528093
54.216439,4,2707.587615
-10.783561,4,2707.895042
-10.783561,4,2707.984683
54.216439,4,2708.136627
-13.476791,3,2708.345962
51.523209,3,2708.620028
-13.476791,3,2708.696299
-13.627712,3,2708.774432
54.216439,4,2708.929237
54.216439,4,2708.992211
-10.783561,4,2709.196321
-13.476791,3,2709.261928
-14.292791,3,2709.421842
54.216439,4,2709.507006
54.216439,4,2709.746526
54.216439,4,2709.989632
54.216439,4,2710.10692
-10.991283,4,2710.340604
-10.783561,4,2710.558208
54.216439,4,2710.711633
54.216439,4,2710.939811
-13.552251,3,2711.002276
-10.783561,4,2711.084598
-10.783561,4,2711.389899
51.523209,3,2711.647347
-10.783561,4,2711.764378
-13.476791,3,2711.913165
-10.783561,4,2712.109355
54.216439,4,2712.220559
54.216439,4,2712.357409
-10.783561,4,2712.581451
-13.476791,3,2712.644794
54.216439,4,2712.710298
54.216439,4,2712.795934
-10.783561,4,2712.882711
54.216439,4,2712.941419
-10.783561,4,2713.179759
-11.44656,4,2713.37502
53.400439,4,2713.615387
54.216439,4,2713.75536
54.216439,4,2713.905487
-10.783561,4,2713.99739
54.008717,4,2714.297642
-10.783561,4,2714.521429
54.216439,4,2714.682733
54.216439,4,2714.745338
-10.783561,4,2714.837288
54.216439,4,2715.128535
-10.991283,4,2715.196032
54.216439,4,2715.267199
54.216439,4,2715.440589
53.29844,4,2715.582431
54.216439,4,2715.642766
54.216439,4,2715.702165
-12.069726,4,2715.752747
54.216439,4,2715.798822
54.216439,4,2715.858418
54.216439,4,2716.015548
54.216439,4,2716.124275
54.216439,4,2716.185121
-10.783561,4,2716.269649
-11.44656,4,2716.356242
54.216439,4,2716.412818
-7.032386,5,2716.467639
-10.783561,4,2716.568312
54.216439,4,2716.715845
54.216439,4,2716.868603
54.216439,4,2716.93572
54.216439,4,2717.095614
-10.783561,4,2717.309213
-10.783561,4,2717.395978
53.196439,4,2717.491881
54.216439,4,2717.720196
-10.783561,4,2717.96829
54.216439,4,2718.039583
54.216439,4,2718.080467
54.216439,4,2718.195119
-13.476791,3,2718.239672
-10.783561,4,2718.557423
51.523209,3,2718.814286
-13.476791,3,2718.962095
-13.703172,3,2719.000208
54.216439,4,2719.163174
51.523209,3,2719.448355
-10.783561,4,2719.710707
51.523209,3,2719.954556
54.216439,4,2720.024141
54.216439,4,2720.095295
54.216439,4,2720.195595
54.216439,4,2720.255112
54.216439,4,2720.314707
54.216439,4,2720.471184
-13.476791,3,2720.532767
-13.703172,3,2720.575093
-13.476791,3,2720.635681
-10.783561,4,2720.718317
-13.476791,3,2720.816675
-13.476791,3,2720.869262
51.523209,3,2721.138185
-10.783561,4,2721.225794
54.216439,4,2721.473512
54.216439,4,2721.625745
-13.476791,3,2721.669311
54.216439,4,2721.734397
-13.476791,3,2721.908603
54.216439,4,2722.054285
51.523209,3,2722.308294
-13.476791,3,2722.388725
54.216439,4,2722.544206
54.216439,4,2722.657319
54.216439,4,2722.729995
-14.190791,3,2722.875801
-13.476791,3,2722.917426
51.523209,3,2723.006089
-13.476791,3,2723.149416
51.523209,3,2723.429535
-10.783561,4,2723.608692
-13.476791,3,2723.692854
-13.476791,3,2723.836318
-10.783561,4,2723.919251
54.216439,4,2723.974585
-10.783561,4,2724.064277
-10.783561,4,2724.262631
-13.627712,3,2724.32073
54.216439,4,2724.488489
53.29844,4,2724.559314
-10.991283,4,2724.786741
-13.476791,3,2724.839527
54.216439,4,2724.944219
54.216439,4,2725.094239
-13.476791,3,2725.266125
-13.476791,3,2725.410834
-13.476791,3,2725.490945
54.216439,4,2725.631311
51.523209,3,2725.856185
-13.476791,3,2726.042136
-10.783561,4,2726.247195
54.216439,4,2726.408481
-13.476791,3,2726.554705
54.216439,4,2726.59476
-10.783561,4,2726.679047
51.523209,3,2726.956331
53.400439,4,2727.016527
-13.476791,3,2727.064084
-13.476791,3,2727.101646
-13.476791,3,2727.139856
50.809209,3,2727.362441
54.216439,4,2727.502331
50.809209,3,2727.659388
51.523209,3,2727.918814
51.523209,3,2728.160425
-13.476791,3,2728.300379
54.216439,4,2728.441073
54.216439,4,2728.59798
54.216439,4,2728.67213
-10.783561,4,2728.762978
54.216439,4,2728.914198
54.216439,4,2728.972946
54.216439,4,2729.207851
-10.783561,4,2729.295502
-13.627712,3,2729.341868
54.216439,4,2729.405159
-10.783561,4,2729.499286
-10.783561,4,2729.695613
-11.803561,4,2729.77945
54.216439,4,2729.865612
54.216439,4,2730.093326
54.216439,4,2730.259826
-14.394791,3,2730.447642
54.216439,4,2730.618429
-11.406726,4,2730.790582
-13.476791,3,2730.896864
-10.783561,4,2730.985033
54.216439,4,2731.137304
54.216439,4,2731.281816
54.216439,4,2731.340902
-13.476791,3,2731.605239
54.216439,4,2731.755066
54.216439,4,2731.833155
54.216439,4,2732.016715
54.216439,4,2732.271744
54.216439,4,2732.414587
54.216439,4,2732.562349
54.216439,4,2732.706147
-10.783561,4,2732.791507
54.216439,4,2732.868145
-11.406726,4,2732.915713
54.216439,4,2733.057808
-13.740902,3,2733.095378
-11.44656,4,2733.381545
-10.783561,4,2733.497334
53.196439,4,2733.649379
-14.658902,3,2733.695672
54.216439,4,2733.780956
54.216439,4,2733.917483
54.216439,4,2733.985753
-10.783561,4,2734.074893
51.523209,3,2734.342754
54.216439,4,2734.495946
-13.476791,3,2734.580817
54.216439,4,2734.834191
54.216439,4,2734.894506
54.216439,4,2734.937566
54.216439,4,2735.007507
54.216439,4,2735.074651
-13.476791,3,2735.168299
51.523209,3,2735.3288
54.216439,4,2735.474933
-13.552251,3,2735.529529
-13.476791,3,2735.617792
-10.783561,4,2735.718976
-10.783561,4,2735.804117
54.216439,4,2735.860204
54.216439,4,2736.019971
54.216439,4,2736.087553
-10.783561,4,2736.181616
53.502439,4,2736.300922
54.216439,4,2736.451452
51.523209,3,2736.612653
-10.783561,4,2736.81278
54.216439,4,2736.8829
54.216439,4,2736.944714
54.216439,4,2737.103986
54.216439,4,2737.336094
51.523209,3,2737.607519
54.216439,4,2737.683808
-10.783561,4,2737.982146
-10.783561,4,2738.181954
54.216439,4,2738.372307
54.216439,4,2738.515487
-13.476791,3,2738.662922
54.216439,4,2738.733022
-10.783561,4,2739.042225
54.216439,4,2739.164924
54.216439,4,2739.223988
-10.783561,4,2739.314187
54.216439,4,2739.38196
51.523209,3,2739.554663
51.523209,3,2739.837836
53.29844,4,2740.084785
51.523209,3,2740.354244
-10.783561,4,2740.64731
54.216439,4,2740.807202
53.55344,4,2740.955444
54.216439,4,2741.020242
54.216439,4,2741.169497
-13.476791,3,2741.311876
-10.783561,4,2741.406325
-10.783561,4,2741.497956
-10.783561,4,2741.58808
54.216439,4,2741.641651
-13.476791,3,2741.688726
54.216439,4,2741.763867
-10.783561,4,2741.962502
54.216439,4,2742.029085
-10.783561,4,2742.115823
54.216439,4,2742.167424
53.55344,4,2742.359314
54.216439,4,2742.51397
54.216439,4,2742.585086
-13.476791,3,2742.637657
-10.783561,4,2742.724787
-10.783561,4,2742.80863
54.216439,4,2742.970696
-10.783561,4,2743.057917
54.216439,4,2743.125183
54.216439,4,2743.238544
-10.783561,4,2743.322348
-13.476791,3,2743.464029
54.216439,4,2743.525316
-10.783561,4,2743.610949
54.216439,4,2743.696904
-11.803561,4,2743.984839
54.216439,4,2744.129971
53.400439,4,2744.314301
-10.783561,4,2744.380398
54.216439,4,2744.456049
-10.783561,4,2744.539179
54.216439,4,2744.596246
-10.783561,4,2744.676558
-13.476791,3,2744.730668
54.216439,4,2744.850318
54.216439,4,2744.970304
-10.783561,4,2745.181346
54.216439,4,2745.244333
54.216439,4,2745.299929
51.523209,3,2745.478853
54.216439,4,2745.542994
-10.783561,4,2745.628839
54.216439,4,2745.69781
51.523209,3,2745.976886
-10.783561,4,2746.254695
-10.783561,4,2746.452501
54.216439,4,2746.628812
54.216439,4,2746.688406
54.216439,4,2746.85114
-10.783561,4,2746.980041
54.216439,4,2747.137799
-14.394791,3,2747.401206
51.523209,3,2747.694373
54.216439,4,2747.856677
54.216439,4,2747.91479
54.216439,4,2748.042969
-10.783561,4,2748.211266
54.216439,4,2748.357266
54.216439,4,2748.491486
54.216439,4,2748.719612
-10.783561,4,2748.909142
54.216439,4,2749.052924
53.400439,4,2749.126042
-10.783561,4,2749.212952
54.216439,4,2749.375562
54.216439,4,2749.604477
54.216439,4,2749.756174
-10.991283,4,2749.922913
54.216439,4,2749.976626
-10.783561,4,2750.18595
54.216439,4,2750.337768
54.216439,4,2750.522998
54.216439,4,2750.587015
54.216439,4,2750.745177
54.216439,4,2750.799949
-10.783561,4,2750.994999
-11.510587,4,2751.043057
54.216439,4,2751.082231
54.216439,4,2751.240291
54.216439,4,2751.314142
54.216439,4,2751.472043
54.216439,4,2751.532694
53.400439,4,2751.673056
-10.783561,4,2751.874069
54.216439,4,2752.026382
54.216439,4,2752.134041
54.216439,4,2752.276996
-10.783561,4,2752.480401
54.216439,4,2752.632549
54.216439,4,2752.725184
-13.476791,3,2753.02548
-11.406726,4,2753.088569
54.216439,4,2753.154722
-10.783561,4,2753.241355
54.216439,4,2753.41726
54.216439,4,2753.51996
54.216439,4,2753.665187
-10.783561,4,2753.870076
-10.783561,4,2754.155583
54.216439,4,2754.216756
-13.476791,3,2754.270826
-10.783561,4,2754.354763
-10.783561,4,2754.555574
-10.783561,4,2754.641223
54.216439,4,2754.740013
54.216439,4,2754.882828
54.216439,4,2754.934928
-10.783561,4,2755.017605
54.008717,4,2755.240923
54.216439,4,2755.291995
-10.783561,4,2755.381155
-13.476791,3,2755.431723
54.216439,4,2755.566699
54.216439,4,2755.712289
54.008717,4,2755.855606
54.216439,4,2755.917698
-11.70156,4,2756.12199
-10.783561,4,2756.317527
54.216439,4,2756.424201
-11.599561,4,2756.514332
54.216439,4,2756.659702
54.216439,4,2756.855022
54.216439,4,2756.966203
54.216439,4,2757.056887
54.216439,4,2757.115472
-10.783561,4,2757.200094
54.216439,4,2757.426137
54.216439,4,2757.61371
54.216439,4,2757.648896
54.216439,4,2757.721545
54.216439,4,2757.782164
54.216439,4,2757.843828
-10.783561,4,2757.911155
-10.783561,4,2757.994809
-10.783561,4,2758.302848
-7.032386,5,2758.651307
54.216439,4,2758.711909
-13.476791,3,2758.86222
51.523209,3,2759.020504
-10.991283,4,2759.210742
54.216439,4,2759.294986
54.216439,4,2759.442253
54.216439,4,2759.675289
54.216439,4,2759.865248
53.196439,4,2760.015148
54.216439,4,2760.186276
-10.783561,4,2760.267915
54.216439,4,2760.331178
-13.476791,3,2760.476415
54.216439,4,2760.708126
-10.783561,4,2760.795384
54.216439,4,2760.927625
54.216439,4,2761.077221
54.216439,4,2761.195789
54.216439,4,2761.266646
54.216439,4,2761.323743
54.216439,4,2761.462025
54.216439,4,2761.617914
54.216439,4,2761.680247
54.216439,4,2761.875238
54.216439,4,2761.971653
-10.783561,4,2762.055464
54.216439,4,2762.128081
-10.783561,4,2762.418905
-10.783561,4,2762.562394
-10.783561,4,2762.824405
53.400439,4,2762.979715
54.216439,4,2763.113765
-13.476791,3,2763.26438
51.523209,3,2763.5307
-10.783561,4,2763.623452
54.216439,4,2763.77865
54.216439,4,2763.905431
54.216439,4,2764.051834
-13.476791,3,2764.20596
-10.783561,4,2764.292114
54.216439,4,2764.43835
-10.783561,4,2764.647939
-11.599561,4,2764.72858
-13.476791,3,2764.781737
-13.476791,3,2764.821798
-13.476791,3,2764.874871
-14.190791,3,2765.077026
-10.783561,4,2765.271526
-13.476791,3,2765.356992
-14.292791,3,2765.444098
-13.476791,3,2765.485696
54.216439,4,2765.5423
-14.572251,3,2765.617922
54.216439,4,2765.724944
-10.783561,4,2765.904065
54.216439,4,2766.053529
54.216439,4,2766.167854
-13.476791,3,2766.36089
-13.476791,3,2766.535686
-13.476791,3,2766.579749
-13.476791,3,2766.734532
51.523209,3,2767.007965
-13.476791,3,2767.061691
54.216439,4,2767.12141
-11.406726,4,2767.181541
-13.476791,3,2767.353505
-10.783561,4,2767.441369
-13.476791,3,2767.617624
-10.783561,4,2767.703742
-13.476791,3,2767.754399
-13.476791,3,2767.926356
-13.476791,3,2767.987454
-13.476791,3,2768.029526
54.216439,4,2768.093602
-13.476791,3,2768.132739
53.55344,4,2768.19937
51.523209,3,2768.475419
-13.476791,3,2768.530989
-10.783561,4,2768.612337
54.216439,4,2768.684159
54.216439,4,2768.796349
54.216439,4,2768.942082
-10.783561,4,2769.241878
51.523209,3,2769.408222
-11.406726,4,2769.474844
54.216439,4,2769.560474
-11.199004,4,2769.615578
-10.783561,4,2769.923628
54.216439,4,2770.075392
-10.783561,4,2770.161132
-13.476791,3,2770.354351
-10.783561,4,2770.662404
-10.783561,4,2770.743692
-14.139791,3,2770.806287
-10.783561,4,2771.011034
54.216439,4,2771.160069
54.216439,4,2771.303783
54.216439,4,2771.542364
-13.476791,3,2771.683385
54.216439,4,2771.849456
-13.476791,3,2771.906583
54.216439,4,2772.008345
51.523209,3,2772.202127
54.216439,4,2772.262679
54.216439,4,2772.39008
-10.783561,4,2772.588972
-10.783561,4,2772.668094
53.400439,4,2772.819755
-10.783561,4,2773.218753
53.400439,4,2773.365222
51.523209,3,2773.540936
54.216439,4,2773.658459
-10.783561,4,2773.746732
54.216439,4,2773.85847
-13.703172,3,2773.894031
-13.476791,3,2774.06199
-13.476791,3,2774.223881
54.216439,4,2774.429255
54.216439,4,2774.486152
54.216439,4,2774.64096
-10.783561,4,2774.866827
54.216439,4,2775.035803
54.216439,4,2775.18256
54.216439,4,2775.293384
-10.783561,4,2775.37991
54.216439,4,2775.52529
54.216439,4,2775.668568
-13.476791,3,2775.722172
-10.783561,4,2775.801789
51.523209,3,2775.992342
54.216439,4,2776.151528
54.216439,4,2776.211152
-13.476791,3,2776.363434
-10.783561,4,2776.461365
-13.476791,3,2776.636634
-11.70156,4,2776.72897
-12.173587,4,2776.773569
54.216439,4,2776.886345
-13.552251,3,2777.173947
54.216439,4,2777.279219
54.216439,4,2777.393531
-13.476791,3,2777.581404
54.216439,4,2777.671667
-10.783561,4,2777.75839
-10.783561,4,2778.141566
-10.783561,4,2778.249192
54.216439,4,2778.425706
54.216439,4,2778.466291
54.216439,4,2778.58854
-13.476791,3,2778.853657
54.216439,4,2779.014558
53.55344,4,2779.072634
-13.476791,3,2779.320653
54.216439,4,2779.513952
54.216439,4,2779.74907
-10.783561,4,2779.842212
54.216439,4,2779.988954
54.008717,4,2780.224756
51.523209,3,2780.34444
54.216439,4,2780.402045
54.216439,4,2780.453675
51.523209,3,2780.548527
54.216439,4,2780.612099
51.523209,3,2780.778058
51.523209,3,2781.037981
54.216439,4,2781.102111
-13.476791,3,2781.159966
51.523209,3,2781.446214
51.523209,3,2781.725719
51.523209,3,2781.984533
54.216439,4,2782.064596
54.216439,4,2782.100131
-10.783561,4,2782.185525
51.523209,3,2782.488984
51.523209,3,2782.575196
-10.783561,4,2782.657199
-10.783561,4,2782.941802
-10.783561,4,2783.026461
-10.783561,4,2783.113606
-13.476791,3,2783.170673
54.216439,4,2783.403603
-10.783561,4,2783.601632
-11.406726,4,2783.647303
54.216439,4,2783.712398
51.523209,3,2783.984949
-10.783561,4,2784.273139
51.523209,3,2784.375249
-10.783561,4,2784.441123
53.29844,4,2784.505877
-13.476791,3,2784.547575
51.523209,3,2784.677
51.523209,3,2784.801479
51.523209,3,2784.88114
-10.991283,4,2784.956139
53.55344,4,2785.120685
54.216439,4,2785.210905
-13.476791,3,2785.260542
54.216439,4,2785.374243
-10.783561,4,2785.58762
-13.476791,3,2785.785601
54.216439,4,2785.892549
-13.476791,3,2785.934267
51.523209,3,2786.204377
-11.406726,4,2786.284228
54.216439,4,2786.448802
-13.476791,3,2786.501389
54.216439,4,2786.651067
54.216439,4,2786.814922
54.216439,4,2786.924773
-11.406726,4,2786.980858
-10.783561,4,2787.181176
51.523209,3,2787.249809
54.216439,4,2787.483279
51.523209,3,2787.56543
54.216439,4,2787.712064
54.216439,4,2787.865942
-10.783561,4,2787.950303
-10.783561,4,2788.252505
51.523209,3,2788.53436
54.216439,4,2788.604149
-11.510587,4,2788.646226
50.605209,3,2788.927624
54.216439,4,2788.986685
54.216439,4,2789.049316
-10.783561,4,2789.13724
54.216439,4,2789.203395
54.216439,4,2789.29776
54.216439,4,2789.376993
51.523209,3,2789.469153
51.523209,3,2789.78323
54.216439,4,2789.843442
-10.783561,4,2790.154415
51.523209,3,2790.282171
54.216439,4,2790.386317
54.216439,4,2790.617609
54.216439,4,2790.765356
-13.627712,3,2790.803066
54.216439,4,2790.971048
54.216439,4,2791.134133
-14.394791,3,2791.275875
54.216439,4,2791.341592
-13.476791,3,2791.501406
-13.476791,3,2791.563055
53.502439,4,2791.7408
-10.783561,4,2791.826661
54.216439,4,2791.908797
-10.783561,4,2792.319236
54.216439,4,2792.537982
-11.199004,4,2792.6616
57.967614,5,2792.715812
54.216439,4,2792.935279
54.216439,4,2793.019627
53.55344,4,2793.223539
51.523209,3,2793.35128
51.523209,3,2793.62574
54.216439,4,2793.864255
-13.552251,3,2793.924632
54.216439,4,2793.997911
54.216439,4,2794.15638
-10.783561,4,2794.338839
51.523209,3,2794.606719
54.216439,4,2794.751763
54.216439,4,2794.900742
54.216439,4,2795.090956
54.216439,4,2795.245598
-13.476791,3,2795.397311
-13.476791,3,2795.455297
-10.783561,4,2795.545735
54.216439,4,2795.635415
54.216439,4,2795.748522
53.502439,4,2795.925443
-10.783561,4,2796.011765
-10.783561,4,2796.110256
-13.476791,3,2796.191914
54.216439,4,2796.347764
54.216439,4,2796.478723
54.216439,4,2796.64554
54.216439,4,2796.814749
54.216439,4,2796.874631
54.216439,4,2797.069451
-10.783561,4,2797.377076
54.216439,4,2797.579363
54.216439,4,2797.716952
54.216439,4,2797.869152
53.196439,4,2797.981495
53.400439,4,2798.107796
54.216439,4,2798.253094
54.216439,4,2798.363271
-10.783561,4,2798.548366
54.216439,4,2798.606164
-13.476791,3,2798.6796
-13.627712,3,2798.73239
-10.783561,4,2798.815233
-10.783561,4,2798.902128
-13.552251,3,2798.970738
51.523209,3,2799.210971
-10.783561,4,2799.503075
-13.476791,3,2799.658691
-10.783561,4,2799.946503
-13.740902,3,2799.994087
54.216439,4,2800.183562
54.216439,4,2800.238827
54.216439,4,2800.385687
54.216439,4,2800.512908
54.216439,4,2800.627045
-10.783561,4,2800.820699
54.216439,4,2800.977816
51.523209,3,2801.252902
51.523209,3,2801.520732
50.809209,3,2801.804653
53.55344,4,2801.948558
-10.783561,4,2802.03607
-13.476791,3,2802.073649
54.216439,4,2802.14455
54.216439,4,2802.305053
-13.476791,3,2802.448186
54.216439,4,2802.605295
-13.476791,3,2802.657419
54.216439,4,2802.824394
-10.783561,4,2802.9058
51.523209,3,2803.03965
-13.476791,3,2803.185066
54.216439,4,2803.342889
54.216439,4,2803.409301
54.216439,4,2803.556534
-13.476791,3,2803.593038
50.860209,3,2803.661456
54.216439,4,2803.703178
54.216439,4,2803.934779
-13.740902,3,2803.972172
-13.552251,3,2804.036474
-14.139791,3,2804.088935
-13.476791,3,2804.150963
54.216439,4,2804.38225
54.216439,4,2804.443594
54.216439,4,2804.561084
54.216439,4,2804.727092
54.216439,4,2804.834779
-10.783561,4,2805.111531
54.216439,4,2805.172164
54.216439,4,2805.242269
51.523209,3,2805.505703
-13.476791,3,2805.58834
-13.476791,3,2805.62837
51.523209,3,2805.74964
54.216439,4,2805.810785
-10.783561,4,2805.89149
54.216439,4,2805.957503
54.216439,4,2806.029403
-13.476791,3,2806.194664
54.216439,4,2806.298849
54.216439,4,2806.454203
-13.476791,3,2806.59447
-13.476791,3,2806.73569
-13.476791,3,2806.773738
51.523209,3,2807.044106
54.216439,4,2807.279631
-13.476791,3,2807.333215
-13.476791,3,2807.373818
54.216439,4,2807.607414
-10.783561,4,2807.800287
54.216439,4,2807.86142
54.216439,4,2808.014286
-10.783561,4,2808.083178
54.216439,4,2808.143305
54.216439,4,2808.213745
54.216439,4,2808.277508
54.216439,4,2808.348313
-11.510587,4,2808.384372
54.216439,4,2808.535471
-10.783561,4,2808.847267
54.216439,4,2808.997138
54.216439,4,2809.145368
-13.476791,3,2809.230253
54.216439,4,2809.30335
-10.783561,4,2809.576831
-13.703172,3,2809.613536
54.216439,4,2809.768165
54.216439,4,2809.919438
57.967614,5,2810.071676
-10.783561,4,2810.266101
54.216439,4,2810.327827
54.216439,4,2810.456227
54.216439,4,2810.564183
-10.783561,4,2810.646553
-11.497561,4,2810.847483
-13.552251,3,2810.90771
54.216439,4,2811.142072
54.216439,4,2811.198166
-10.783561,4,2811.284924
-10.783561,4,2811.479837
53.400439,4,2811.541084
54.216439,4,2811.600811
54.216439,4,2811.751483
54.216439,4,2811.885195
54.216439,4,2811.945311
54.216439,4,2812.089776
54.216439,4,2812.252505
-10.783561,4,2812.339168
51.523209,3,2812.585726
51.523209,3,2812.738474
54.216439,4,2812.833156
54.216439,4,2812.98122
54.216439,4,2813.051352
54.216439,4,2813.209414
-10.783561,4,2813.292979
51.523209,3,2813.390119
54.216439,4,2813.497299
54.216439,4,2813.644239
51.523209,3,2813.929759
54.216439,4,2814.087528
-14.366172,3,2814.128083
54.216439,4,2814.213208
-10.783561,4,2814.4118
-13.476791,3,2814.463097
53.196439,4,2814.521681
54.216439,4,2814.641416
-11.510587,4,2814.679965
-10.783561,4,2814.774288
-13.476791,3,2814.813348
-13.476791,3,2814.875948
-13.476791,3,2815.0254
-13.476791,3,2815.113276
-10.991283,4,2815.244359
-13.476791,3,2815.291437
-13.476791,3,2815.476693
-10.783561,4,2815.559283
-10.783561,4,2815.643226
-13.476791,3,2815.816915
-13.476791,3,2815.958744
54.216439,4,2816.101411
54.216439,4,2816.158606
-13.476791,3,2816.198666
-10.783561,4,2816.395134
-13.476791,3,2816.454727
-13.476791,3,2816.537832
54.216439,4,2816.77071
-13.476791,3,2816.811221
51.523209,3,2817.061677
51.523209,3,2817.331332
-13.476791,3,2817.629173
-13.476791,3,2817.834309
54.216439,4,2818.010174
-13.476791,3,2818.182879
-11.44656,4,2818.271745
-13.476791,3,2818.32584
54.216439,4,2818.485826
-13.476791,3,2818.661329
54.216439,4,2818.762667
-13.476791,3,2818.914722
53.400439,4,2819.05892
-13.476791,3,2819.116007
-13.476791,3,2819.25783
-13.476791,3,2819.339046
54.216439,4,2819.394763
54.216439,4,2819.547793
-13.476791,3,2819.63294
-14.190791,3,2819.69403
-10.783561,4,2819.777121
-10.783561,4,2819.98135
51.523209,3,2820.12943
-13.476791,3,2820.215062
-11.199004,4,2820.317015
54.216439,4,2820.425209
-13.476791,3,2820.639982
-13.476791,3,2820.689552
-13.476791,3,2820.869833
54.216439,4,2820.98125
-13.476791,3,2821.020346
-13.476791,3,2821.07295
-10.783561,4,2821.274383
53.29844,4,2821.327579
-10.783561,4,2821.418136
-13.476791,3,2821.464715
-10.783561,4,2821.551159
-13.552251,3,2821.618889
-13.476791,3,2821.739416
54.216439,4,2821.966377
54.216439,4,2822.015949
-13.552251,3,2822.101199
51.523209,3,2822.365639
-13.476791,3,2822.457299
54.216439,4,2822.509315
54.216439,4,2822.669559
-10.783561,4,2822.761166
-10.783561,4,2822.844892
53.55344,4,2822.964712
-13.476791,3,2823.135194
-11.406726,4,2823.190331
54.216439,4,2823.264481
-11.803561,4,2823.348098
-10.783561,4,2823.655116
-13.476791,3,2823.706578
-13.476791,3,2823.888933
54.216439,4,2823.94832
-13.476791,3,2824.11295
54.216439,4,2824.377964
54.216439,4,2824.439536
-14.394791,3,2824.597152
-11.803561,4,2824.69139
53.196439,4,2824.840921
54.216439,4,2824.908374
54.216439,4,2825.102995
54.216439,4,2825.347608
-13.476791,3,2825.525288
-13.476791,3,2825.581564
54.216439,4,2825.651289
-10.783561,4,2825.751466
53.502439,4,2825.86537
54.216439,4,2825.977514
54.216439,4,2826.119879
51.523209,3,2826.392628
54.216439,4,2826.627409
-10.783561,4,2826.718536
-10.783561,4,2826.801239
54.216439,4,2826.922922
-13.476791,3,2827.07928
54.216439,4,2827.318529
54.216439,4,2827.513869
53.55344,4,2827.661911
-13.740902,3,2827.697958
-13.476791,3,2827.780411
-10.783561,4,2827.866304
-10.783561,4,2828.066015
54.216439,4,2828.175106
54.216439,4,2828.25325
-13.476791,3,2828.307981
-13.476791,3,2828.567834
54.216439,4,2828.798353
51.523209,3,2828.895489
54.216439,4,2829.040754
-13.476791,3,2829.183206
51.523209,3,2829.352484
54.216439,4,2829.466173
-10.783561,4,2829.66012
54.216439,4,2829.780076
-10.783561,4,2829.916637
54.216439,4,2829.981745
54.216439,4,2830.133665
54.216439,4,2830.273256
54.216439,4,2830.385426
53.55344,4,2830.521458
54.216439,4,2830.684107
-13.476791,3,2830.778801
-10.783561,4,2831.050077
54.216439,4,2831.110667
-13.703172,3,2831.158245
-13.476791,3,2831.332875
54.216439,4,2831.445599
-13.476791,3,2831.501652
-10.783561,4,2831.583336
-11.199004,4,2831.81993
54.216439,4,2831.963693
54.216439,4,2832.030051
54.216439,4,2832.260069
54.216439,4,2832.364977
54.216439,4,2832.474684
-13.476791,3,2832.552751
54.216439,4,2832.624354
54.216439,4,2832.725899
-10.783561,4,2832.924179
-13.476791,3,2832.977409
-10.783561,4,2833.075584
54.216439,4,2833.224759
-13.627712,3,2833.263054
54.216439,4,2833.418472
54.216439,4,2833.525613
54.216439,4,2833.65707
-13.476791,3,2833.711143
54.216439,4,2833.947136
-10.783561,4,2834.041276
54.216439,4,2834.165739
-10.783561,4,2834.387476
-10.783561,4,2834.474117
54.216439,4,2834.617955
54.216439,4,2834.67811
54.216439,4,2834.820653
-13.476791,3,2834.89778
54.216439,4,2835.002434
54.216439,4,2835.140743
-13.476791,3,2835.192834
54.216439,4,2835.400127
54.216439,4,2835.54594
-11.406726,4,2835.601505
54.216439,4,2835.751794
54.216439,4,2835.894735
54.216439,4,2836.047442
-13.627712,3,2836.221781
54.216439,4,2836.307985
54.216439,4,2836.475979
54.216439,4,2836.637804
-10.783561,4,2836.84475
-13.476791,3,2836.896336
54.216439,4,2836.953924
53.196439,4,2837.108757
54.216439,4,2837.199928
54.216439,4,2837.274044
54.216439,4,2837.470594
54.216439,4,2837.582829
54.216439,4,2837.643947
-13.552251,3,2837.749533
54.216439,4,2837.867239
-10.783561,4,2837.95241
54.216439,4,2838.013515
57.967614,5,2838.086373
54.216439,4,2838.14796
57.967614,5,2838.196482
54.216439,4,2838.339896
54.216439,4,2838.489893
54.216439,4,2838.66407
54.216439,4,2838.734731
54.216439,4,2838.897994
54.216439,4,2839.054629
57.967614,5,2839.1838
54.216439,4,2839.357663
-10.991283,4,2839.428838
54.216439,4,2839.489445
54.216439,4,2839.681135
54.216439,4,2839.769297
-13.476791,3,2839.823372
-13.476791,3,2840.109607
-10.783561,4,2840.410709
54.216439,4,2840.47691
54.216439,4,2840.694613
54.216439,4,2840.840647
51.447749,3,2841.079055
57.967614,5,2841.149746
54.216439,4,2841.223496
54.216439,4,2841.291119
54.216439,4,2841.389836
54.216439,4,2841.523074
54.216439,4,2841.634735
-10.783561,4,2841.742692
54.216439,4,2841.827309
54.216439,4,2841.94466
54.216439,4,2842.097779
54.216439,4,2842.248549
-13.740902,3,2842.286224
54.216439,4,2842.448982
54.216439,4,2842.507609
53.400439,4,2842.659533
54.216439,4,2842.83129
54.216439,4,2843.010813
-13.740902,3,2843.050358
-10.783561,4,2843.134045
54.216439,4,2843.286144
54.216439,4,2843.345253
54.216439,4,2843.492432
54.216439,4,2843.555073
54.216439,4,2843.668839
54.216439,4,2843.720568
54.216439,4,2843.825726
53.400439,4,2843.97701
-10.783561,4,2844.08173
-11.497561,4,2844.166424
-10.783561,4,2844.364588
-11.803561,4,2844.667837
-11.199004,4,2844.728776
54.216439,4,2844.872693
-14.572251,3,2844.928793
-10.783561,4,2845.126701
-10.783561,4,2845.334162
54.216439,4,2845.395777
54.216439,4,2845.5471
51.523209,3,2845.714511
-10.783561,4,2845.761087
54.216439,4,2845.803664
-13.476791,3,2845.865749
54.216439,4,2845.934362
-10.783561,4,2846.139742
51.523209,3,2846.392662
-14.139791,3,2846.436963
54.216439,4,2846.495566
53.29844,4,2846.558121
54.216439,4,2846.624702
-10.783561,4,2846.709361
51.523209,3,2847.04756
-10.783561,4,2847.129869
54.216439,4,2847.30529
54.216439,4,2847.38995
-11.510587,4,2847.428506
-11.599561,4,2847.625544
54.216439,4,2847.698962
53.502439,4,2847.845333
-13.476791,3,2847.890391
54.216439,4,2848.036187
54.216439,4,2848.17865
-13.476791,3,2848.23925
54.216439,4,2848.299121
51.523209,3,2848.572572
-10.783561,4,2848.65854
54.216439,4,2848.825001
54.216439,4,2849.004825
51.523209,3,2849.105289
-10.783561,4,2849.19096
53.55344,4,2849.265577
53.196439,4,2849.327222
54.216439,4,2849.482333
54.216439,4,2849.548472
54.216439,4,2849.659892
54.216439,4,2849.721508
-13.476791,3,2849.9064
-13.476791,3,2849.964519
54.216439,4,2850.079189
54.216439,4,2850.306372
-13.476791,3,2850.347954
-13.476791,3,2850.398803
-13.476791,3,2850.543702
54.216439,4,2850.619622
-13.476791,3,2850.656216
-13.476791,3,2850.92731
-13.627712,3,2850.998377
-10.783561,4,2851.08612
-10.783561,4,2851.173755
54.216439,4,2851.430901
-13.476791,3,2851.566694
-13.476791,3,2851.853429
-10.783561,4,2852.079873
54.216439,4,2852.23303
-13.476791,3,2852.401093
51.523209,3,2852.48889
51.523209,3,2852.666112
-13.476791,3,2852.76576
54.216439,4,2852.829509
-13.476791,3,2852.913207
54.216439,4,2852.972366
-10.783561,4,2853.060477
54.216439,4,2853.30992
51.523209,3,2853.405638
54.216439,4,2853.471254
-13.476791,3,2853.527065
54.216439,4,2853.676394
51.523209,3,2853.973625
-13.476791,3,2854.013676
54.216439,4,2854.082314
54.216439,4,2854.24209
-13.476791,3,2854.330648
-10.783561,4,2854.533553
51.523209,3,2854.817667
51.523209,3,2855.094475
54.216439,4,2855.157217
-10.783561,4,2855.478877
54.216439,4,2855.624493
54.216439,4,2855.773208
54.216439,4,2855.897758
-13.476791,3,2855.952881
-10.783561,4,2856.153658
54.216439,4,2856.308114
54.216439,4,2856.540537
-13.740902,3,2856.586648
54.216439,4,2856.649254
-10.783561,4,2856.953674
-13.476791,3,2857.23069
51.523209,3,2857.50101
-10.783561,4,2857.779363
-13.476791,3,2857.855526
54.216439,4,2857.92364
54.216439,4,2858.077288
51.523209,3,2858.182976
54.216439,4,2858.24321
-11.510587,4,2858.283796
50.503209,3,2858.53378
-11.406726,4,2858.596098
-13.476791,3,2858.6431
-10.783561,4,2858.842149
-10.783561,4,2858.937047
-13.476791,3,2859.082889
54.216439,4,2859.23008
54.216439,4,2859.461325
-10.783561,4,2859.66819
54.216439,4,2859.735616
54.216439,4,2859.890468
54.216439,4,2859.952297
54.216439,4,2860.102806
54.216439,4,2860.337358
-10.783561,4,2860.617786
54.216439,4,2860.658387
-10.783561,4,2860.740551
54.216439,4,2860.900955
54.216439,4,2861.046901
-13.476791,3,2861.135448
54.216439,4,2861.198495
51.523209,3,2861.470317
-13.627712,3,2861.65322
51.523209,3,2861.850243
54.216439,4,2862.047551
51.523209,3,2862.135227
54.216439,4,2862.282442
51.523209,3,2862.367518
54.216439,4,2862.515347
53.196439,4,2862.582946
-13.476791,3,2862.644789
51.523209,3,2862.907205
-10.783561,4,2862.98757
54.216439,4,2863.052171
52.686439,4,2863.109288
-13.476791,3,2863.261256
54.216439,4,2863.312355
-11.510587,4,2863.470292
54.216439,4,2863.663557
51.523209,3,2863.947865
54.216439,4,2864.103276
-10.783561,4,2864.192842
-10.783561,4,2864.280992
54.216439,4,2864.441979
54.216439,4,2864.503314
54.216439,4,2864.706367
54.216439,4,2864.899089
51.523209,3,2865.074538
54.216439,4,2865.136133
54.216439,4,2865.193725
54.216439,4,2865.337361
57.967614,5,2865.374488
54.216439,4,2865.519117
-10.783561,4,2865.610379
54.216439,4,2865.65316
54.216439,4,2865.815486
54.216439,4,2865.874799
-10.783561,4,2866.201071
-10.783561,4,2866.49996
54.216439,4,2866.63637
54.216439,4,2866.740441
54.216439,4,2866.851093
54.216439,4,2866.976033
54.216439,4,2867.120996
53.196439,4,2867.278987
54.216439,4,2867.439153
54.216439,4,2867.528665
54.216439,4,2867.588989
-13.476791,3,2867.676637
54.216439,4,2867.784887
53.55344,4,2867.896001
54.216439,4,2867.951092
54.216439,4,2868.014884
54.216439,4,2868.16463
-10.783561,4,2868.434182
54.216439,4,2868.52739
-13.476791,3,2868.582747
-10.783561,4,2868.672119
57.967614,5,2868.793084
-11.406726,4,2868.843679
57.967614,5,2868.883723
54.216439,4,2869.015271
54.216439,4,2869.208675
54.216439,4,2869.31311
-13.740902,3,2869.353873
53.29844,4,2869.548837
-13.552251,3,2869.689923
-10.783561,4,2869.772224
57.967614,5,2869.849544
54.216439,4,2870.033921
54.216439,4,2870.17441
54.216439,4,2870.322741
54.216439,4,2870.458035
54.216439,4,2870.528183
53.55344,4,2870.697843
54.216439,4,2870.843344
54.216439,4,2871.000738
-10.783561,4,2871.197057
54.216439,4,2871.256624
-10.783561,4,2871.454381
54.216439,4,2871.598603
53.400439,4,2871.750773
-10.783561,4,2871.968894
54.216439,4,2872.028553
-10.783561,4,2872.121909
-10.783561,4,2872.420637
-10.783561,4,2872.506763
54.216439,4,2872.685068
54.216439,4,2872.838995
53.502439,4,2872.896103
54.216439,4,2872.997351
-10.783561,4,2873.195822
54.216439,4,2873.247918
54.216439,4,2873.426523
-10.783561,4,2873.522171
-10.783561,4,2873.627839
54.216439,4,2873.736488
-13.703172,3,2873.778576
-10.783561,4,2873.866233
-10.783561,4,2874.179845
54.216439,4,2874.24323
54.216439,4,2874.418558
-10.783561,4,2874.505536
54.216439,4,2874.568836
54.216439,4,2874.694737
53.502439,4,2874.758204
54.216439,4,2874.85043
-10.783561,4,2874.935066
53.196439,4,2874.988634
54.216439,4,2875.139383
54.216439,4,2875.233247
54.216439,4,2875.346149
54.216439,4,2875.540159
-12.015004,4,2875.615245
54.216439,4,2875.654302
54.216439,4,2875.790667
54.216439,4,2875.933226
54.216439,4,2876.016435
-10.783561,4,2876.220269
54.216439,4,2876.363577
54.216439,4,2876.447378
54.216439,4,2876.507782
54.216439,4,2876.592062
54.216439,4,2876.649165
54.216439,4,2876.722265
53.400439,4,2876.871972
54.216439,4,2877.014117
54.216439,4,2877.075159
54.216439,4,2877.220765
54.216439,4,2877.28084
54.216439,4,2877.523063
54.216439,4,2877.657347
54.216439,4,2877.719436
54.216439,4,2877.772966
51.523209,3,2877.85217
-10.783561,4,2878.05403
54.216439,4,2878.215699
51.523209,3,2878.394711
54.216439,4,2878.641822
-10.783561,4,2878.838492
-13.476791,3,2879.023499
-14.139791,3,2879.078072
-13.476791,3,2879.142658
-13.476791,3,2879.208052
-13.476791,3,2879.264866
54.216439,4,2879.421113
54.216439,4,2879.655147
54.216439,4,2879.803011
54.216439,4,2879.873641
51.523209,3,2879.970271
-13.476791,3,2880.010356
-10.783561,4,2880.217443
53.502439,4,2880.370028
-13.476791,3,2880.454306
54.216439,4,2880.618142
54.216439,4,2880.654696
54.216439,4,2880.716942
-10.783561,4,2880.911824
-10.783561,4,2880.995646
54.216439,4,2881.155416
-10.783561,4,2881.248846
51.523209,3,2881.514644
-13.552251,3,2881.630316
-10.783561,4,2881.710975
51.523209,3,2881.973035
51.523209,3,2882.243622
51.523209,3,2882.520927
-13.703172,3,2882.560655
-10.783561,4,2882.735012
51.523209,3,2882.996659
-13.476791,3,2883.038165
54.216439,4,2883.154342
-13.476791,3,2883.212946
54.216439,4,2883.360075
54.216439,4,2883.469761
-13.476791,3,2883.521883
54.216439,4,2883.597582
54.216439,4,2883.781921
54.216439,4,2883.840644
51.523209,3,2883.939256
54.216439,4,2884.057982
-13.476791,3,2884.10899
54.216439,4,2884.218847
-10.783561,4,2884.305481
-10.783561,4,2884.389029
-11.406726,4,2884.463214
-10.783561,4,2884.559902
-13.476791,3,2884.840114
-13.552251,3,2884.908918
54.216439,4,2885.054904
54.216439,4,2885.203965
54.216439,4,2885.260079
54.216439,4,2885.407228
-13.476791,3,2885.446309
54.216439,4,2885.594591
54.216439,4,2885.748941
54.216439,4,2885.913174
-7.032386,5,2886.182632
54.216439,4,2886.370101
54.216439,4,2886.440285
-11.199004,4,2886.506906
-11.803561,4,2886.692462
54.216439,4,2886.837831
57.967614,5,2886.89615
-10.783561,4,2887.193613
-10.783561,4,2887.287542
54.216439,4,2887.399458
54.216439,4,2887.598873
57.967614,5,2887.822478
54.216439,4,2887.969351
54.216439,4,2888.11909
-10.783561,4,2888.317696
-14.519172,3,2888.358757
54.216439,4,2888.461068
53.196439,4,2888.521168
-10.783561,4,2888.701721
54.216439,4,2888.768314
54.216439,4,2888.829714
54.216439,4,2888.884305
54.216439,4,2888.93993
54.216439,4,2889.095708
-10.783561,4,2889.289294
54.216439,4,2889.366939
54.216439,4,2889.427733
54.216439,4,2889.574679
54.216439,4,2889.716802
-10.783561,4,2889.798938
-13.703172,3,2889.850071
54.216439,4,2890.003334
54.216439,4,2890.065428
54.216439,4,2890.260285
57.967614,5,2890.328259
54.216439,4,2890.475105
54.216439,4,2890.544936
54.216439,4,2890.634568
-10.783561,4,2890.895287
54.216439,4,2890.961694
-10.783561,4,2891.044899
54.216439,4,2891.106506
54.216439,4,2891.210613
54.216439,4,2891.270367
57.967614,5,2891.326065
54.216439,4,2891.471567
54.216439,4,2891.534224
51.523209,3,2891.635888
53.400439,4,2891.774607
-10.783561,4,2891.867914
54.216439,4,2892.020073
-10.783561,4,2892.114776
54.216439,4,2892.270008
57.967614,5,2892.34471
-10.783561,4,2892.542767
54.216439,4,2892.693454
54.216439,4,2892.836284
-10.783561,4,2893.107408
-13.476791,3,2893.157973
54.216439,4,2893.303837
54.216439,4,2893.416204
54.216439,4,2893.483119
51.523209,3,2893.683943
-11.44656,4,2893.883183
54.216439,4,2894.036944
51.523209,3,2894.125027
-11.199004,4,2894.222595
54.216439,4,2894.264179
-10.783561,4,2894.348145
54.216439,4,2894.420268
-11.406726,4,2894.470853
-11.199004,4,2894.612958
-11.599561,4,2894.70156
54.216439,4,2894.896575
-10.783561,4,2894.984692
54.216439,4,2895.102019
54.216439,4,2895.17498
53.196439,4,2895.403616
51.523209,3,2895.514051
54.216439,4,2895.574639
51.523209,3,2895.657017
53.55344,4,2895.765584
-11.497561,4,2895.848695
-10.783561,4,2896.129672
53.400439,4,2896.239838
-10.783561,4,2896.416
-7.032386,5,2896.71072
-13.476791,3,2896.761781
54.216439,4,2896.950904
-13.740902,3,2896.988999
54.216439,4,2897.055634
54.216439,4,2897.158782
-10.783561,4,2897.377208
54.216439,4,2897.538585
-10.783561,4,2897.74536
54.216439,4,2897.89669
54.216439,4,2898.088172
-13.740902,3,2898.12874
54.216439,4,2898.232402
54.216439,4,2898.289804
54.216439,4,2898.438699
54.216439,4,2898.593173
54.216439,4,2898.743885
54.216439,4,2898.886791
54.216439,4,2899.06017
54.216439,4,2899.137304
-11.44656,4,2899.216906
54.216439,4,2899.346738
51.523209,3,2899.525809
-10.783561,4,2899.823981
-13.476791,3,2899.967215
-13.476791,3,2900.025813
54.216439,4,2900.0849
54.216439,4,2900.229624
-13.476791,3,2900.283824
-10.783561,4,2900.568846
54.216439,4,2900.795851
50.860209,3,2900.97424
-10.783561,4,2901.167254
54.216439,4,2901.350579
54.216439,4,2901.456822
57.967614,5,2901.53408
54.216439,4,2901.642802
-10.783561,4,2901.942805
-13.476791,3,2902.019935
54.216439,4,2902.092051
54.216439,4,2902.153155
54.216439,4,2902.213228
54.216439,4,2902.365718
-13.476791,3,2902.512452
54.216439,4,2902.742294
54.216439,4,2902.888021
-11.44656,4,2902.973142
-13.476791,3,2903.027521
54.216439,4,2903.217845
54.216439,4,2903.364348
54.216439,4,2903.521948
54.216439,4,2903.576504
54.216439,4,2903.637779
-13.476791,3,2903.715281
-14.139791,3,2903.753899
54.216439,4,2903.902673
-10.783561,4,2903.989882
54.216439,4,2904.048477
54.216439,4,2904.195584
-10.991283,4,2904.277715
54.216439,4,2904.389975
-13.476791,3,2904.495121
54.216439,4,2904.64466
-13.476791,3,2904.699254
-10.783561,4,2904.782799
54.216439,4,2904.859875
54.216439,4,2905.007503
-13.476791,3,2905.065103
54.216439,4,2905.243827
54.216439,4,2905.438647
-10.783561,4,2905.536338
-10.783561,4,2905.758014
54.216439,4,2905.873172
-13.476791,3,2905.926754
53.29844,4,2906.029943
-13.627712,3,2906.073528
57.967614,5,2906.146627
-10.783561,4,2906.232284
51.523209,3,2906.335299
51.523209,3,2906.506505
54.216439,4,2906.661405
-13.476791,3,2906.716559
54.216439,4,2906.838864
54.216439,4,2907.147781
-13.476791,3,2907.356193
-13.476791,3,2907.4599
54.216439,4,2907.570766
54.008717,4,2907.669612
-10.783561,4,2907.763269
54.216439,4,2907.868484
51.523209,3,2908.090071
-13.476791,3,2908.231714
-10.783561,4,2908.313985
-13.476791,3,2908.460242
-13.476791,3,2908.645145
-13.476791,3,2908.694731
54.216439,4,2908.756832
-13.476791,3,2908.817923
-10.783561,4,2908.903247
54.216439,4,2909.091611
54.216439,4,2909.253371
-13.627712,3,2909.320223
54.216439,4,2909.431585
-13.476791,3,2909.468151
-10.783561,4,2909.670696
54.216439,4,2909.736302
-10.783561,4,2910.037857
54.216439,4,2910.264971
54.216439,4,2910.499421
54.216439,4,2910.729942
54.216439,4,2910.885625
54.216439,4,2911.089417
54.216439,4,2911.163054
54.216439,4,2911.325532
53.502439,4,2911.486265
57.967614,5,2911.555416
54.216439,4,2911.616992
-10.783561,4,2911.70333
-13.476791,3,2911.844562
-10.783561,4,2912.122642
-13.476791,3,2912.168727
-13.476791,3,2912.220735
-13.476791,3,2912.364073
-13.476791,3,2912.453248
54.216439,4,2912.514817
-13.476791,3,2912.5534
54.216439,4,2912.698228
54.216439,4,2912.853992
54.216439,4,2912.910079
57.967614,5,2912.981695
-10.783561,4,2913.177192
-13.476791,3,2913.216605
53.55344,4,2913.361701
-13.476791,3,2913.414462
51.523209,3,2913.734462
53.196439,4,2913.795762
54.216439,4,2913.91336
-10.783561,4,2914.203587
54.216439,4,2914.264667
-13.476791,3,2914.31402
51.523209,3,2914.452511
54.216439,4,2914.577199
54.216439,4,2914.640311
-10.783561,4,2914.838152
-13.476791,3,2915.036353
54.216439,4,2915.181558
51.523209,3,2915.294496
-11.199004,4,2915.387128
-13.476791,3,2915.470357
54.216439,4,2915.541974
53.502439,4,2915.734032
51.523209,3,2916.047251
-10.783561,4,2916.241601
54.216439,4,2916.357427
54.216439,4,2916.429529
-13.476791,3,2916.57236
54.216439,4,2916.64456
-13.552251,3,2916.705668
54.216439,4,2916.894409
53.502439,4,2917.04479
-13.476791,3,2917.184198
54.216439,4,2917.338535
54.216439,4,2917.448384
-13.476791,3,2917.662581
54.216439,4,2917.722454
54.216439,4,2917.848236
-13.476791,3,2917.969394
51.523209,3,2918.159371
54.216439,4,2918.26757
-13.476791,3,2918.501384
-13.476791,3,2918.642598
-11.497561,4,2918.836962
-13.476791,3,2918.94584
51.523209,3,2919.279052
-10.783561,4,2919.371643
-10.783561,4,2919.576545
54.216439,4,2919.648031
-14.394791,3,2919.684108
54.216439,4,2919.790243
-13.476791,3,2919.876489
54.216439,4,2920.021209
54.216439,4,2920.079942
53.196439,4,2920.327873
54.216439,4,2920.555385
54.216439,4,2920.651555
54.216439,4,2920.711174
-14.292791,3,2920.889565
54.216439,4,2921.035134
-14.190791,3,2921.224375
53.55344,4,2921.369771
54.216439,4,2921.471445
54.216439,4,2921.526037
-13.740902,3,2921.563631
54.216439,4,2921.705361
-13.476791,3,2921.744911
53.29844,4,2921.891535
51.523209,3,2922.00923
-13.476791,3,2922.096415
-13.476791,3,2922.239616
54.216439,4,2922.461519
53.196439,4,2922.576312
-13.476791,3,2922.726369
53.29844,4,2922.837565
-13.476791,3,2923.042392
54.216439,4,2923.181229
-10.783561,4,2923.385647
51.523209,3,2923.688788
-11.913004,4,2923.868055
54.216439,4,2923.972741
-10.783561,4,2924.062318
54.216439,4,2924.172677
54.216439,4,2924.231408
51.523209,3,2924.297036
-13.476791,3,2924.446462
51.523209,3,2924.619894
51.523209,3,2924.700927
54.216439,4,2924.856714
-13.476791,3,2924.996432
54.216439,4,2925.202625
54.216439,4,2925.404819
54.216439,4,2925.549474
57.304614,5,2925.622019
-11.497561,4,2925.703647
54.216439,4,2925.781328
-13.476791,3,2925.845092
54.216439,4,2925.902069
51.523209,3,2926.114546
53.400439,4,2926.262922
51.523209,3,2926.355064
54.216439,4,2926.508667
-13.476791,3,2926.591227
-13.476791,3,2926.795625
54.216439,4,2926.992216
-14.394791,3,2927.14272
-13.476791,3,2927.301175
53.502439,4,2927.470408
54.216439,4,2927.52524
51.523209,3,2927.631614
54.216439,4,2927.750383
54.216439,4,2927.918693
54.216439,4,2927.9868
-10.783561,4,2928.190433
-10.783561,4,2928.386878
-13.476791,3,2928.529613
54.216439,4,2928.597824
-7.032386,5,2928.904398
54.216439,4,2929.136485
-13.740902,3,2929.173493
57.967614,5,2929.24386
-14.139791,3,2929.405027
-10.783561,4,2929.693075
-13.476791,3,2929.732841
-14.394791,3,2929.785993
53.502439,4,2929.931221
53.400439,4,2930.124921
51.523209,3,2930.202872
54.216439,4,2930.279509
-13.627712,3,2930.33643
-13.476791,3,2930.387671
51.523209,3,2930.469116
-12.428587,4,2930.509304
54.216439,4,2930.657696
-13.740902,3,2930.698373
-10.783561,4,2930.895034
-13.476791,3,2931.082568
-14.621172,3,2931.12027
54.216439,4,2931.272077
54.216439,4,2931.470375
54.216439,4,2931.534761
-13.476791,3,2931.583415
-10.783561,4,2931.792947
54.216439,4,2932.035552
54.216439,4,2932.135713
54.216439,4,2932.209405
54.216439,4,2932.399912
54.216439,4,2932.579898
51.523209,3,2932.656546
54.216439,4,2932.727959
54.216439,4,2932.893083
-13.552251,3,2932.939631
54.216439,4,2933.085606
54.216439,4,2933.349016
54.216439,4,2933.407109
54.216439,4,2933.600998
54.216439,4,2933.757006
53.55344,4,2933.909557
54.216439,4,2934.073155
54.216439,4,2934.22888
54.216439,4,2934.37307
54.216439,4,2934.484429
53.196439,4,2934.5365
54.216439,4,2934.652866
-10.783561,4,2934.859639
54.216439,4,2935.00616
-7.032386,5,2935.311638
54.216439,4,2935.430929
54.216439,4,2935.504107
-10.783561,4,2935.553346
54.216439,4,2935.70158
54.216439,4,2935.853818
-13.476791,3,2935.997548
57.967614,5,2936.063481
54.216439,4,2936.121134
54.216439,4,2936.186892
54.216439,4,2936.228455
54.216439,4,2936.288698
54.216439,4,2936.441307
57.967614,5,2936.509629
-13.476791,3,2936.563758
-13.552251,3,2936.699829
54.216439,4,2936.934941
54.216439,4,2937.099813
54.216439,4,2937.255867
54.216439,4,2937.319238
54.216439,4,2937.476542
54.216439,4,2937.550575
54.216439,4,2937.697828
54.216439,4,2937.88658
-10.783561,4,2938.088978
54.216439,4,2938.159607
-10.783561,4,2938.359221
54.216439,4,2938.506133
54.216439,4,2938.748081
54.216439,4,2938.808126
54.216439,4,2938.949562
-10.783561,4,2939.147529
54.216439,4,2939.268278
54.216439,4,2939.369456
-10.783561,4,2939.461349
-10.783561,4,2939.546062
54.216439,4,2939.603281
-10.783561,4,2939.892285
-10.783561,4,2940.098293
-13.476791,3,2940.189426
54.216439,4,2940.429872
54.216439,4,2940.577356
54.216439,4,2940.765743
-10.783561,4,2941.051013
51.523209,3,2941.284446
-10.783561,4,2941.328759
54.216439,4,2941.482467
51.523209,3,2941.763005
53.55344,4,2941.881174
51.523209,3,2941.974834
54.216439,4,2942.177446
54.216439,4,2942.235838
54.216439,4,2942.301841
-13.476791,3,2942.356931
-13.627712,3,2942.39638
-10.783561,4,2942.650834
-13.476791,3,2942.695403
54.216439,4,2942.782006
51.523209,3,2943.065232
54.216439,4,2943.210283
51.523209,3,2943.47889
54.216439,4,2943.652555
54.216439,4,2943.715662
54.216439,4,2943.885374
54.216439,4,2943.947459
54.216439,4,2944.13791
50.860209,3,2944.315927
-13.476791,3,2944.369533
-10.783561,4,2944.670821
-10.783561,4,2944.890213
54.216439,4,2945.03405
54.216439,4,2945.126738
-10.783561,4,2945.427241
-13.476791,3,2945.570074
-10.783561,4,2945.863313
54.216439,4,2946.001204
54.216439,4,2946.155563
54.216439,4,2946.2184
51.523209,3,2946.494913
54.216439,4,2946.55353
-13.740902,3,2946.590087
-10.783561,4,2946.791419
-10.783561,4,2946.986819
54.216439,4,2947.058416
54.216439,4,2947.229263
-13.476791,3,2947.382672
54.216439,4,2947.520896
54.216439,4,2947.578458
-13.476791,3,2947.661088
51.523209,3,2947.848221
-11.199004,4,2947.897796
51.523209,3,2948.169413
54.216439,4,2948.301824
-13.476791,3,2948.445243
-14.454902,3,2948.483802
-10.783561,4,2948.572135
-10.783561,4,2948.943204
54.216439,4,2949.013319
-10.783561,4,2949.10166
-13.703172,3,2949.141214
51.523209,3,2949.271333
-10.783561,4,2949.359967
54.216439,4,2949.489346
-13.476791,3,2949.546206
50.809209,3,2949.882286
54.216439,4,2949.962899
54.216439,4,2950.016979
54.216439,4,2950.074078
54.216439,4,2950.150201
53.502439,4,2950.30397
54.216439,4,2950.45768
-10.783561,4,2950.541765
54.216439,4,2950.612992
54.216439,4,2950.768692
-10.783561,4,2950.857293
52.737439,4,2951.015878
54.216439,4,2951.076573
54.216439,4,2951.230866
51.523209,3,2951.497743
53.502439,4,2951.642149
51.523209,3,2951.709126
54.216439,4,2951.775221
54.216439,4,2951.929669
-13.552251,3,2952.051882
54.216439,4,2952.239781
53.55344,4,2952.3201
54.216439,4,2952.433294
-13.740902,3,2952.474864
-10.783561,4,2952.561899
-13.476791,3,2952.70313
54.216439,4,2952.782751
54.216439,4,2953.019845
54.216439,4,2953.119253
-10.783561,4,2953.414724
51.523209,3,2953.500921
54.216439,4,2953.700891
-10.783561,4,2953.895699
-13.476791,3,2954.036552
-14.470251,3,2954.095294
54.216439,4,2954.245463
54.216439,4,2954.306892
51.523209,3,2954.406594
54.216439,4,2954.558687
-10.991283,4,2954.702049
-13.476791,3,2954.767342
54.216439,4,2954.841368
-10.783561,4,2955.149791
51.523209,3,2955.361814
54.216439,4,2955.431411
-13.476791,3,2955.48253
-10.783561,4,2955.566758
-13.476791,3,2955.63087
54.216439,4,2955.797195
-10.783561,4,2956.113153
-13.740902,3,2956.150702
51.523209,3,2956.244963
54.216439,4,2956.417104
51.523209,3,2956.574183
54.216439,4,2956.744941
53.502439,4,2956.856609
-13.476791,3,2956.999341
54.216439,4,2957.194851
54.216439,4,2957.301078
54.216439,4,2957.463321
54.216439,4,2957.69589
54.216439,4,2957.751019
-11.510587,4,2957.792088
54.216439,4,2957.927401
54.216439,4,2957.985507
54.216439,4,2958.090942
54.216439,4,2958.208848
53.29844,4,2958.268925
54.216439,4,2958.457293
54.216439,4,2958.647665
54.216439,4,2958.806767
54.216439,4,2958.895877
-10.783561,4,2958.983522
-10.783561,4,2959.271261
54.216439,4,2959.352493
54.216439,4,2959.463639
-10.783561,4,2959.768511
51.523209,3,2959.866649
54.216439,4,2959.920734
54.216439,4,2960.114645
54.216439,4,2960.178247
-13.476791,3,2960.2634
54.216439,4,2960.385116
54.216439,4,2960.600873
54.216439,4,2960.717245
-11.497561,4,2960.822637
50.809209,3,2961.069237
-14.266251,3,2961.149866
-11.70156,4,2961.35127
54.216439,4,2961.462432
54.216439,4,2961.516091
-10.783561,4,2961.594881
51.523209,3,2961.887436
54.216439,4,2961.998097
53.29844,4,2962.064702
54.216439,4,2962.130805
54.216439,4,2962.276167
-13.703172,3,2962.313278
-10.783561,4,2962.396893
51.523209,3,2962.499094
-10.783561,4,2962.799919
-13.476791,3,2962.944068
51.523209,3,2963.047272
54.216439,4,2963.201865
51.523209,3,2963.536226
-13.476791,3,2963.613798
-10.783561,4,2963.810965
-13.476791,3,2963.861051
54.216439,4,2964.005858
-10.991283,4,2964.187758
-10.783561,4,2964.275509
-13.476791,3,2964.426407
-13.476791,3,2964.576849
-10.783561,4,2964.779112
54.216439,4,2964.838026
54.216439,4,2965.01076
54.216439,4,2965.236194
-13.476791,3,2965.377901
-11.807283,4,2965.452533
-13.476791,3,2965.628605
54.216439,4,2965.699211
-13.476791,3,2965.747759
-14.139791,3,2965.812277
54.216439,4,2965.866349
-10.991283,4,2966.04794
54.216439,4,2966.112067
53.502439,4,2966.172157
54.216439,4,2966.285473
-10.783561,4,2966.373111
51.523209,3,2966.467875
-13.476791,3,2966.528018
-13.476791,3,2966.56646
-10.783561,4,2966.770868
-10.783561,4,2966.866351
51.523209,3,2966.967266
54.216439,4,2967.086465
50.809209,3,2967.428586
-10.783561,4,2967.510722
54.216439,4,2967.582098
-13.476791,3,2967.638164
54.216439,4,2967.78305
54.216439,4,2967.98747
53.196439,4,2968.18194
-13.476791,3,2968.323323
54.216439,4,2968.48325
54.216439,4,2968.657043
54.216439,4,2968.762193
53.196439,4,2968.83728
-10.783561,4,2969.029932
54.216439,4,2969.171601
51.523209,3,2969.276424
-13.552251,3,2969.330498
54.216439,4,2969.509315
54.216439,4,2969.707294
57.967614,5,2969.77588
57.967614,5,2969.841597
-10.783561,4,2969.923219
-11.803561,4,2970.123057
50.707209,3,2970.211059
-13.476791,3,2970.263135
54.216439,4,2970.323858
53.29844,4,2970.382021
54.216439,4,2970.605909
54.216439,4,2970.650977
-7.032386,5,2970.931
51.523209,3,2971.020614
54.216439,4,2971.183693
53.55344,4,2971.328417
54.216439,4,2971.500692
-11.510587,4,2971.554646
54.216439,4,2971.757438
54.216439,4,2971.906294
54.216439,4,2972.081806
-7.032386,5,2972.349766
54.216439,4,2972.500499
54.216439,4,2972.564123
51.523209,3,2972.642734
54.216439,4,2972.719444
54.216439,4,2972.942482
54.216439,4,2973.078637
54.216439,4,2973.134119
54.216439,4,2973.291329
54.216439,4,2973.479072
54.216439,4,2973.548767
54.216439,4,2973.619721
53.196439,4,2973.817611
-13.476791,3,2973.87486
-10.783561,4,2974.301999
54.216439,4,2974.450752
54.216439,4,2974.630985
-13.476791,3,2974.899046
54.216439,4,2974.993678
-13.627712,3,2975.04927
54.216439,4,2975.276568
54.216439,4,2975.433111
51.523209,3,2975.534804
54.216439,4,2975.685997
-10.783561,4,2975.998182
51.523209,3,2976.169428
54.216439,4,2976.322794
53.196439,4,2976.470484
-10.783561,4,2976.673223
-13.476791,3,2976.718797
-10.783561,4,2977.02031
54.216439,4,2977.176081
-10.783561,4,2977.431977
54.216439,4,2977.546629
54.216439,4,2977.681553
-11.497561,4,2977.876386
-7.032386,5,2978.177197
53.502439,4,2978.312896
54.216439,4,2978.531157
-13.476791,3,2978.680517
54.216439,4,2978.831077
-10.783561,4,2979.027255
54.216439,4,2979.220341
-10.783561,4,2979.283408
54.216439,4,2979.347491
54.216439,4,2979.437743
54.216439,4,2979.547943
54.216439,4,2979.616598
54.216439,4,2979.668162
54.216439,4,2979.826095
51.523209,3,2979.951783
54.216439,4,2980.073701
-13.552251,3,2980.134936
54.216439,4,2980.282573
-13.627712,3,2980.327646
54.216439,4,2980.475859
51.523209,3,2980.568499
-11.406726,4,2980.623862
-10.783561,4,2980.81883
54.216439,4,2980.886902
54.216439,4,2981.061693
-10.783561,4,2981.324625
54.216439,4,2981.396221
54.216439,4,2981.455982
54.216439,4,2981.651714
54.216439,4,2981.820776
54.216439,4,2982.091781
54.216439,4,2982.253687
54.216439,4,2982.405448
54.216439,4,2982.566855
-11.510587,4,2982.611432
54.216439,4,2982.670528
54.216439,4,2982.812803
54.216439,4,2982.967995
54.216439,4,2983.106259
54.216439,4,2983.209064
54.216439,4,2983.287669
51.523209,3,2983.368856
-11.599561,4,2983.485523
54.216439,4,2983.632759
54.216439,4,2983.772268
-10.783561,4,2983.861373
54.216439,4,2983.930703
-10.783561,4,2984.012828
54.216439,4,2984.18887
54.216439,4,2984.266972
54.216439,4,2984.330572
51.523209,3,2984.527024
54.216439,4,2984.643379
51.523209,3,2984.915632
54.216439,4,2984.982665
-10.783561,4,2985.069592
-10.783561,4,2985.152422
53.55344,4,2985.233535
54.216439,4,2985.37739
54.216439,4,2985.493609
-10.783561,4,2985.577306
-13.476791,3,2985.719574
-13.476791,3,2985.768821
54.216439,4,2985.873127
54.216439,4,2986.027363
54.216439,4,2986.137564
-10.783561,4,2986.333561
54.216439,4,2986.495911
-13.476791,3,2986.533456
54.216439,4,2986.761672
-14.139791,3,2986.815814
-10.783561,4,2986.902122
54.216439,4,2986.975634
-13.476791,3,2987.013697
54.216439,4,2987.117982
54.216439,4,2987.184822
-10.783561,4,2987.249435
-13.476791,3,2987.401381
54.216439,4,2987.527388
54.216439,4,2987.638186
54.216439,4,2987.698319
54.216439,4,2987.89171
54.216439,4,2988.041181
54.216439,4,2988.155047
54.216439,4,2988.301138
54.216439,4,2988.402286
54.216439,4,2988.503976
54.216439,4,2988.64625
-13.476791,3,2988.773899
-10.783561,4,2988.872066
50.605209,3,2988.968691
51.523209,3,2989.171846
-10.783561,4,2989.26599
53.55344,4,2989.455974
54.216439,4,2989.519308
-13.476791,3,2989.658843
54.216439,4,2989.721017
-10.783561,4,2989.807538
54.216439,4,2989.86924
54.216439,4,2990.02055
54.216439,4,2990.084144
-10.783561,4,2990.287322
54.216439,4,2990.458076
54.216439,4,2990.600165
54.216439,4,2990.71606
-10.783561,4,2991.035683
-11.599561,4,2991.122119
-10.783561,4,2991.404218
54.216439,4,2991.517146
-13.476791,3,2991.659137
54.216439,4,2991.756538
54.216439,4,2991.912332
54.216439,4,2992.098648
54.216439,4,2992.327499
-13.476791,3,2992.516666
53.55344,4,2992.585252
54.216439,4,2992.814753
-13.476791,3,2992.86733
-13.476791,3,2993.020959
54.216439,4,2993.164168
54.216439,4,2993.224766
51.523209,3,2993.430119
54.216439,4,2993.531296
53.29844,4,2993.730366
-13.627712,3,2993.785425
50.605209,3,2993.977432
-11.599561,4,2994.290739
54.216439,4,2994.347826
54.216439,4,2994.404919
54.216439,4,2994.522405
54.216439,4,2994.669138
54.216439,4,2994.904086
-7.032386,5,2995.268109
-13.627712,3,2995.311188
-10.783561,4,2995.394948
-13.552251,3,2995.445521
51.523209,3,2995.780367
-10.783561,4,2995.881178
-10.783561,4,2996.07501
-10.783561,4,2996.153521
57.967614,5,2996.217305
-7.032386,5,2996.583507
54.216439,4,2996.722878
53.29844,4,2996.82701
-10.783561,4,2996.916665
-11.497561,4,2997.114115
-10.783561,4,2997.20028
54.216439,4,2997.340297
54.216439,4,2997.4832
54.216439,4,2997.651184
54.216439,4,2997.71254
-7.032386,5,2998.010683
51.523209,3,2998.227528
54.216439,4,2998.35005
-10.783561,4,2998.644285
54.216439,4,2998.842905
54.216439,4,2999.012221
-14.496791,3,2999.169166
57.967614,5,2999.24183
-10.783561,4,2999.34665
54.008717,4,2999.446394
54.216439,4,2999.60292
53.196439,4,2999.718098
54.216439,4,2999.879442
54.216439,4,2999.948515
51.523209,3,3000.020227
54.216439,4,3000.188198
54.216439,4,3000.257473
-13.476791,3,3000.401317
-11.199004,4,3000.462945
-10.783561,4,3000.716386
54.216439,4,3000.77657
54.216439,4,3000.84116
54.216439,4,3000.960337
-13.627712,3,3001.003574
53.196439,4,3001.158623
-10.783561,4,3001.444603
-10.783561,4,3001.55574
57.967614,5,3001.626895
-13.552251,3,3001.871958
54.216439,4,3002.024509
-13.476791,3,3002.084666
54.216439,4,3002.221472
54.216439,4,3002.365992
54.216439,4,3002.561444
-13.476791,3,3002.803737
54.216439,4,3002.991529
54.216439,4,3003.107313
-7.032386,5,3003.410053
54.216439,4,3003.567157
51.523209,3,3003.655348
-10.783561,4,3003.746394
54.216439,4,3003.899918
-7.032386,5,3004.277832
54.216439,4,3004.447822
57.967614,5,3004.523745
-11.406726,4,3004.574503
-10.991283,4,3004.650258
54.216439,4,3004.718695
54.216439,4,3004.781593
54.216439,4,3004.823831
54.216439,4,3004.886131
54.216439,4,3005.046688
-10.783561,4,3005.133088
-10.783561,4,3005.227176
54.216439,4,3005.397442
54.216439,4,3005.576235
-13.476791,3,3005.66395
51.523209,3,3006.014531
54.216439,4,3006.076301
54.216439,4,3006.230151
54.216439,4,3006.292227
54.216439,4,3006.457859
53.55344,4,3006.608573
54.216439,4,3006.71734
54.216439,4,3006.829525
-13.476791,3,3006.870077
57.967614,5,3006.951261
54.216439,4,3007.060442
57.967614,5,3007.134041
-10.783561,4,3007.442303
54.216439,4,3007.497908
57.304614,5,3007.568857
51.523209,3,3007.871863
54.216439,4,3007.976778
54.216439,4,3008.128428
54.216439,4,3008.281581
54.216439,4,3008.440341
54.216439,4,3008.601287
-10.783561,4,3008.913526
53.29844,4,3009.149998
-10.783561,4,3009.425068
54.216439,4,3009.566052
54.216439,4,3009.676047
54.216439,4,3009.871828
54.216439,4,3009.975046
-13.476791,3,3010.129624
53.196439,4,3010.242757
54.216439,4,3010.315992
54.216439,4,3010.458153
-10.783561,4,3010.664228
54.216439,4,3010.805825
-11.199004,4,3010.867297
51.523209,3,3010.935591
54.216439,4,3011.130042
54.216439,4,3011.27617
54.216439,4,3011.517676
57.967614,5,3011.75996
54.216439,4,3011.998038
53.55344,4,3012.072244
-10.783561,4,3012.267522
54.216439,4,3012.33774
54.216439,4,3012.407447
53.502439,4,3012.601734
54.216439,4,3012.658321
54.216439,4,3012.823891
57.967614,5,3012.891144
54.216439,4,3013.083996
-10.783561,4,3013.170628
53.29844,4,3013.227707
54.216439,4,3013.381916
54.216439,4,3013.486846
-13.476791,3,3013.530434
53.55344,4,3013.680165
54.216439,4,3013.789531
53.400439,4,3014.03316
54.216439,4,3014.0952
51.523209,3,3014.253123
54.216439,4,3014.506362
-13.552251,3,3014.558728
-13.627712,3,3014.6229
-10.783561,4,3014.833072
-10.783561,4,3015.029726
54.216439,4,3015.151076
-14.190791,3,3015.298914
51.523209,3,3015.394088
-13.476791,3,3015.484165
51.523209,3,3015.765862
54.216439,4,3015.835365
54.216439,4,3015.896341
-10.783561,4,3016.159772
-13.476791,3,3016.214657
-10.783561,4,3016.529038
-10.783561,4,3016.615679
54.216439,4,3016.747433
-10.783561,4,3016.831329
53.502439,4,3016.89266
-14.190791,3,3017.035139
-10.783561,4,3017.218266
54.216439,4,3017.282474
-13.476791,3,3017.34818
54.216439,4,3017.582015
51.523209,3,3017.75592
54.216439,4,3017.815112
-10.783561,4,3018.044879
54.216439,4,3018.102993
50.860209,3,3018.370195
54.216439,4,3018.429719
54.216439,4,3018.608822
51.523209,3,3018.87888
54.216439,4,3018.920614
-13.476791,3,3019.065962
54.216439,4,3019.178654
54.216439,4,3019.288108
-13.476791,3,3019.409847
53.55344,4,3019.55609
54.216439,4,3019.597197
51.523209,3,3019.87717
-13.476791,3,3020.062165
-14.394791,3,3020.207538
-14.496791,3,3020.459999
53.196439,4,3020.609843
-13.476791,3,3020.757613
-12.173587,4,3020.797672
54.216439,4,3020.881319
54.216439,4,3021.053747
51.523209,3,3021.146899
-13.476791,3,3021.194465
54.216439,4,3021.337926
54.216439,4,3021.400122
51.523209,3,3021.683489
-10.783561,4,3021.892596
51.523209,3,3021.988764
54.216439,4,3022.048077
54.216439,4,3022.194834
54.216439,4,3022.256987
54.216439,4,3022.429781
54.216439,4,3022.587006
54.216439,4,3022.72722
54.216439,4,3022.839429
-13.740902,3,3022.877649
51.523209,3,3023.135021
54.216439,4,3023.282131
-13.476791,3,3023.425667
-10.783561,4,3023.653708
54.216439,4,3023.802945
-10.783561,4,3023.892705
-10.783561,4,3023.97784
-10.783561,4,3024.177467
54.216439,4,3024.238106
54.216439,4,3024.355599
51.523209,3,3024.638261
54.216439,4,3024.703392
54.216439,4,3024.883195
-10.783561,4,3025.091689
-11.199004,4,3025.155279
54.216439,4,3025.312187
-13.476791,3,3025.36236
51.523209,3,3025.450281
54.216439,4,3025.533644
51.523209,3,3025.79098
54.216439,4,3025.892947
-10.783561,4,3025.977177
54.216439,4,3026.018228
-10.783561,4,3026.104204
54.216439,4,3026.154788
-10.783561,4,3026.424906
-14.139791,3,3026.564754
51.523209,3,3026.715507
54.216439,4,3026.85812
53.29844,4,3027.026434
54.216439,4,3027.176342
54.216439,4,3027.318716
54.216439,4,3027.438787
-10.783561,4,3027.531842
54.216439,4,3027.761529
-13.476791,3,3027.913271
54.216439,4,3027.967624
-13.703172,3,3028.010518
54.216439,4,3028.173694
51.523209,3,3028.254823
-11.510587,4,3028.294376
-10.783561,4,3028.402763
54.216439,4,3028.445933
-11.497561,4,3028.705661
-10.783561,4,3028.96988
54.216439,4,3029.116432
51.523209,3,3029.367632
54.216439,4,3029.436242
54.216439,4,3029.666322
54.216439,4,3029.72841
54.216439,4,3029.894272
54.216439,4,3029.98704
54.216439,4,3030.083745
54.216439,4,3030.144336
-10.783561,4,3030.222976
-10.783561,4,3030.282251
-11.497561,4,3030.489578
-13.476791,3,3030.546168
-10.783561,4,3030.761105
54.216439,4,3030.904235
54.216439,4,3031.067063
54.216439,4,3031.181875
-11.70156,4,3031.267974
-13.740902,3,3031.306888
54.216439,4,3031.492168
54.216439,4,3031.603852
54.216439,4,3031.753621
50.809209,3,3032.028717
-10.783561,4,3032.225996
54.216439,4,3032.355287
-13.552251,3,3032.422873
53.502439,4,3032.478449
54.216439,4,3032.613653
-11.199004,4,3032.680681
-13.476791,3,3032.830675
-13.476791,3,3032.959969
54.216439,4,3033.15238
-11.406726,4,3033.200455
54.216439,4,3033.42292
-10.783561,4,3033.506572
54.216439,4,3033.578753
49.687209,3,3033.855232
54.216439,4,3033.962023
-11.70156,4,3034.046223
53.502439,4,3034.227273
-13.476791,3,3034.378291
54.216439,4,3034.616996
54.216439,4,3034.724225
54.216439,4,3034.886815
54.216439,4,3034.999863
-13.740902,3,3035.037634
-13.476791,3,3035.125274
54.216439,4,3035.356783
54.216439,4,3035.428552
54.216439,4,3035.478429
-10.783561,4,3035.565261
54.216439,4,3035.712063
-13.476791,3,3035.856096
51.523209,3,3035.95036
54.216439,4,3036.11513
54.216439,4,3036.268907
54.216439,4,3036.416813
54.216439,4,3036.523451
54.216439,4,3036.680258
-13.476791,3,3036.724313
54.216439,4,3036.922885
-10.783561,4,3037.014595
-10.783561,4,3037.223856
54.216439,4,3037.283682
-13.476791,3,3037.335767
-13.476791,3,3037.478115
-10.783561,4,3037.520689
-13.627712,3,3037.574277
54.216439,4,3037.714854
54.216439,4,3037.850028
-13.476791,3,3038.181637
-13.476791,3,3038.285537
-10.783561,4,3038.536224
54.216439,4,3038.685147
54.216439,4,3038.870809
-13.476791,3,3039.03657
54.216439,4,3039.272239
54.216439,4,3039.329398
54.216439,4,3039.401661
54.216439,4,3039.566959
-10.783561,4,3039.657885
-13.552251,3,3039.721176
-10.783561,4,3040.046206
-10.783561,4,3040.266291
51.523209,3,3040.468725
-10.783561,4,3040.660564
54.216439,4,3040.859867
53.502439,4,3040.921982
-13.476791,3,3041.069481
54.216439,4,3041.242571
-10.783561,4,3041.436906
54.216439,4,3041.6125
54.216439,4,3041.730632
54.216439,4,3041.92787
-13.476791,3,3042.073203
54.216439,4,3042.217598
-10.783561,4,3042.317911
51.523209,3,3042.394034
51.523209,3,3042.601589
54.216439,4,3042.744091
54.216439,4,3042.804766
54.216439,4,3042.954087
-13.476791,3,3043.043021
54.216439,4,3043.200588
51.523209,3,3043.419393
-13.552251,3,3043.499524
-13.740902,3,3043.54669
54.216439,4,3043.700687
-13.476791,3,3043.842032
53.400439,4,3043.907787
54.216439,4,3043.967342
-10.783561,4,3044.257216
54.216439,4,3044.488584
-10.783561,4,3044.57422
54.216439,4,3044.713645
54.216439,4,3044.875182
-13.476791,3,3044.927756
51.523209,3,3045.019335
-13.476791,3,3045.070914
57.967614,5,3045.148169
54.216439,4,3045.298292
54.216439,4,3045.379461
54.216439,4,3045.487791
54.216439,4,3045.54588
-13.476791,3,3045.607508
57.967614,5,3045.683635
53.196439,4,3045.744217
53.29844,4,3045.795803
54.216439,4,3045.934398
54.216439,4,3046.020536
54.216439,4,3046.168784
54.216439,4,3046.282166
54.216439,4,3046.39228
-10.783561,4,3046.576531
57.967614,5,3046.635506
57.967614,5,3046.708133
54.216439,4,3046.873792
57.967614,5,3046.9425
-7.032386,5,3047.204505
54.216439,4,3047.361365
54.216439,4,3047.403679
57.967614,5,3047.472281
54.216439,4,3047.636613
54.216439,4,3047.723975
51.523209,3,3047.873286
54.216439,4,3048.02685
54.216439,4,3048.274818
54.216439,4,3048.384429
54.216439,4,3048.445458
54.216439,4,3048.567822
54.216439,4,3048.710893
54.216439,4,3048.872961
51.523209,3,3049.101289
-13.476791,3,3049.247623
57.967614,5,3049.31751
-13.703172,3,3049.355074
54.216439,4,3049.466447
54.216439,4,3049.578489
54.216439,4,3049.726637
54.216439,4,3049.783362
54.216439,4,3050.013003
54.216439,4,3050.12586
54.216439,4,3050.237848
-10.783561,4,3050.547836
54.216439,4,3050.74251
54.216439,4,3050.886555
53.29844,4,3051.067196
54.216439,4,3051.132014
54.216439,4,3051.273091
-10.783561,4,3051.343178
54.216439,4,3051.402378
54.216439,4,3051.445062
54.216439,4,3051.525529
-11.406726,4,3051.648312
54.216439,4,3051.815454
54.216439,4,3052.007933
54.216439,4,3052.0734
54.216439,4,3052.145671
54.216439,4,3052.216872
54.216439,4,3052.279448
-7.032386,5,3052.652479
57.967614,5,3052.716095
-11.803561,4,3052.797317
54.216439,4,3052.858096
54.216439,4,3052.930192
-13.476791,3,3052.983476
-7.032386,5,3053.350251
-7.032386,5,3053.634478
54.216439,4,3053.784992
54.216439,4,3053.865024
57.967614,5,3053.934628
-13.476791,3,3053.990743
54.216439,4,3054.110923
54.216439,4,3054.261004
-13.627712,3,3054.299596
54.216439,4,3054.445278
57.967614,5,3054.493784
-7.032386,5,3054.772622
-11.199004,4,3054.828302
-11.510587,4,3054.867732
53.29844,4,3054.974904
54.216439,4,3055.051123
56.947614,5,3055.116878
-13.476791,3,3055.206256
54.216439,4,3055.382213
54.216439,4,3055.510977
54.216439,4,3055.572561
54.216439,4,3055.631144
57.967614,5,3055.72157
54.216439,4,3055.766822
-10.783561,4,3055.854486
53.29844,4,3055.975379
54.216439,4,3056.133636
54.216439,4,3056.284093
-13.476791,3,3056.426198
54.216439,4,3056.487429
57.967614,5,3056.568545
57.967614,5,3056.636214
54.216439,4,3056.693792
-7.032386,5,3056.997123
54.216439,4,3057.143819
-14.723172,3,3057.18278
53.29844,4,3057.359683
54.216439,4,3057.516266
54.216439,4,3057.632012
-13.476791,3,3057.711674
-13.476791,3,3057.856138
54.216439,4,3057.919277
-13.476791,3,3057.97158
-10.783561,4,3058.058206
-13.476791,3,3058.109791
-13.476791,3,3058.164935
57.967614,5,3058.233094
-11.406726,4,3058.289175
-10.783561,4,3058.592909
54.216439,4,3058.696128
54.216439,4,3058.749205
54.216439,4,3058.821865
-13.740902,3,3058.861928
54.216439,4,3058.932559
54.216439,4,3059.074338
54.216439,4,3059.116002
-10.783561,4,3059.325375
-10.991283,4,3059.407046
54.216439,4,3059.523257
-10.783561,4,3059.607527
-10.783561,4,3059.7062
54.216439,4,3059.778568
54.216439,4,3059.971259
54.216439,4,3060.127416
-11.510587,4,3060.175479
-10.783561,4,3060.271028
-11.70156,4,3060.469236
54.216439,4,3060.532333
54.216439,4,3060.660758
-11.44656,4,3060.866652
54.216439,4,3060.92624
-11.406726,4,3061.011936
54.216439,4,3061.203184
54.216439,4,3061.360343
-10.991283,4,3061.547892
54.216439,4,3061.652875
54.216439,4,3061.715473
54.216439,4,3061.773209
54.216439,4,3061.904981
54.216439,4,3061.967525
-10.783561,4,3062.16698
54.216439,4,3062.331485
54.216439,4,3062.402102
-10.783561,4,3062.59703
54.216439,4,3062.704925
53.502439,4,3062.86263
-10.783561,4,3062.927052
53.29844,4,3062.988259
51.523209,3,3063.252803
54.216439,4,3063.400704
-13.476791,3,3063.543075
54.216439,4,3063.709333
51.523209,3,3064.077803
-13.476791,3,3064.219105
51.523209,3,3064.372456
54.216439,4,3064.427848
54.216439,4,3064.491465
-10.783561,4,3064.582596
54.216439,4,3064.694752
54.216439,4,3064.749379
-13.476791,3,3064.838004
54.216439,4,3065.085381
54.216439,4,3065.154507
51.523209,3,3065.32762
-13.476791,3,3065.502582
-10.783561,4,3065.590832
54.216439,4,3065.654941
-10.783561,4,3065.739673
53.55344,4,3065.827874
51.523209,3,3065.913083
-10.783561,4,3066.002429
54.216439,4,3066.145884
-13.476791,3,3066.286571
-11.406726,4,3066.34829
-10.783561,4,3066.556635
54.216439,4,3066.62176
54.216439,4,3066.686942
-13.476791,3,3066.749595
-10.783561,4,3066.937837
54.216439,4,3067.181289
54.216439,4,3067.242471
-10.783561,4,3067.532629
-13.476791,3,3067.626724
54.216439,4,3067.686877
54.216439,4,3067.932744
51.523209,3,3068.107982
54.216439,4,3068.164041
54.216439,4,3068.223633
-10.783561,4,3068.307667
54.216439,4,3068.36379
54.216439,4,3068.417407
-13.552251,3,3068.609684
54.216439,4,3068.668262
57.967614,5,3068.737583
54.216439,4,3068.841672
54.216439,4,3068.987456
-10.783561,4,3069.206419
54.216439,4,3069.315081
54.216439,4,3069.377454
54.216439,4,3069.432133
54.216439,4,3069.498248
51.523209,3,3069.66601
-10.783561,4,3069.749344
51.523209,3,3070.025715
54.216439,4,3070.077838
-13.476791,3,3070.117955
-13.476791,3,3070.167009
-13.476791,3,3070.220055
-13.476791,3,3070.261123
-10.783561,4,3070.347887
51.523209,3,3070.617233
54.216439,4,3070.678066
-13.476791,3,3070.745207
54.216439,4,3070.945705
54.216439,4,3071.112529
-13.476791,3,3071.198276
54.216439,4,3071.306652
-13.476791,3,3071.404399
-13.476791,3,3071.55977
-10.783561,4,3071.856336
-13.476791,3,3071.915956
54.216439,4,3072.155107
-10.783561,4,3072.490739
54.216439,4,3072.554519
54.216439,4,3072.711997
51.523209,3,3072.83036
-10.783561,4,3072.920053
54.216439,4,3072.994718
54.216439,4,3073.073687
54.216439,4,3073.223712
51.523209,3,3073.515068
-13.552251,3,3073.719373
-10.783561,4,3073.927474
-13.552251,3,3074.121724
54.216439,4,3074.285076
51.523209,3,3074.410424
54.216439,4,3074.481443
-14.394791,3,3074.520388
-10.783561,4,3074.717301
-13.476791,3,3074.777827
54.216439,4,3074.969211
-13.476791,3,3075.135155
-10.783561,4,3075.234607
-14.292791,3,3075.345462
51.523209,3,3075.432994
54.216439,4,3075.500077
54.216439,4,3075.657416
-10.783561,4,3075.748897
-10.783561,4,3076.066184
-10.783561,4,3076.14963
54.216439,4,3076.207565
-13.476791,3,3076.256309
-10.783561,4,3076.575312
53.400439,4,3076.63798
51.523209,3,3076.94306
-13.476791,3,3077.089756
-10.783561,4,3077.370732
51.523209,3,3077.464761
-10.783561,4,3077.553589
-7.032386,5,3077.851801
-7.032386,5,3078.217475
54.216439,4,3078.374753
54.216439,4,3078.461679
54.216439,4,3078.618857
-13.703172,3,3078.658849
-7.032386,5,3079.041591
54.216439,4,3079.108244
54.216439,4,3079.251522
51.523209,3,3079.346232
54.216439,4,3079.52803
54.216439,4,3079.76927
54.216439,4,3079.926517
54.216439,4,3079.983109
54.216439,4,3080.051077
-13.627712,3,3080.096331
-11.406726,4,3080.19135
54.216439,4,3080.358214
54.216439,4,3080.520311
54.216439,4,3080.671515
-10.783561,4,3080.881822
54.216439,4,3081.041766
-13.476791,3,3081.126907
-10.783561,4,3081.229268
-10.783561,4,3081.492838
-11.803561,4,3081.576177
-10.783561,4,3081.782575
-13.476791,3,3081.913281
54.008717,4,3082.002893
-13.476791,3,3082.147959
51.523209,3,3082.419616
-13.476791,3,3082.462607
-10.783561,4,3082.55175
-13.476791,3,3082.630206
54.216439,4,3082.689352
-13.476791,3,3082.765445
-10.783561,4,3082.849523
-13.552251,3,3082.969995
-11.44656,4,3083.166493
-10.783561,4,3083.373111
50.605209,3,3083.47643
54.216439,4,3083.642131
-13.476791,3,3083.6967
51.523209,3,3083.899109
54.216439,4,3083.953689
-11.199004,4,3084.024282
-10.783561,4,3084.227307
-10.783561,4,3084.419331
-13.476791,3,3084.480945
-10.783561,4,3084.56962
54.216439,4,3084.715935
54.216439,4,3084.825188
54.216439,4,3084.983486
54.216439,4,3085.151753
-10.783561,4,3085.237378
-11.803561,4,3085.435868
-13.476791,3,3085.530057
54.216439,4,3085.687783
54.216439,4,3085.920839
54.216439,4,3086.070747
-10.783561,4,3086.274467
53.502439,4,3086.496267
54.216439,4,3086.557949
54.216439,4,3086.705139
-13.740902,3,3086.751276
-10.783561,4,3086.958883
-10.783561,4,3087.165846
54.216439,4,3087.337606
54.216439,4,3087.456049
51.523209,3,3087.654264
-13.476791,3,3087.707833
54.216439,4,3087.861547
53.29844,4,3088.003248
54.216439,4,3088.110986
54.216439,4,3088.215002
54.216439,4,3088.406397
-13.476791,3,3088.457346
54.216439,4,3088.587683
-13.476791,3,3088.734738
51.523209,3,3089.023898
54.216439,4,3089.263718
-10.783561,4,3089.577655
54.216439,4,3089.766865
54.216439,4,3089.833513
54.216439,4,3089.996379
-10.783561,4,3090.080662
54.216439,4,3090.319383
-10.783561,4,3090.592741
51.523209,3,3090.871745
51.523209,3,3091.15889
54.216439,4,3091.222493
-10.783561,4,3091.413233
54.216439,4,3091.485493
51.523209,3,3091.643524
51.523209,3,3091.859931
-10.783561,4,3091.949303
54.216439,4,3092.020408
-10.783561,4,3092.118561
-10.783561,4,3092.207688
-13.476791,3,3092.262481
54.216439,4,3092.408845
54.216439,4,3092.48095
54.216439,4,3092.717227
-13.476791,3,3092.772371
54.216439,4,3092.845
54.216439,4,3092.98766
53.29844,4,3093.049427
54.216439,4,3093.112685
54.216439,4,3093.364401
54.216439,4,3093.43503
54.216439,4,3093.581331
54.216439,4,3093.651471
54.216439,4,3093.814563
51.523209,3,3094.102124
54.216439,4,3094.271176
-13.476791,3,3094.327274
-10.783561,4,3094.533562
54.216439,4,3094.596641
54.216439,4,3094.671382
54.216439,4,3094.83608
54.008717,4,3094.929744
54.216439,4,3095.082642
57.967614,5,3095.162258
54.216439,4,3095.319698
51.523209,3,3095.400883
54.216439,4,3095.605116
-10.783561,4,3095.88453
54.216439,4,3096.029588
-10.783561,4,3096.126173
54.216439,4,3096.187381
-13.476791,3,3096.248748
-13.740902,3,3096.292389
-10.783561,4,3096.565385
53.502439,4,3096.709669
50.605209,3,3096.991366
-13.476791,3,3097.046967
51.523209,3,3097.127098
54.216439,4,3097.279107
54.216439,4,3097.427928
-10.783561,4,3097.734329
-11.803561,4,3097.81939
-13.703172,3,3097.861904
53.196439,4,3097.924788
57.967614,5,3098.035091
-10.783561,4,3098.237889
-13.476791,3,3098.336841
-11.406726,4,3098.390918
-13.476791,3,3098.444484
-10.783561,4,3098.542651
54.216439,4,3098.705158
-10.783561,4,3098.910116
51.523209,3,3099.18387
54.216439,4,3099.284099
-10.783561,4,3099.487433
-10.783561,4,3099.689317
54.216439,4,3099.756912
54.216439,4,3099.910974
54.216439,4,3100.075611
-11.803561,4,3100.350802
54.216439,4,3100.410372
-11.44656,4,3100.492682
51.523209,3,3100.590547
54.216439,4,3100.740097
-13.476791,3,3100.800707
54.216439,4,3101.049269
54.216439,4,3101.227408
-10.783561,4,3101.353927
54.216439,4,3101.647013
54.216439,4,3101.748684
-10.783561,4,3102.216815
54.216439,4,3102.458808
-13.476791,3,3102.639962
-10.783561,4,3103.108466
53.400439,4,3103.519301
53.502439,4,3103.617326
51.523209,3,3103.926409
54.216439,4,3104.052796
54.216439,4,3104.154358
-13.476791,3,3104.416919
-13.476791,3,3104.663921
-10.783561,4,3104.821345
54.216439,4,3105.075175
54.216439,4,3105.266226
-13.476791,3,3105.406462
-10.783561,4,3105.556222
54.216439,4,3105.791095
-13.703172,3,3105.853714
54.216439,4,3105.954952
-13.476791,3,3106.016535
54.216439,4,3106.175855
-13.552251,3,3106.285558
54.216439,4,3106.540702
51.523209,3,3106.692074
-10.783561,4,3106.843782
-13.476791,3,3106.928974
-10.783561,4,3107.077353
54.216439,4,3107.177037
51.523209,3,3107.391401
-13.627712,3,3107.506596
-10.783561,4,3107.64971
-10.783561,4,3107.975897
54.216439,4,3108.081301
54.216439,4,3108.473097
53.29844,4,3108.602897
-13.476791,3,3108.723023
51.523209,3,3109.197214
54.216439,4,3109.611781
-13.476791,3,3109.849801
51.523209,3,3110.303614
-11.199004,4,3110.537524
51.523209,3,3110.94438
54.216439,4,3111.04873
-13.476791,3,3111.130214
-10.783561,4,3111.270651
-13.476791,3,3111.417819
54.216439,4,3111.666509
51.523209,3,3111.963468
53.196439,4,3112.258652
54.216439,4,3112.4966
54.216439,4,3112.722808
54.216439,4,3112.968552
54.216439,4,3113.377224
54.216439,4,3113.475871
54.216439,4,3113.577629
-13.703172,3,3113.638487
53.29844,4,3113.74578
-13.476791,3,3113.827012
51.523209,3,3114.215456
57.967614,5,3114.327208
57.967614,5,3114.557452
54.216439,4,3114.616518
54.216439,4,3114.690635
-7.032386,5,3115.158627
54.216439,4,3115.389181
51.523209,3,3115.722822
-11.199004,4,3115.918984
-7.032386,5,3116.38886
54.216439,4,3116.478492
57.049614,5,3116.572335
53.196439,4,3116.810246
57.304614,5,3117.09661
54.216439,4,3117.199577
57.967614,5,3117.319671
-11.510587,4,3117.379287
53.55344,4,3117.663759
54.216439,4,3117.906775
-13.476791,3,3118.148739
54.216439,4,3118.481163
57.967614,5,3118.592596
-11.406726,4,3118.66114
-7.032386,5,3119.199012
-7.032386,5,3119.747149
54.216439,4,3119.935559
54.216439,4,3120.17966
54.216439,4,3120.294713
-13.703172,3,3120.359141
51.523209,3,3120.661609
54.216439,4,3120.906556
54.216439,4,3121.143615
54.216439,4,3121.383775
54.216439,4,3121.778362
54.216439,4,3122.172974
-7.032386,5,3122.679494
54.216439,4,3122.806734
53.196439,4,3122.925447
54.216439,4,3123.017142
54.216439,4,3123.193184
54.216439,4,3123.370495
54.216439,4,3123.540013
54.216439,4,3123.626917
-13.476791,3,3123.868396
-10.783561,4,3124.02864
53.400439,4,3124.425082
54.216439,4,3124.804065
54.216439,4,3125.048163
54.216439,4,3125.350798
-7.032386,5,3125.946696
-10.783561,4,3126.09911
54.216439,4,3126.266793
53.55344,4,3126.395782
54.216439,4,3126.492007
54.216439,4,3126.751247
54.216439,4,3126.953823
51.523209,3,3127.403583
54.216439,4,3127.498218
54.216439,4,3127.736336
-11.70156,4,3128.180074
54.216439,4,3128.372382
54.216439,4,3128.6105
-12.10956,4,3128.753251
-10.783561,4,3128.898702
-10.783561,4,3129.042939
51.523209,3,3129.192493
-10.783561,4,3129.518914
-11.803561,4,3129.850983
-10.783561,4,3130.176193
-11.199004,4,3130.270394
54.216439,4,3130.451038
51.523209,3,3130.610767
-11.44656,4,3130.69649
-13.476791,3,3130.935808
54.216439,4,3131.142263
-10.783561,4,3131.3904
54.216439,4,3131.479056
51.523209,3,3131.588551
51.523209,3,3131.74066
54.216439,4,3131.85752
-13.476791,3,3131.960237
54.216439,4,3132.146465
54.216439,4,3132.376185
-13.476791,3,3132.57699
-10.783561,4,3133.071375
51.523209,3,3133.538369
-10.783561,4,3133.705329
-10.783561,4,3133.848622
54.216439,4,3133.969353
-10.783561,4,3134.096653
54.216439,4,3134.168185
54.216439,4,3134.555457
-10.783561,4,3134.661352
-13.476791,3,3134.909154
51.523209,3,3135.294602
51.523209,3,3135.715868
54.216439,4,3135.958588
51.523209,3,3136.598947
54.216439,4,3136.714841
-13.740902,3,3136.784763
-13.476791,3,3136.859815
51.523209,3,3137.324018
-13.476791,3,3137.430552
-10.783561,4,3137.563459
-13.552251,3,3137.673935
54.216439,4,3138.062478
51.523209,3,3138.222706
51.523209,3,3138.372222
-13.476791,3,3138.610287
51.523209,3,3139.068813
-13.703172,3,3139.125053
54.216439,4,3139.320012
-11.406726,4,3139.4082
51.523209,3,3139.837208
54.216439,4,3140.075823
-10.783561,4,3140.219775
-10.783561,4,3140.369014
54.216439,4,3140.605149
-13.476791,3,3140.76003
54.216439,4,3141.056725
54.216439,4,3141.158386
54.216439,4,3141.562309
54.216439,4,3141.805692
54.216439,4,3141.99924
54.216439,4,3142.105441
54.216439,4,3142.346022
-10.783561,4,3142.878405
54.216439,4,3142.995925
54.216439,4,3143.06801
-11.199004,4,3143.246794
54.216439,4,3143.504466
51.523209,3,3143.662128
54.216439,4,3143.979383
54.216439,4,3144.224473
54.216439,4,3144.48727
54.216439,4,3144.679593
54.216439,4,3144.93953
-10.783561,4,3145.247309
-10.783561,4,3145.389997
-10.783561,4,3145.87721
54.216439,4,3146.308888
-13.703172,3,3146.369002
-10.783561,4,3146.520452
54.216439,4,3146.676821
54.216439,4,3146.765701
54.216439,4,3147.200818
-14.190791,3,3147.28139
-10.783561,4,3147.450177
-10.783561,4,3147.791713
-13.476791,3,3148.042651
54.216439,4,3148.402259
-10.783561,4,3148.898138
54.216439,4,3149.228101
-13.476791,3,3149.305282
-10.783561,4,3149.440862
54.216439,4,3149.845346
54.216439,4,3149.936418
54.216439,4,3150.040576
54.216439,4,3150.235486
54.216439,4,3150.488621
54.216439,4,3150.900925
54.216439,4,3151.020512
-14.139791,3,3151.094123
54.216439,4,3151.406347
51.523209,3,3151.819968
-10.783561,4,3151.910616
-11.199004,4,3152.21157
54.216439,4,3152.467053
53.400439,4,3152.70676
54.216439,4,3152.986923
54.216439,4,3153.167769
-13.476791,3,3153.353836
-10.783561,4,3153.503857
54.216439,4,3153.711864
-13.476791,3,3153.811191
51.523209,3,3154.127091
-10.783561,4,3154.46538
-13.476791,3,3154.681773
54.216439,4,3154.780922
54.216439,4,3155.075085
-10.783561,4,3155.369511
54.216439,4,3155.491923
-13.476791,3,3155.584858
57.967614,5,3155.687141
54.216439,4,3155.782501
54.216439,4,3155.926232
54.216439,4,3156.125453
54.216439,4,3156.392336
-10.783561,4,3156.866172
54.216439,4,3157.134484
-10.783561,4,3157.276223
53.502439,4,3157.460126
-10.783561,4,3157.966382
-13.476791,3,3158.056158
54.216439,4,3158.449221
54.216439,4,3158.858765
54.216439,4,3159.100773
54.216439,4,3159.215094
-14.496791,3,3159.668505
-14.292791,3,3159.909102
54.216439,4,3160.315812
-10.783561,4,3160.638919
54.216439,4,3160.815881
-13.476791,3,3161.062715
54.216439,4,3161.258337
-13.476791,3,3161.320839
-13.476791,3,3161.435241
54.216439,4,3161.839834
-13.476791,3,3162.010587
54.216439,4,3162.24883
54.216439,4,3162.344615
54.216439,4,3162.45246
54.216439,4,3162.648708
54.216439,4,3162.764107
51.523209,3,3162.893078
54.216439,4,3163.09079
-13.476791,3,3163.336443
-10.783561,4,3163.486416
51.523209,3,3163.791053
-10.783561,4,3163.942514
54.216439,4,3164.073236
-10.783561,4,3164.229251
54.216439,4,3164.394977
-11.199004,4,3164.498649
-10.783561,4,3164.636759
54.216439,4,3164.733542
54.216439,4,3164.845858
54.216439,4,3164.950954
54.216439,4,3165.195704
-13.476791,3,3165.438495
-10.783561,4,3165.578768
-13.476791,3,3165.639345
-10.783561,4,3165.778061
53.400439,4,3166.01685
-13.476791,3,3166.077935
-13.476791,3,3166.264348
-13.476791,3,3166.368624
51.523209,3,3166.842661
54.216439,4,3166.952449
-14.496791,3,3167.188763
-13.476791,3,3167.251147
-14.496791,3,3167.335253
51.523209,3,3167.765176
54.216439,4,3167.945396
54.216439,4,3168.337665
51.523209,3,3168.567798
-13.476791,3,3168.659536
-13.476791,3,3168.805624
54.216439,4,3168.992564
54.216439,4,3169.21943
54.216439,4,3169.324657
54.216439,4,3169.644155
54.216439,4,3169.745264
-13.476791,3,3169.810031
-10.783561,4,3170.138035
-10.991283,4,3170.45294
-13.476791,3,3170.544383
54.216439,4,3170.94136
-14.139791,3,3171.032143
-7.032386,5,3171.633401
51.523209,3,3171.962238
54.216439,4,3172.205857
-13.552251,3,3172.329074
54.216439,4,3172.563733
-10.783561,4,3172.72597
54.216439,4,3173.044097
57.967614,5,3173.187686
-7.032386,5,3173.970313
54.216439,4,3174.203469
57.967614,5,3174.328288
54.216439,4,3174.42545
-7.032386,5,3174.90102
-10.991283,4,3175.144287
51.523209,3,3175.643096
54.216439,4,3175.878456
54.216439,4,3175.996871
-13.476791,3,3176.241854
54.216439,4,3176.351336
54.216439,4,3176.581165
54.216439,4,3176.670815
-13.476791,3,3176.9124
54.216439,4,3177.011725
54.216439,4,3177.190297
-13.476791,3,3177.290037
54.216439,4,3177.520755
-13.476791,3,3177.585385
54.216439,4,3177.81394
54.216439,4,3178.058636
-11.599561,4,3178.337446
-13.476791,3,3178.401552
54.216439,4,3178.639932
-13.476791,3,3178.724054
54.216439,4,3179.120438
54.216439,4,3179.442944
-10.783561,4,3179.905077
-13.476791,3,3180.047707
-7.032386,5,3180.649528
-10.783561,4,3181.283378
-13.476791,3,3181.523327
54.216439,4,3181.773519
54.216439,4,3182.16177
54.216439,4,3182.258512
57.967614,5,3182.376137
51.523209,3,3182.531244
50.707209,3,3182.680455
54.216439,4,3182.741054
53.400439,4,3182.854738
57.967614,5,3182.971905
54.216439,4,3183.258722
57.967614,5,3183.374997
54.216439,4,3183.474476
54.216439,4,3183.675633
54.216439,4,3183.907736
54.216439,4,3184.195369
54.216439,4,3184.317546
54.216439,4,3184.620552
54.216439,4,3184.946294
51.523209,3,3185.120054
51.523209,3,3185.275342
-13.476791,3,3185.354975
54.216439,4,3185.618053
54.216439,4,3185.863242
54.216439,4,3186.119194
54.216439,4,3186.35666
54.216439,4,3186.591627
54.216439,4,3186.879741
57.967614,5,3187.057559
56.233614,5,3187.178261
57.967614,5,3187.453563
54.216439,4,3187.703249
54.216439,4,3187.957453
54.216439,4,3188.219334
53.55344,4,3188.399747
51.523209,3,3188.683607
54.216439,4,3188.940134
54.216439,4,3189.04161
54.216439,4,3189.260513
54.216439,4,3189.504679
54.216439,4,3189.786669
54.216439,4,3190.024991
54.216439,4,3190.251319
57.967614,5,3190.374563
54.216439,4,3190.563173
-13.476791,3,3190.641309
54.216439,4,3190.743455
-13.476791,3,3190.985672
54.216439,4,3191.110732
54.216439,4,3191.198042
54.216439,4,3191.351465
-10.783561,4,3191.756431
57.967614,5,3191.878682
54.216439,4,3192.101396
54.216439,4,3192.493364
54.216439,4,3192.740213
-13.476791,3,3192.981409
53.29844,4,3193.362855
57.049614,5,3193.633181
-7.032386,5,3194.239405
54.216439,4,3194.635266
54.216439,4,3195.019024
57.967614,5,3195.115253
-13.740902,3,3195.175459
-10.783561,4,3195.312641
54.216439,4,3195.554477
54.216439,4,3195.795522
-11.510587,4,3195.852767
54.216439,4,3196.200321
50.707209,3,3196.310326
53.502439,4,3196.560034
-13.476791,3,3196.647413
57.967614,5,3196.771499
54.216439,4,3196.949538
54.216439,4,3197.202055
54.216439,4,3197.529738
-13.476791,3,3197.609355
54.216439,4,3197.831456
-11.406726,4,3197.924101
54.216439,4,3198.178679
-13.476791,3,3198.316519
54.216439,4,3198.414322
-10.783561,4,3198.55303
53.400439,4,3198.788879
54.216439,4,3199.115425
51.523209,3,3199.423306
54.216439,4,3199.521659
57.967614,5,3199.633966
54.216439,4,3200.014745
53.29844,4,3200.303353
54.216439,4,3200.393494
54.216439,4,3200.487811
54.216439,4,3200.731869
54.216439,4,3200.974826
53.400439,4,3201.237409
54.216439,4,3201.457249
54.216439,4,3201.656101
54.216439,4,3201.755278
53.29844,4,3201.878091
54.216439,4,3202.091834
54.216439,4,3202.345821
54.216439,4,3202.631216
54.216439,4,3202.854959
54.216439,4,3203.101151
51.523209,3,3203.552259
54.216439,4,3203.804222
54.216439,4,3204.124062
54.216439,4,3204.240339
-10.783561,4,3204.71923
51.523209,3,3204.908649
54.216439,4,3205.193752
54.216439,4,3205.301441
51.523209,3,3205.770072
54.216439,4,3206.02708
54.216439,4,3206.142254
54.216439,4,3206.245434
54.216439,4,3206.545769
54.216439,4,3206.646981
-10.783561,4,3207.155056
54.216439,4,3207.40838
51.523209,3,3207.697495
51.523209,3,3207.912848
54.216439,4,3208.156226
-10.783561,4,3208.292593
54.216439,4,3208.65965
53.400439,4,3208.878362
51.523209,3,3209.027169
57.967614,5,3209.173989
54.216439,4,3209.557323
54.216439,4,3209.709028
54.216439,4,3209.885507
54.216439,4,3210.137874
54.216439,4,3210.362755
57.967614,5,3210.42883
54.216439,4,3210.810507
-7.032386,5,3211.360169
54.216439,4,3211.588581
-10.783561,4,3212.088531
54.216439,4,3212.336981
-13.476791,3,3212.465875
54.216439,4,3212.714866
54.216439,4,3212.987042
54.216439,4,3213.173027
54.216439,4,3213.360092
54.216439,4,3213.597042
54.216439,4,3213.691835
-14.417172,3,3213.751935
54.216439,4,3213.996977
54.216439,4,3214.235451
54.216439,4,3214.563775
57.967614,5,3214.678118
53.29844,4,3214.78141
-13.476791,3,3214.864119
51.523209,3,3215.291898
54.216439,4,3215.529385
53.196439,4,3215.785618
54.216439,4,3216.024172
54.216439,4,3216.412196
53.400439,4,3216.511868
-13.476791,3,3216.750584
54.216439,4,3216.98087
54.216439,4,3217.209719
-13.703172,3,3217.275476
-7.032386,5,3217.748646
54.216439,4,3217.981359
54.216439,4,3218.245672
54.216439,4,3218.347199
54.216439,4,3218.575281
54.216439,4,3218.809192
54.216439,4,3219.085253
54.216439,4,3219.399791
57.967614,5,3219.518368
-13.476791,3,3219.797168
54.216439,4,3220.125527
54.216439,4,3220.32037
54.216439,4,3220.572034
54.216439,4,3220.885319
54.216439,4,3221.123736
-10.991283,4,3221.24778
51.523209,3,3221.624875
54.216439,4,3221.863064
-14.394791,3,3221.950338
51.523209,3,3222.404328
-13.476791,3,3222.483239
54.216439,4,3222.578306
54.216439,4,3222.8919
-7.032386,5,3223.433094
57.967614,5,3223.543897
54.216439,4,3223.645745
-12.117004,4,3223.754251
51.523209,3,3224.071509
54.216439,4,3224.394644
54.216439,4,3224.580096
54.216439,4,3224.715937
54.216439,4,3225.089583
57.967614,5,3225.185064
54.216439,4,3225.304776
-13.476791,3,3225.540145
54.216439,4,3225.73208
54.216439,4,3225.981389
54.216439,4,3226.220375
-11.199004,4,3226.33458
57.967614,5,3226.458118
54.216439,4,3226.651789
54.216439,4,3226.90753
-13.476791,3,3226.986999
54.216439,4,3227.088823
54.216439,4,3227.200375
54.216439,4,3227.59591
57.253614,5,3227.717765
54.216439,4,3228.05876
-13.476791,3,3228.187249
54.216439,4,3228.289601
54.216439,4,3228.525246
-13.476791,3,3228.601537
-13.476791,3,3228.835899
54.216439,4,3228.956108
54.216439,4,3229.211392
54.216439,4,3229.454695
-14.454902,3,3229.522437
-7.032386,5,3230.020257
-11.510587,4,3230.078575
54.216439,4,3230.310946
54.216439,4,3230.405468
-11.199004,4,3230.778809
54.216439,4,3230.920748
54.216439,4,3231.258533
-13.476791,3,3231.342374
-7.032386,5,3231.861257
-13.703172,3,3231.928678
-10.783561,4,3232.253881
-10.783561,4,3232.582406
-10.783561,4,3232.903857
54.216439,4,3233.005536
-10.783561,4,3233.529828
54.216439,4,3233.761915
-13.476791,3,3233.818027
-13.476791,3,3233.909721
-13.476791,3,3234.222496
51.523209,3,3234.571989
-13.476791,3,3234.654088
51.523209,3,3235.128917
54.216439,4,3235.227623
54.216439,4,3235.484735
-13.476791,3,3235.549846
54.216439,4,3235.795028
54.216439,4,3236.191752
54.216439,4,3236.425458
54.216439,4,3236.520893
54.216439,4,3236.777496
-11.406726,4,3236.859757
53.400439,4,3237.228698
-10.783561,4,3237.56783
-13.476791,3,3237.874849
51.523209,3,3238.381428
-13.476791,3,3238.45908
54.216439,4,3238.654886
51.523209,3,3238.948779
54.216439,4,3239.176629
54.216439,4,3239.583546
51.523209,3,3239.99994
54.216439,4,3240.244261
54.216439,4,3240.337539
-13.476791,3,3240.479929
-10.783561,4,3240.615151
-13.476791,3,3240.853292
54.216439,4,3240.971466
54.216439,4,3241.230565
-13.476791,3,3241.464242
-10.783561,4,3241.608496
-13.476791,3,3241.739837
54.216439,4,3241.924227
-11.70156,4,3242.244177
54.216439,4,3242.634393
-13.476791,3,3242.741824
-13.627712,3,3242.807005
54.216439,4,3242.91805
54.216439,4,3243.012716
54.216439,4,3243.111878
-10.783561,4,3243.197582
-14.190791,3,3243.282333
51.523209,3,3243.745797
51.523209,3,3243.939822
-13.476791,3,3244.02449
51.523209,3,3244.173272
-13.552251,3,3244.290926
54.216439,4,3244.522083
54.216439,4,3244.704542
-13.476791,3,3244.803883
-13.740902,3,3244.867501
54.216439,4,3245.034077
54.216439,4,3245.132427
54.216439,4,3245.386805
51.523209,3,3245.806676
51.523209,3,3245.929442
-13.476791,3,3245.988272
-13.476791,3,3246.218642
54.216439,4,3246.466567
-13.476791,3,3246.60075
54.216439,4,3246.79358
-11.510587,4,3246.855691
54.216439,4,3246.945863
54.216439,4,3247.261064
-10.783561,4,3247.744946
-13.476791,3,3248.032136
51.523209,3,3248.142391
54.216439,4,3248.362774
54.216439,4,3248.464863
-13.476791,3,3248.640558
-7.032386,5,3249.120281
-7.695386,5,3249.729443
-7.950386,5,3250.261492
-13.476791,3,3250.339779
57.967614,5,3250.451419
54.216439,4,3250.709694
51.523209,3,3251.183202
54.216439,4,3251.360168
54.216439,4,3251.453161
54.216439,4,3251.694026
-10.783561,4,3251.833323
54.216439,4,3252.22997
-13.627712,3,3252.304101
54.216439,4,3252.401733
57.967614,5,3252.496543
-13.476791,3,3252.730989
54.216439,4,3253.051451
54.216439,4,3253.278551
57.967614,5,3253.371207
-13.740902,3,3253.429292
54.216439,4,3253.714644
-13.476791,3,3253.78004
-7.032386,5,3254.286701
-7.032386,5,3254.792882
54.008717,4,3255.169049
54.216439,4,3255.401458
54.216439,4,3255.63325
54.216439,4,3255.81128
-13.476791,3,3256.047193
54.216439,4,3256.297317
51.523209,3,3256.43214
57.967614,5,3256.55341
-13.476791,3,3256.649067
54.216439,4,3256.883845
51.523209,3,3257.336328
-14.292791,3,3257.419025
54.216439,4,3257.671164
54.216439,4,3258.041303
54.216439,4,3258.270272
54.216439,4,3258.37
54.216439,4,3258.476583
54.216439,4,3258.690602
54.216439,4,3258.791904
54.216439,4,3259.052739
-7.032386,5,3259.543793
57.967614,5,3259.642578
54.216439,4,3259.880894
54.216439,4,3260.060435
54.216439,4,3260.298377
-13.703172,3,3260.36115
57.967614,5,3260.482912
54.216439,4,3260.711969
51.523209,3,3261.153494
53.502439,4,3261.429172
-7.032386,5,3261.945467
-13.740902,3,3262.011064
54.216439,4,3262.231286
-11.406726,4,3262.354777
54.216439,4,3262.550375
54.216439,4,3262.939893
57.049614,5,3263.055053
-11.705283,4,3263.140342
54.216439,4,3263.456393
53.502439,4,3263.703487
54.216439,4,3263.933661
54.216439,4,3264.169704
-7.032386,5,3264.733502
54.216439,4,3264.834325
54.216439,4,3264.997501
54.216439,4,3265.184721
54.216439,4,3265.427159
-13.552251,3,3265.539846
54.216439,4,3265.796148
54.216439,4,3265.97704
54.216439,4,3266.372494
54.216439,4,3266.622463
54.216439,4,3266.726155
54.216439,4,3266.984241
-13.476791,3,3267.216296
-13.476791,3,3267.65547
-10.783561,4,3268.328219
-10.783561,4,3268.473904
54.216439,4,3268.704846
-13.552251,3,3268.776311
54.216439,4,3268.8821
54.216439,4,3268.981339
57.967614,5,3269.073587
-13.476791,3,3269.306544
54.216439,4,3269.557725
54.216439,4,3269.730296
54.216439,4,3269.905109
-7.746386,5,3270.526447
-13.552251,3,3270.628614
51.523209,3,3270.760413
57.967614,5,3270.868602
54.216439,4,3271.193152
54.216439,4,3271.438664
54.216439,4,3271.616912
54.216439,4,3271.880467
-7.032386,5,3272.367005
53.400439,4,3272.616575
54.216439,4,3272.85144
-10.783561,4,3273.176247
-10.783561,4,3273.324219
-13.476791,3,3273.399343
-13.476791,3,3273.531055
-10.783561,4,3273.971666
54.216439,4,3274.171429
57.967614,5,3274.285183
51.523209,3,3274.406049
54.216439,4,3274.5698
-10.783561,4,3275.094376
-13.476791,3,3275.179155
54.216439,4,3275.572995
54.216439,4,3275.756265
-11.44656,4,3275.901967
-13.476791,3,3276.027886
54.216439,4,3276.216744
54.216439,4,3276.455274
-13.552251,3,3276.562432
51.523209,3,3277.009541
-13.740902,3,3277.070674
54.216439,4,3277.447717
51.523209,3,3277.577641
50.503209,3,3277.988687
54.216439,4,3278.24964
-10.783561,4,3278.392601
54.216439,4,3278.641453
51.523209,3,3279.097473
54.216439,4,3279.360547
-13.552251,3,3279.468423
-10.783561,4,3279.919198
-10.783561,4,3280.233762
-10.783561,4,3280.378258
54.216439,4,3280.482419
51.523209,3,3280.914064
54.216439,4,3281.145317
-13.476791,3,3281.337527
54.216439,4,3281.431756
54.216439,4,3281.681429
57.967614,5,3281.789191
-10.783561,4,3281.92893
54.216439,4,3282.029098
51.523209,3,3282.489758
-11.510587,4,3282.553858
-11.510587,4,3282.613433
57.967614,5,3282.728195
54.216439,4,3282.959665
-13.476791,3,3283.041642
54.216439,4,3283.168706
54.216439,4,3283.360613
54.216439,4,3283.453969
-7.032386,5,3283.998753
54.216439,4,3284.119004
-11.199004,4,3284.484347
-10.991283,4,3284.618807
54.216439,4,3284.84989
-13.476791,3,3284.936456
57.049614,5,3285.254551
-13.476791,3,3285.394233
-14.621172,3,3285.450451
-10.783561,4,3285.791484
54.216439,4,3285.914556
-13.476791,3,3286.146178
-13.476791,3,3286.373343
54.216439,4,3286.754261
54.216439,4,3286.873444
54.216439,4,3287.101531
54.216439,4,3287.328861
-7.032386,5,3287.804433
54.216439,4,3287.894107
54.216439,4,3287.990161
54.216439,4,3288.383198
54.216439,4,3288.481886
53.196439,4,3288.611572
54.216439,4,3288.843086
54.216439,4,3288.978935
57.967614,5,3289.088101
57.967614,5,3289.190932
-7.032386,5,3289.670574
-11.510587,4,3289.730884
54.216439,4,3289.824267
54.216439,4,3289.925931
-13.476791,3,3290.00425
57.967614,5,3290.112204
54.216439,4,3290.228405
-10.783561,4,3290.492043
54.216439,4,3290.847965
-10.783561,4,3290.956887
51.523209,3,3291.389391
57.967614,5,3291.502901
54.216439,4,3291.815147
-13.476791,3,3291.937775
-13.627712,3,3291.99954
-14.292791,3,3292.058355
54.216439,4,3292.292187
57.967614,5,3292.408872
-13.476791,3,3292.478179
-7.032386,5,3292.957111
-13.476791,3,3293.380189
57.967614,5,3293.484335
-13.476791,3,3293.550008
57.967614,5,3293.676764
-10.783561,4,3293.832419
50.707209,3,3294.314407
-13.476791,3,3294.3816
54.216439,4,3294.65207
54.216439,4,3294.774578
54.216439,4,3295.07819
-13.476791,3,3295.292757
51.523209,3,3295.656496
-13.476791,3,3295.750567
54.216439,4,3295.983177
54.216439,4,3296.169716
54.216439,4,3296.508115
57.967614,5,3296.615711
54.216439,4,3297.017448
54.216439,4,3297.40449
-13.476791,3,3297.520656
51.523209,3,3297.844562
51.523209,3,3297.969345
53.55344,4,3298.139705
54.216439,4,3298.399848
54.216439,4,3298.586704
-7.032386,5,3299.124516
-7.032386,5,3299.560109
54.216439,4,3299.659309
54.216439,4,3299.893497
-13.476791,3,3300.013164
-14.190791,3,3300.093777
54.216439,4,3300.192073
51.523209,3,3300.668378
-13.476791,3,3300.908814
-7.032386,5,3301.523293
-13.476791,3,3301.596422
-13.476791,3,3301.677886
54.216439,4,3302.076908
53.29844,4,3302.315856
54.216439,4,3302.433817
54.216439,4,3302.536396
54.216439,4,3302.642048
-7.032386,5,3303.138165
57.967614,5,3303.252563
-10.783561,4,3303.581833
57.967614,5,3303.684363
-10.783561,4,3303.839384
57.967614,5,3303.962875
-13.476791,3,3304.20028
54.216439,4,3304.45029
51.523209,3,3304.5869
54.216439,4,3304.83026
-10.783561,4,3305.284314
54.216439,4,3305.67021
54.216439,4,3305.765539
-8.407468,5,3305.838207
54.216439,4,3306.178302
54.216439,4,3306.293708
51.523209,3,3306.504811
54.216439,4,3306.681731
54.216439,4,3306.828151
54.216439,4,3306.93118
54.216439,4,3307.032817
54.216439,4,3307.26544
57.967614,5,3307.439815
53.502439,4,3307.533032
54.216439,4,3307.918199
54.216439,4,3308.153055
54.216439,4,3308.380604
54.216439,4,3308.470088
54.216439,4,3308.643941
54.216439,4,3308.750149
54.216439,4,3309.076182
54.216439,4,3309.269246
54.216439,4,3309.601665
54.216439,4,3309.698572
54.216439,4,3309.823323
-13.476791,3,3310.256321
-7.032386,5,3310.860788
54.216439,4,3310.966948
54.216439,4,3311.035831
54.216439,4,3311.147906
-13.476791,3,3311.286577
-13.476791,3,3311.369797
-10.783561,4,3311.838506
54.216439,4,3312.068041
54.216439,4,3312.239602
54.216439,4,3312.495461
51.523209,3,3312.663288
-13.476791,3,3312.722395
-13.476791,3,3312.954425
-13.476791,3,3313.188231
54.216439,4,3313.281627
-13.476791,3,3313.516891
54.216439,4,3313.697157
54.216439,4,3314.023405
-10.783561,4,3314.531288
54.216439,4,3314.765528
54.216439,4,3314.890221
54.216439,4,3315.272116
-13.476791,3,3315.341325
51.523209,3,3315.712296
54.216439,4,3315.947
54.216439,4,3316.142337
-13.476791,3,3316.219511
54.216439,4,3316.54404
-13.476791,3,3316.776742
54.216439,4,3317.167319
54.216439,4,3317.262748
54.216439,4,3317.370134
54.216439,4,3317.475838
50.503209,3,3317.640581
57.967614,5,3317.75944
-13.476791,3,3317.881143
54.216439,4,3318.196682
-11.599561,4,3318.701591
-13.476791,3,3318.803302
-13.476791,3,3318.864386
-13.476791,3,3319.163316
54.216439,4,3319.496436
-13.476791,3,3319.555068
57.967614,5,3319.668386
54.216439,4,3319.902418
57.967614,5,3320.01963
-13.476791,3,3320.07938
51.523209,3,3320.236107
54.216439,4,3320.352582
-13.552251,3,3320.418692
-14.292791,3,3320.491379
-13.476791,3,3320.562116
-10.783561,4,3320.890574
54.216439,4,3321.226119
54.216439,4,3321.454083
-13.476791,3,3321.531294
54.216439,4,3321.628957
54.216439,4,3321.857743
53.55344,4,3322.08566
54.216439,4,3322.348881
54.216439,4,3322.667313
-13.476791,3,3322.943781
-7.032386,5,3323.436778
54.216439,4,3323.538194
54.216439,4,3323.725517
54.216439,4,3323.972141
-10.783561,4,3324.405737
54.216439,4,3324.522479
54.216439,4,3324.751695
54.216439,4,3324.850816
54.216439,4,3324.94398
-13.476791,3,3325.032145
54.216439,4,3325.420526
51.523209,3,3325.565856
-13.476791,3,3326.107233
-10.991283,4,3326.400369
51.523209,3,3326.59837
54.216439,4,3326.929879
54.216439,4,3327.161188
-13.476791,3,3327.243962
54.216439,4,3327.421378
-11.654283,4,3327.721308
-7.032386,5,3328.349687
-7.032386,5,3328.976596
57.967614,5,3329.097765
-13.476791,3,3329.320169
53.502439,4,3329.579266
-8.407468,5,3329.700625
-13.476791,3,3329.849895
57.967614,5,3329.945672
54.216439,4,3330.178016
-13.476791,3,3330.369952
-13.476791,3,3330.495696
57.967614,5,3330.606499
-7.032386,5,3331.229269
-13.476791,3,3331.289563
57.304614,5,3331.402628
-13.476791,3,3331.495757
53.55344,4,3331.593126
53.196439,4,3331.824331
-13.476791,3,3332.022151
54.216439,4,3332.214027
-13.476791,3,3332.29679
54.216439,4,3332.474623
-7.032386,5,3333.121167
-15.312791,3,3333.182744
54.216439,4,3333.380578
57.967614,5,3333.495905
-13.627712,3,3333.589565
-13.476791,3,3333.841908
54.216439,4,3334.073117
51.523209,3,3334.183433
54.216439,4,3334.424418
53.502439,4,3334.816129
-13.476791,3,3334.873191
-7.032386,5,3335.359512
-13.476791,3,3335.440541
54.216439,4,3335.670867
-7.032386,5,3336.123137
-13.476791,3,3336.245833
-13.476791,3,3336.483299
-13.476791,3,3336.719392
-13.476791,3,3336.807531
54.216439,4,3337.039409
54.216439,4,3337.296335
53.196439,4,3337.531961
-7.032386,5,3338.023105
54.216439,4,3338.401261
54.216439,4,3338.576621
54.216439,4,3338.687035
54.216439,4,3338.934051
54.216439,4,3339.112448
54.216439,4,3339.266202
-13.476791,3,3339.335824
50.860209,3,3339.673889
54.216439,4,3339.904423
-7.032386,5,3340.355662
54.216439,4,3340.446357
-14.723172,3,3340.511581
53.502439,4,3340.89683
54.216439,4,3341.291698
-13.476791,3,3341.531514
54.216439,4,3341.758231
54.216439,4,3341.876603
-10.783561,4,3342.384828
54.216439,4,3342.704842
51.523209,3,3342.899651
54.216439,4,3343.282722
54.216439,4,3343.472965
54.216439,4,3343.704835
57.253614,5,3343.820201
54.216439,4,3344.1359
51.523209,3,3344.46915
-13.552251,3,3344.860914
-13.476791,3,3344.924135
54.216439,4,3345.120991
-13.476791,3,3345.208779
-13.552251,3,3345.279416
-13.476791,3,3345.810405
-13.476791,3,3345.887525
54.216439,4,3346.132285
54.216439,4,3346.453497
57.049614,5,3346.635829
-7.032386,5,3347.225503
54.216439,4,3347.449989
54.216439,4,3347.684368
57.967614,5,3347.763539
57.967614,5,3347.879716
-13.476791,3,3348.009952
-13.476791,3,3348.130068
-13.476791,3,3348.252824
54.216439,4,3348.513951
51.523209,3,3348.782299
54.216439,4,3348.876598
54.216439,4,3348.983871
54.216439,4,3349.245668
57.967614,5,3349.344347
57.967614,5,3349.433614
54.216439,4,3349.558267
-10.783561,4,3349.692001
57.967614,5,3349.807284
54.216439,4,3349.903812
-13.476791,3,3349.987249
54.216439,4,3350.110994
57.967614,5,3350.229889
54.216439,4,3350.344309
51.523209,3,3350.804883
54.216439,4,3350.900229
54.216439,4,3351.227246
-14.760902,3,3351.286015
57.967614,5,3351.393421
54.216439,4,3351.637882
-13.476791,3,3351.731609
-13.476791,3,3351.793322
54.216439,4,3351.879196
54.216439,4,3351.982057
-13.476791,3,3352.450466
57.967614,5,3352.569256
57.967614,5,3352.68658
54.216439,4,3352.91709
54.216439,4,3353.23241
54.216439,4,3353.319335
57.967614,5,3353.417618
54.216439,4,3353.539159
54.216439,4,3353.686356
54.216439,4,3353.784502
53.196439,4,3354.017324
57.967614,5,3354.130456
54.216439,4,3354.312515
54.216439,4,3354.434179
-11.199004,4,3354.560356
51.523209,3,3354.693555
-14.139791,3,3354.869298
57.967614,5,3354.984433
51.523209,3,3355.131705
54.216439,4,3355.226517
-13.476791,3,3355.302905
57.967614,5,3355.407696
57.967614,5,3355.521982
53.29844,4,3355.761838
-7.032386,5,3356.345533
-11.406726,4,3356.469842
57.967614,5,3356.641918
-13.476791,3,3356.701486
54.216439,4,3356.939394
54.216439,4,3357.040618
54.216439,4,3357.140741
54.216439,4,3357.317052
-7.032386,5,3357.729989
-13.627712,3,3357.81912
54.216439,4,3358.066485
54.216439,4,3358.294418
-7.032386,5,3358.788088
54.216439,4,3358.904889
54.216439,4,3359.160354
57.967614,5,3359.300542
54.216439,4,3359.54741
54.216439,4,3359.787947
-14.190791,3,3359.91654
53.29844,4,3360.159659
-13.703172,3,3360.225893
57.967614,5,3360.408283
54.216439,4,3360.546501
-13.476791,3,3360.632242
-7.032386,5,3361.05372
54.216439,4,3361.227649
-13.476791,3,3361.296318
53.400439,4,3361.554149
-13.740902,3,3361.62092
-13.627712,3,3361.679546
57.304614,5,3361.78221
57.967614,5,3361.895856
54.216439,4,3362.133969
-7.032386,5,3362.627138
-11.510587,4,3362.691709
-13.476791,3,3362.765575
54.216439,4,3362.949373
54.216439,4,3363.134913
54.216439,4,3363.381949
-13.476791,3,3363.592614
53.196439,4,3363.712287
54.216439,4,3363.948019
57.967614,5,3364.039138
54.216439,4,3364.304319
54.216439,4,3364.42001
51.447749,3,3364.79835
54.216439,4,3364.990392
54.216439,4,3365.184155
54.216439,4,3365.439688
-13.476791,3,3365.56237
54.216439,4,3365.722668
54.216439,4,3365.899115
57.967614,5,3366.014245
-14.190791,3,3366.072952
57.967614,5,3366.183315
59.099294,6,3366.284011
57.967614,5,3366.387226
-13.476791,3,3366.463852
-13.703172,3,3366.523076
54.216439,4,3366.74244
-13.740902,3,3366.81107
-13.476791,3,3366.915768
57.967614,5,3367.048703
-7.032386,5,3367.525691
54.216439,4,3367.638979
57.967614,5,3367.831229
57.967614,5,3367.973221
57.967614,5,3368.114277
-10.783561,4,3368.613128
54.216439,4,3368.873145
54.216439,4,3369.061925
54.216439,4,3369.169613
54.216439,4,3369.432126
54.216439,4,3369.529314
57.967614,5,3369.647058
54.216439,4,3369.899406
54.216439,4,3370.015528
-13.476791,3,3370.151592
54.216439,4,3370.419056
57.967614,5,3370.537891
-13.740902,3,3370.597791
-10.783561,4,3371.076522
-13.476791,3,3371.211903
54.216439,4,3371.410942
54.216439,4,3371.584719
-13.627712,3,3371.708061
54.216439,4,3371.936263
54.216439,4,3372.03442
54.216439,4,3372.143046
54.216439,4,3372.525732
-13.476791,3,3372.667947
54.216439,4,3372.790485
54.216439,4,3372.967921
54.216439,4,3373.078079
54.216439,4,3373.364421
-10.783561,4,3373.469075
57.967614,5,3373.587329
54.216439,4,3373.970988
54.216439,4,3374.223659
51.523209,3,3374.53706
-11.510587,4,3374.605704
54.216439,4,3374.695724
54.216439,4,3374.764883
57.967614,5,3374.883093
52.27844,4,3375.209161
54.216439,4,3375.377504
57.967614,5,3375.470623
54.216439,4,3375.580058
57.967614,5,3375.696869
-7.032386,5,3376.153728
54.216439,4,3376.254071
54.216439,4,3376.341765
54.216439,4,3376.518545
-13.476791,3,3376.600659
54.216439,4,3376.765634
54.216439,4,3376.894359
51.523209,3,3377.12825
54.216439,4,3377.440911
54.216439,4,3377.69277
54.216439,4,3377.797521
54.216439,4,3377.898775
54.216439,4,3378.123856
54.216439,4,3378.317821
57.967614,5,3378.437772
-13.476791,3,3378.669518
54.216439,4,3378.933879
54.216439,4,3379.185784
51.523209,3,3379.644135
54.216439,4,3379.840608
-13.476791,3,3379.901628
51.523209,3,3380.070406
54.216439,4,3380.303175
57.967614,5,3380.4158
54.216439,4,3380.811348
57.967614,5,3380.914985
-14.292791,3,3381.069802
54.216439,4,3381.259267
-13.476791,3,3381.318626
54.216439,4,3381.550693
-13.476791,3,3381.956909
51.523209,3,3382.410307
54.216439,4,3382.64657
-10.783561,4,3382.803816
-14.190791,3,3382.868921
-13.476791,3,3383.011852
54.216439,4,3383.109989
-13.476791,3,3383.186097
54.216439,4,3383.297827
-14.292791,3,3383.426275
-13.476791,3,3383.613103
-13.476791,3,3383.697751
-13.476791,3,3383.815646
51.523209,3,3384.274055
-13.476791,3,3384.387412
-13.476791,3,3384.526092
54.216439,4,3384.715937
-11.406726,4,3384.788812
51.523209,3,3385.237646
54.216439,4,3385.486089
57.967614,5,3385.59176
-13.476791,3,3385.723841
54.216439,4,3385.828225
54.216439,4,3385.994951
-13.476791,3,3386.068285
54.216439,4,3386.434238
-13.476791,3,3386.728309
-13.476791,3,3386.902617
57.049614,5,3387.036864
-13.552251,3,3387.111949
-10.783561,4,3387.407374
-13.476791,3,3387.55935
57.304614,5,3387.67602
54.216439,4,3387.91173
51.523209,3,3388.229092
-10.783561,4,3388.371056
-10.783561,4,3388.505973
-13.476791,3,3388.796488
-13.476791,3,3389.139738
-11.44656,4,3389.273472
-10.783561,4,3389.426224
54.216439,4,3389.659791
57.967614,5,3389.773617
-13.703172,3,3389.831208
-11.510587,4,3389.896813
54.216439,4,3390.111348
54.216439,4,3390.232012
-14.496791,3,3390.293622
-13.476791,3,3390.407349
-10.783561,4,3390.882647
-13.476791,3,3391.110638
54.216439,4,3391.278008
-10.783561,4,3391.413438
54.216439,4,3391.798634
54.216439,4,3391.989043
54.216439,4,3392.382609
-7.032386,5,3392.969049
54.216439,4,3393.20167
54.216439,4,3393.437333
-13.476791,3,3393.518951
54.216439,4,3393.745936
-13.476791,3,3393.822559
57.967614,5,3393.910788
57.967614,5,3394.02697
54.216439,4,3394.251622
54.216439,4,3394.477767
51.523209,3,3394.752271
51.523209,3,3395.027948
54.216439,4,3395.277559
54.216439,4,3395.61489
54.216439,4,3395.720738
54.216439,4,3395.982897
54.216439,4,3396.2212
54.216439,4,3396.322582
-11.44656,4,3396.465003
-7.032386,5,3396.950844
54.216439,4,3397.01409
54.216439,4,3397.259291
54.216439,4,3397.372816
54.216439,4,3397.565784
57.967614,5,3397.682707
54.216439,4,3397.784063
54.216439,4,3398.016892
54.216439,4,3398.234425
54.216439,4,3398.299244
57.967614,5,3398.389383
57.967614,5,3398.501608
-14.266251,3,3398.569837
54.216439,4,3398.673001
54.216439,4,3398.992023
54.216439,4,3399.240891
54.216439,4,3399.336145
54.216439,4,3399.434319
57.967614,5,3399.549182
57.967614,5,3399.658848
57.967614,5,3399.773729
53.400439,4,3400.039715
-7.032386,5,3400.645593
-7.032386,5,3401.0728
57.049614,5,3401.178542
54.216439,4,3401.461165
57.967614,5,3401.580447
54.216439,4,3401.694628
-11.199004,4,3401.78982
54.216439,4,3401.891588
54.216439,4,3402.172029
51.523209,3,3402.574999
54.216439,4,3402.669998
-7.032386,5,3402.967108
54.216439,4,3403.227505
-13.476791,3,3403.286285
54.216439,4,3403.51724
57.967614,5,3403.617883
-11.510587,4,3403.68114
54.216439,4,3403.898147
54.216439,4,3403.992399
54.216439,4,3404.274271
51.523209,3,3404.382441
54.216439,4,3404.620964
-7.032386,5,3405.252581
54.216439,4,3405.398002
-13.476791,3,3405.475601
-7.032386,5,3405.954381
54.216439,4,3406.331076
54.216439,4,3406.558753
54.216439,4,3406.731445
54.216439,4,3406.965002
51.523209,3,3407.094198
57.967614,5,3407.213102
54.216439,4,3407.506845
54.216439,4,3407.767798
57.967614,5,3407.845916
51.523209,3,3408.119825
57.967614,5,3408.230996
-11.44656,4,3408.529216
54.216439,4,3408.772864
54.216439,4,3408.962825
-10.783561,4,3409.588386
51.523209,3,3409.909613
57.967614,5,3410.017077
54.216439,4,3410.265044
-13.476791,3,3410.344438
54.216439,4,3410.406578
54.216439,4,3410.644792
54.216439,4,3410.832817
57.049614,5,3410.947281
54.216439,4,3411.12976
57.967614,5,3411.240433
51.523209,3,3411.558667
54.216439,4,3411.754282
50.809209,3,3412.213109
54.216439,4,3412.324917
-13.476791,3,3412.406808
-10.783561,4,3413.124893
-13.476791,3,3413.527285
54.216439,4,3413.757465
54.216439,4,3413.97245
54.216439,4,3414.075751
52.482439,4,3414.33681
57.967614,5,3414.398821
-13.476791,3,3414.456732
57.967614,5,3414.572153
-13.552251,3,3414.881876
54.216439,4,3415.074206
-13.476791,3,3415.15596
53.502439,4,3415.472535
-13.552251,3,3415.574221
54.216439,4,3415.956579
54.216439,4,3416.042307
54.216439,4,3416.276488
54.216439,4,3416.366757
57.967614,5,3416.469016
54.216439,4,3416.725893
54.216439,4,3416.824065
-13.740902,3,3416.886698
54.216439,4,3417.118129
54.216439,4,3417.216026
54.216439,4,3417.32269
54.216439,4,3417.56275
54.216439,4,3417.873059
54.216439,4,3418.057361
54.216439,4,3418.156498
54.216439,4,3418.399662
-13.740902,3,3418.456045
-7.032386,5,3418.909983
51.523209,3,3419.235713
54.216439,4,3419.345975
54.216439,4,3419.442306
54.216439,4,3419.658507
57.967614,5,3419.751588
54.216439,4,3419.941301
54.216439,4,3420.128087
54.216439,4,3420.508275
57.967614,5,3420.61244
54.216439,4,3420.725093
54.216439,4,3420.955043
-13.476791,3,3421.01427
57.967614,5,3421.104544
51.523209,3,3421.314488
54.216439,4,3421.545014
54.216439,4,3421.717562
54.216439,4,3421.798724
51.523209,3,3422.038205
54.216439,4,3422.144531
54.216439,4,3422.328693
53.502439,4,3422.451714
54.216439,4,3422.690756
54.216439,4,3422.936146
54.216439,4,3423.116051
-13.552251,3,3423.203566
54.216439,4,3423.427961
-13.476791,3,3423.512584
54.216439,4,3423.605719
-7.848386,5,3424.193235
54.216439,4,3424.429775
57.967614,5,3424.548017
54.216439,4,3424.645728
-10.783561,4,3425.112635
54.216439,4,3425.428186
-7.032386,5,3426.015774
-13.703172,3,3426.073851
54.216439,4,3426.172497
54.216439,4,3426.351459
57.967614,5,3426.469973
57.967614,5,3426.58735
-13.476791,3,3426.825001
54.216439,4,3427.141827
54.216439,4,3427.375009
-11.510587,4,3427.439117
54.216439,4,3427.592294
-13.476791,3,3427.825779
-7.032386,5,3428.442062
54.216439,4,3428.808148
54.216439,4,3428.92063
51.523209,3,3429.127345
-7.032386,5,3429.612038
-13.627712,3,3429.68629
54.216439,4,3429.913804
54.216439,4,3430.06454
51.523209,3,3430.178955
54.216439,4,3430.369318
-13.476791,3,3430.440932
54.216439,4,3430.692398
51.523209,3,3430.923223
-10.783561,4,3431.416019
54.216439,4,3431.643367
-13.627712,3,3431.715821
57.967614,5,3431.832712
54.216439,4,3432.221221
-13.476791,3,3432.460143
53.55344,4,3432.849075
54.216439,4,3433.075662
-13.740902,3,3433.140791
51.523209,3,3433.588353
54.216439,4,3433.700947
54.216439,4,3433.800362
-13.476791,3,3433.924642
54.216439,4,3434.107453
-11.406726,4,3434.170916
-13.476791,3,3434.248568
50.707209,3,3434.684912
-7.032386,5,3435.121341
54.216439,4,3435.484826
57.967614,5,3435.598743
-13.476791,3,3435.655814
54.216439,4,3435.882146
-13.476791,3,3436.018116
-13.703172,3,3436.084705
54.216439,4,3436.178345
-11.497561,4,3436.328992
51.523209,3,3436.583219
-10.783561,4,3436.683391
-7.032386,5,3437.206565
54.216439,4,3437.338397
51.523209,3,3437.671541
57.967614,5,3437.776988
54.216439,4,3438.018151
-13.476791,3,3438.165722
54.216439,4,3438.35368
51.523209,3,3438.805929
-13.703172,3,3438.876054
-13.476791,3,3438.966231
-13.476791,3,3439.024312
-13.476791,3,3439.250762
-13.476791,3,3439.366448
54.216439,4,3439.46609
51.523209,3,3439.615839
-13.476791,3,3439.84814
51.523209,3,3439.974355
54.216439,4,3440.337746
-13.476791,3,3440.624836
-13.476791,3,3440.917562
-14.190791,3,3441.005205
-13.703172,3,3441.069638
-13.476791,3,3441.333309
53.196439,4,3441.472676
-7.032386,5,3441.95241
54.216439,4,3442.173711
54.216439,4,3442.276585
54.216439,4,3442.670016
-11.199004,4,3442.822266
51.523209,3,3443.095719
54.216439,4,3443.202172
54.216439,4,3443.571209
51.523209,3,3443.713538
54.216439,4,3443.992577
-13.476791,3,3444.132815
54.216439,4,3444.256635
54.216439,4,3444.385876
54.216439,4,3444.792915
54.216439,4,3445.075894
57.967614,5,3445.180129
54.216439,4,3445.267766
54.216439,4,3445.370738
57.967614,5,3445.485072
54.216439,4,3445.668026
-13.476791,3,3445.746157
-13.476791,3,3445.83004
54.216439,4,3446.233392
54.216439,4,3446.489734
-13.703172,3,3446.54923
57.967614,5,3446.669437
57.967614,5,3446.77118
54.216439,4,3446.890522
-7.032386,5,3447.508517
57.967614,5,3447.610512
-13.552251,3,3448.0033
57.967614,5,3448.101454
57.967614,5,3448.218135
-13.627712,3,3448.314196
51.523209,3,3448.720004
54.216439,4,3448.950713
-13.476791,3,3449.247357
54.216439,4,3449.359904
54.216439,4,3449.458226
54.216439,4,3449.691388
57.967614,5,3449.791158
-7.032386,5,3450.231309
-7.032386,5,3450.681594
57.967614,5,3450.797842
53.400439,4,3450.906741
-13.740902,3,3450.97586
-13.476791,3,3451.048491
54.216439,4,3451.251992
51.523209,3,3451.711462
-13.476791,3,3451.817936
-10.783561,4,3451.967975
54.216439,4,3452.056123
50.707209,3,3452.53483
-13.476791,3,3452.59092
-13.476791,3,3452.884628
53.29844,4,3453.115994
57.967614,5,3453.224864
54.216439,4,3453.344232
-13.476791,3,3453.402303
51.523209,3,3453.792563
-13.476791,3,3453.929716
-13.476791,3,3454.043497
51.523209,3,3454.509631
54.216439,4,3454.62003
-10.783561,4,3454.959914
-11.510587,4,3455.02578
-13.476791,3,3455.224433
54.216439,4,3455.315768
-13.476791,3,3455.556227
-13.476791,3,3455.631342
54.216439,4,3455.724468
54.216439,4,3455.890931
53.55344,4,3456.140257
-10.783561,4,3456.286031
54.216439,4,3456.681272
54.216439,4,3456.923735
-10.783561,4,3457.067932
54.216439,4,3457.166902
53.400439,4,3457.273124
54.216439,4,3457.397356
-10.783561,4,3457.462457
54.216439,4,3457.864535
-14.496791,3,3458.01116
-13.476791,3,3458.170727
-13.476791,3,3458.453429
-10.783561,4,3458.601725
54.216439,4,3458.697878
-13.703172,3,3458.766289
53.400439,4,3459.007178
54.216439,4,3459.254548
-10.783561,4,3459.398602
-13.476791,3,3459.48575
53.400439,4,3459.869651
-10.783561,4,3460.320333
-13.476791,3,3460.398507
-10.783561,4,3460.537793
57.967614,5,3460.64246
54.216439,4,3460.829737
51.523209,3,3461.28933
54.216439,4,3461.397815
54.216439,4,3461.596047
-13.476791,3,3461.680376
53.400439,4,3461.773189
54.216439,4,3462.165968
54.216439,4,3462.389716
54.216439,4,3462.504355
54.216439,4,3462.753704
54.216439,4,3462.862917
-10.783561,4,3463.190749
53.502439,4,3463.598651
50.503209,3,3464.206683
-13.476791,3,3464.284759
-13.476791,3,3464.523922
51.523209,3,3464.983924
51.523209,3,3465.140132
-13.476791,3,3465.226731
54.216439,4,3465.355129
51.523209,3,3465.590922
-13.476791,3,3465.668535
51.523209,3,3465.962153
-13.476791,3,3466.228101
-13.476791,3,3466.326028
51.523209,3,3466.798248
51.523209,3,3467.199074
-10.783561,4,3467.524256
-14.496791,3,3467.664018
-13.476791,3,3467.757131
-13.476791,3,3468.046335
-14.394791,3,3468.116488
-13.476791,3,3468.376185
51.523209,3,3468.832933
54.216439,4,3469.082858
-10.783561,4,3469.596194
57.967614,5,3469.6972
-10.783561,4,3470.180593
54.216439,4,3470.290034
-10.783561,4,3470.614872
-13.476791,3,3470.760536
-10.783561,4,3471.2416
53.502439,4,3471.340271
-13.476791,3,3471.423156
54.216439,4,3471.649295
-8.407468,5,3471.780658
-7.032386,5,3472.311376
-13.476791,3,3472.618423
-13.476791,3,3472.681568
-13.476791,3,3472.919434
-11.406726,4,3473.020435
54.216439,4,3473.250065
-7.032386,5,3473.84393
-13.740902,3,3473.905013
-10.783561,4,3474.238853
57.967614,5,3474.333989
-13.476791,3,3474.391607
54.216439,4,3474.622072
-13.476791,3,3474.754036
-7.032386,5,3475.242451
54.216439,4,3475.439281
-10.783561,4,3475.515931
54.216439,4,3475.879904
-13.476791,3,3476.114272
-13.476791,3,3476.20192
51.523209,3,3476.545235
51.523209,3,3476.994629
-8.343267,5,3477.134827
-7.032386,5,3477.696243
54.216439,4,3477.940459
-13.476791,3,3477.999618
-13.476791,3,3478.082859
-13.627712,3,3478.172507
-13.476791,3,3478.270598
-13.476791,3,3478.414693
51.523209,3,3478.868323
54.216439,4,3479.252128
51.523209,3,3479.712528
51.523209,3,3479.896024
-13.476791,3,3479.978823
54.216439,4,3480.214853
54.216439,4,3480.318556
50.605209,3,3480.771369
-13.552251,3,3480.886712
-10.783561,4,3481.358562
-13.476791,3,3481.441152
54.216439,4,3481.543884
54.216439,4,3481.661051
-13.476791,3,3481.777223
-14.292791,3,3481.859139
-13.476791,3,3482.031356
-14.496791,3,3482.136744
54.216439,4,3482.377668
-10.783561,4,3482.52156
54.216439,4,3482.750658
54.216439,4,3482.988412
54.216439,4,3483.232981
54.216439,4,3483.633263
-13.476791,3,3483.754671
51.523209,3,3484.194533
53.55344,4,3484.561884
-11.497561,4,3484.892582
-13.627712,3,3484.9562
54.216439,4,3485.149707
-13.476791,3,3485.227096
54.216439,4,3485.332852
54.216439,4,3485.436158
51.523209,3,3485.895935
-13.476791,3,3486.042108
54.216439,4,3486.270309
57.049614,5,3486.362505
-10.783561,4,3486.494667
53.502439,4,3486.590405
57.967614,5,3486.701994
-11.406726,4,3486.792351
54.216439,4,3486.883629
54.216439,4,3487.051465
54.216439,4,3487.284422
54.216439,4,3487.600533
54.216439,4,3487.83918
54.216439,4,3487.942322
57.967614,5,3488.054597
54.216439,4,3488.162529
-13.476791,3,3488.248567
51.523209,3,3488.530639
57.967614,5,3488.642299
54.216439,4,3488.758254
54.216439,4,3489.042084
54.216439,4,3489.140448
54.216439,4,3489.526256
54.216439,4,3489.762789
54.216439,4,3489.869208
54.216439,4,3489.968091
54.216439,4,3490.376014
54.216439,4,3490.616009
-13.476791,3,3490.706131
51.523209,3,3491.159923
54.216439,4,3491.263602
57.967614,5,3491.378806
51.523209,3,3491.525015
-10.783561,4,3491.838205
54.216439,4,3492.081113
51.523209,3,3492.408773
-11.199004,4,3492.636326
51.523209,3,3493.092238
51.523209,3,3493.546179
57.967614,5,3493.664082
54.216439,4,3493.762444
-13.476791,3,3493.856767
57.967614,5,3493.968006
54.216439,4,3494.201799
51.523209,3,3494.322675
-7.032386,5,3494.909128
54.216439,4,3495.101453
-13.476791,3,3495.283568
54.216439,4,3495.473697
-11.406726,4,3495.64111
54.216439,4,3495.744994
-13.476791,3,3495.841423
54.216439,4,3495.932144
53.502439,4,3496.19438
54.216439,4,3496.295183
54.216439,4,3496.387001
-13.476791,3,3496.552332
51.523209,3,3496.813802
51.523209,3,3497.223423
-13.476791,3,3497.29169
54.216439,4,3497.6531
-13.476791,3,3497.714703
-13.476791,3,3497.9727
54.216439,4,3498.076417
57.967614,5,3498.161031
-13.476791,3,3498.254688
-13.476791,3,3498.491118
-7.032386,5,3498.954998
-13.476791,3,3499.056153
54.216439,4,3499.155275
54.216439,4,3499.499927
54.216439,4,3499.887261
57.967614,5,3500.00498
54.216439,4,3500.241841
54.216439,4,3500.476216
-7.032386,5,3500.936005
54.216439,4,3501.14447
54.216439,4,3501.441325
54.216439,4,3501.527006
54.216439,4,3501.754656
-10.991283,4,3502.036712
54.216439,4,3502.286265
51.523209,3,3502.531748
-7.032386,5,3502.943741
54.216439,4,3503.153273
57.253614,5,3503.229419
57.967614,5,3503.33006
51.523209,3,3503.448033
57.967614,5,3503.497601
-13.627712,3,3503.570763
54.216439,4,3503.621326
54.216439,4,3503.872249
57.967614,5,3503.987411
-13.740902,3,3504.050546
54.216439,4,3504.328847
51.523209,3,3504.715136
54.216439,4,3504.937305
-11.406726,4,3505.022018
57.967614,5,3505.117715
54.216439,4,3505.37188
-7.032386,5,3505.924108
54.216439,4,3506.287262
-13.476791,3,3506.382615
-13.740902,3,3506.452719
54.216439,4,3506.826226
51.523209,3,3507.101018
-13.476791,3,3507.161167
54.216439,4,3507.262943
-13.476791,3,3507.328549
-13.476791,3,3507.404141
51.523209,3,3507.653879
57.967614,5,3507.763756
54.216439,4,3507.906233
51.523209,3,3508.083739
-10.783561,4,3508.233431
54.216439,4,3508.32459
51.523209,3,3508.426031
51.523209,3,3508.848475
54.216439,4,3509.18601
51.523209,3,3509.455502
53.196439,4,3509.69747
-13.476791,3,3510.131981
-11.510587,4,3510.196641
54.216439,4,3510.460151
54.216439,4,3510.652093
51.523209,3,3510.917836
-7.848386,5,3511.412001
51.523209,3,3511.579253
-14.394791,3,3511.656361
-13.476791,3,3511.763088
54.216439,4,3511.937205
54.216439,4,3512.054364
-10.783561,4,3512.203578
51.523209,3,3512.639868
-13.703172,3,3512.697954
51.523209,3,3513.139633
57.967614,5,3513.226814
54.216439,4,3513.578336
51.523209,3,3513.869876
51.523209,3,3514.167737
57.967614,5,3514.266302
54.216439,4,3514.51896
54.216439,4,3514.873618
-13.476791,3,3514.935227
54.216439,4,3515.234601
51.523209,3,3515.420918
51.523209,3,3515.569705
-13.703172,3,3515.627784
56.947614,5,3515.694902
-13.476791,3,3515.754606
-13.476791,3,3515.987895
57.253614,5,3516.131109
56.947614,5,3516.249335
53.196439,4,3516.319554
-13.476791,3,3516.422626
57.967614,5,3516.506285
54.216439,4,3516.736026
-13.476791,3,3516.794137
-11.803561,4,3517.102162
54.216439,4,3517.196005
54.216439,4,3517.581437
54.216439,4,3517.839137
-13.476791,3,3517.901027
54.216439,4,3518.152619
51.523209,3,3518.589173
54.216439,4,3518.856034
54.216439,4,3518.962683
51.523209,3,3519.331386
54.216439,4,3519.697736
53.196439,4,3519.984529
54.216439,4,3520.057625
57.253614,5,3520.174657
54.216439,4,3520.446278
54.216439,4,3520.574982
-10.783561,4,3520.9152
-13.476791,3,3521.006404
-7.032386,5,3521.594007
54.216439,4,3521.762268
-13.476791,3,3521.938616
54.216439,4,3522.032865
54.216439,4,3522.41205
-7.032386,5,3522.942558
-13.476791,3,3523.187431
57.967614,5,3523.304542
-13.476791,3,3523.421529
-13.476791,3,3523.55272
54.216439,4,3523.771265
53.196439,4,3524.148501
-7.695386,5,3524.634094
57.253614,5,3524.728263
57.304614,5,3524.846067
54.216439,4,3525.072167
-13.476791,3,3525.132772
-13.476791,3,3525.21349
54.216439,4,3525.374378
57.967614,5,3525.489116
54.216439,4,3525.74087
54.216439,4,3525.840191
-13.476791,3,3525.949617
51.523209,3,3526.414438
54.216439,4,3526.796754
-13.476791,3,3526.927453
-13.476791,3,3527.003561
57.967614,5,3527.123255
-10.783561,4,3527.267143
-13.476791,3,3527.564477
57.967614,5,3527.662852
51.523209,3,3528.15914
53.55344,4,3528.24229
54.216439,4,3528.333565
-11.199004,4,3528.43197
54.216439,4,3528.587329
-13.476791,3,3528.679463
-11.406726,4,3528.765085
-13.476791,3,3528.831197
-13.476791,3,3529.14455
51.523209,3,3529.290106
-7.032386,5,3529.812855
-7.032386,5,3530.329579
-7.032386,5,3530.781453
-13.476791,3,3530.929659
-7.848386,5,3531.364348
-13.476791,3,3531.439529
-13.476791,3,3531.743058
-13.476791,3,3532.007062
-13.552251,3,3532.229696
-13.476791,3,3532.488531
53.55344,4,3532.811819
57.967614,5,3532.925228
-13.476791,3,3533.13743
-13.476791,3,3533.2231
-13.476791,3,3533.441446
53.29844,4,3533.932096
-10.783561,4,3534.277844
-10.783561,4,3534.426017
-11.44656,4,3534.569853
-13.740902,3,3534.634987
-13.476791,3,3534.779807
-13.476791,3,3534.83783
-10.783561,4,3535.314445
-10.783561,4,3535.624578
-13.476791,3,3535.901621
-13.476791,3,3535.964726
53.400439,4,3536.366162
54.216439,4,3536.599336
54.216439,4,3536.847375
-13.476791,3,3537.026806
-13.476791,3,3537.11195
-13.476791,3,3537.239398
54.216439,4,3537.477908
51.523209,3,3537.639005
-13.476791,3,3537.699151
-13.476791,3,3537.945372
51.523209,3,3538.539062
54.216439,4,3538.700374
54.216439,4,3538.86636
54.216439,4,3538.960548
54.216439,4,3539.358382
54.216439,4,3539.562658
-7.032386,5,3539.984313
54.216439,4,3540.381175
-13.476791,3,3540.443761
-14.403902,3,3540.496849
54.216439,4,3540.694292
-10.783561,4,3541.168904
54.216439,4,3541.538868
-14.496791,3,3541.617345
57.967614,5,3541.733499
51.523209,3,3542.128008
54.216439,4,3542.416835
51.523209,3,3542.822473
51.523209,3,3543.141329
-10.783561,4,3543.600557
-13.476791,3,3543.87905
54.216439,4,3544.273697
-11.44656,4,3544.572301
51.523209,3,3544.706691
-13.476791,3,3544.793308
-13.476791,3,3545.02628
-13.476791,3,3545.241132
-13.476791,3,3545.443477
50.707209,3,3545.881643
-14.496791,3,3545.968281
51.523209,3,3546.144366
-13.476791,3,3546.209946
-11.803561,4,3546.361262
-13.476791,3,3546.421446
-10.783561,4,3546.532098
-14.394791,3,3546.694852
53.196439,4,3546.806069
-11.199004,4,3546.896289
57.967614,5,3547.024382
54.216439,4,3547.248993
51.523209,3,3547.379952
-13.476791,3,3547.651446
51.523209,3,3548.02483
57.967614,5,3548.146499
-10.783561,4,3548.498624
57.967614,5,3548.606282
53.502439,4,3548.773091
51.523209,3,3548.923767
54.216439,4,3549.130533
-13.476791,3,3549.189319
54.216439,4,3549.547367
54.216439,4,3549.918602
57.967614,5,3550.007793
57.049614,5,3550.114829
-7.032386,5,3550.561108
51.523209,3,3551.005099
54.216439,4,3551.087277
-13.740902,3,3551.147852
-14.394791,3,3551.43745
54.216439,4,3551.842094
57.967614,5,3551.931814
54.216439,4,3552.079748
-13.703172,3,3552.124952
-13.476791,3,3552.264178
57.967614,5,3552.393869
-13.476791,3,3552.525061
-13.627712,3,3552.619691
-13.476791,3,3552.682152
-13.476791,3,3552.730704
54.216439,4,3552.956577
51.523209,3,3553.107301
54.216439,4,3553.479537
50.605209,3,3553.658463
-10.783561,4,3554.147605
54.216439,4,3554.327292
-13.476791,3,3554.430508
54.216439,4,3554.66421
54.216439,4,3555.054947
-7.032386,5,3555.517029
-10.783561,4,3555.667398
54.216439,4,3555.889416
-13.476791,3,3556.138108
54.216439,4,3556.366166
51.523209,3,3556.540209
-11.70156,4,3556.997458
-13.476791,3,3557.131081
57.304614,5,3557.2248
-13.476791,3,3557.307834
-13.476791,3,3557.366709
54.216439,4,3557.462373
-13.476791,3,3557.607242
-14.496791,3,3557.66684
54.216439,4,3557.846958
54.216439,4,3558.042431
-13.476791,3,3558.155082
-13.627712,3,3558.207657
51.523209,3,3558.632807
57.967614,5,3558.753495
54.216439,4,3558.992501
-13.476791,3,3559.14777
-7.032386,5,3559.6195
54.216439,4,3559.951926
54.216439,4,3560.104594
57.967614,5,3560.206892
54.216439,4,3560.28294
54.216439,4,3560.380425
54.216439,4,3560.679759
54.216439,4,3560.836493
54.216439,4,3561.179315
54.216439,4,3561.432815
54.216439,4,3561.721998
57.967614,5,3561.801526
54.216439,4,3562.017472
54.216439,4,3562.076552
53.29844,4,3562.314192
54.216439,4,3562.398451
51.523209,3,3562.713678
54.216439,4,3563.069038
54.216439,4,3563.164341
-13.476791,3,3563.257985
-13.703172,3,3563.316589
-13.476791,3,3563.403277
-7.032386,5,3563.888077
54.216439,4,3563.98523
54.216439,4,3564.230042
-11.199004,4,3564.357429
50.707209,3,3564.659379
57.967614,5,3564.793064
-13.476791,3,3564.848659
-13.476791,3,3564.954687
-14.417172,3,3565.008748
51.523209,3,3565.41466
53.29844,4,3565.667561
-13.476791,3,3565.815987
-14.292791,3,3565.865072
54.216439,4,3565.978143
54.216439,4,3566.062783
54.216439,4,3566.185086
-13.476791,3,3566.409065
-13.476791,3,3566.559056
54.216439,4,3566.927197
57.967614,5,3567.024199
54.216439,4,3567.128497
51.523209,3,3567.569584
51.523209,3,3567.916637
54.216439,4,3568.147641
-13.476791,3,3568.234465
57.967614,5,3568.327146
51.523209,3,3568.593575
-13.476791,3,3568.653522
-13.476791,3,3568.916493
54.216439,4,3569.018498
54.216439,4,3569.382876
54.216439,4,3569.604407
54.216439,4,3569.693551
51.523209,3,3570.15816
54.216439,4,3570.380185
54.216439,4,3570.6115
-10.783561,4,3570.758906
-10.783561,4,3571.190639
-11.199004,4,3571.280972
54.216439,4,3571.383842
54.216439,4,3571.584525
54.216439,4,3571.779581
53.196439,4,3571.982893
54.216439,4,3572.219038
-13.476791,3,3572.305375
54.216439,4,3572.585686
54.216439,4,3572.972266
-7.032386,5,3573.371531
54.216439,4,3573.595249
-13.476791,3,3573.744616
-13.476791,3,3573.825038
-7.032386,5,3574.406186
51.523209,3,3574.60872
54.216439,4,3574.692884
54.216439,4,3575.03184
-10.783561,4,3575.357811
-10.783561,4,3575.758415
-10.783561,4,3576.058526
-13.627712,3,3576.148162
51.523209,3,3576.282598
-10.783561,4,3576.428238
-10.783561,4,3576.742403
54.216439,4,3576.968072
-13.476791,3,3577.03467
54.216439,4,3577.290289
-13.476791,3,3577.51676
-10.783561,4,3577.644494
51.523209,3,3578.05425
-7.032386,5,3578.647118
51.523209,3,3579.040959
54.216439,4,3579.24386
-13.703172,3,3579.300679
-13.552251,3,3579.417712
-13.476791,3,3579.472264
-10.783561,4,3579.612696
-13.476791,3,3579.899307
51.523209,3,3580.212295
-13.476791,3,3580.337509
53.196439,4,3580.547739
51.523209,3,3580.95604
54.216439,4,3581.053425
51.523209,3,3581.432909
-13.476791,3,3581.872895
-13.476791,3,3581.932427
57.967614,5,3582.049438
-13.476791,3,3582.501122
-13.476791,3,3582.929341
-13.476791,3,3583.00778
51.523209,3,3583.441369
-13.476791,3,3583.772819
-13.476791,3,3583.926369
-10.783561,4,3584.056065
54.216439,4,3584.15943
51.523209,3,3584.354798
-10.783561,4,3584.500175
-10.783561,4,3584.650748
54.216439,4,3584.725182
-13.476791,3,3584.812004
-13.476791,3,3584.870617
51.523209,3,3585.302314
54.216439,4,3585.539406
54.216439,4,3585.756153
-7.032386,5,3586.202606
-13.476791,3,3586.305327
-10.783561,4,3586.424072
54.216439,4,3586.553326
54.216439,4,3586.661506
50.605209,3,3587.115451
-10.783561,4,3587.254619
-14.139791,3,3587.368087
-13.476791,3,3587.427698
51.523209,3,3587.866421
54.216439,4,3588.211605
-13.476791,3,3588.294842
51.523209,3,3588.685344
-13.476791,3,3588.917157
-13.476791,3,3588.975502
-13.476791,3,3589.228796
-10.783561,4,3589.360193
-13.476791,3,3589.626379
57.967614,5,3589.728896
51.523209,3,3589.841842
-13.476791,3,3590.113157
54.216439,4,3590.230452
-13.476791,3,3590.476674
-13.476791,3,3590.713394
51.523209,3,3591.190254
54.216439,4,3591.293721
54.216439,4,3591.548059
51.523209,3,3592.027421
54.216439,4,3592.238222
57.967614,5,3592.376768
54.216439,4,3592.48578
-14.190791,3,3592.557935
-13.476791,3,3592.644087
54.216439,4,3592.768363
54.216439,4,3592.863626
-13.476791,3,3593.373027
-7.032386,5,3593.924562
-13.476791,3,3594.146058
-13.476791,3,3594.229713
54.216439,4,3594.341916
-10.783561,4,3594.474807
-13.476791,3,3594.707821
-13.476791,3,3595.149637
54.216439,4,3595.289299
54.216439,4,3595.386781
-13.476791,3,3595.510045
51.523209,3,3595.924917
-13.476791,3,3596.166136
-13.476791,3,3596.4675
-7.032386,5,3597.094388
-13.476791,3,3597.234017
-13.476791,3,3597.287991
-13.476791,3,3597.458135
57.967614,5,3597.568814
50.605209,3,3597.732761
51.523209,3,3598.193445
51.523209,3,3598.35536
-13.476791,3,3598.816757
-10.783561,4,3598.968502
-10.783561,4,3599.108243
-14.139791,3,3599.394564
53.400439,4,3599.508664
-13.476791,3,3599.58481
54.216439,4,3599.973206
51.523209,3,3600.171702
-13.476791,3,3600.23779
51.523209,3,3600.396312
-10.783561,4,3600.536308
51.523209,3,3600.957337
-10.783561,4,3601.094565
54.216439,4,3601.316525
49.687209,3,3601.589839
-13.476791,3,3601.842279
-13.476791,3,3602.080273
-13.476791,3,3602.138408
-13.476791,3,3602.198774
57.967614,5,3602.267235
-13.476791,3,3602.423534
-10.783561,4,3602.567351
-13.476791,3,3602.846101
-10.783561,4,3602.915015
-13.476791,3,3602.976116
-10.783561,4,3603.118565
-13.476791,3,3603.441478
54.216439,4,3603.598148
-13.476791,3,3603.713869
-13.476791,3,3603.880247
51.523209,3,3604.34198
51.523209,3,3604.853654
-13.476791,3,3604.913773
-13.476791,3,3604.972852
-13.476791,3,3605.03106
-13.476791,3,3605.160262
-10.783561,4,3605.312947
-10.783561,4,3605.458208
-13.476791,3,3605.662736
-10.783561,4,3605.981331
54.216439,4,3606.387995
51.523209,3,3606.826234
-13.476791,3,3607.06638
54.216439,4,3607.300162
-13.476791,3,3607.642213
54.216439,4,3607.883711
-10.783561,4,3608.228789
53.400439,4,3608.470556
-13.476791,3,3608.627375
51.523209,3,3608.800498
54.216439,4,3608.922004
-13.476791,3,3609.059725
-14.292791,3,3609.138356
-13.476791,3,3609.206449
51.523209,3,3609.598479
-13.627712,3,3609.711864
51.523209,3,3610.133707
53.55344,4,3610.294922
-13.476791,3,3610.346493
57.967614,5,3610.448433
-13.476791,3,3610.703047
51.523209,3,3610.844069
-13.476791,3,3611.126221
-13.476791,3,3611.216358
-14.139791,3,3611.360035
-11.406726,4,3611.480598
54.216439,4,3611.744535
51.523209,3,3612.152494
54.216439,4,3612.331569
-14.394791,3,3612.389946
51.523209,3,3612.851986
51.523209,3,3613.287355
54.216439,4,3613.668594
-13.476791,3,3613.843424
54.216439,4,3613.959936
-7.032386,5,3614.578661
54.216439,4,3614.802429
-14.394791,3,3615.083707
-8.766386,5,3615.678837
57.967614,5,3615.785595
54.216439,4,3616.038806
54.216439,4,3616.222884
57.967614,5,3616.330625
54.216439,4,3616.65162
57.967614,5,3616.767536
-10.783561,4,3617.103881
-13.476791,3,3617.237103
54.216439,4,3617.492176
51.523209,3,3617.706555
51.523209,3,3617.839538
54.216439,4,3617.95726
-7.032386,5,3618.428927
54.216439,4,3618.625192
54.216439,4,3618.738852
54.216439,4,3619.060419
-13.552251,3,3619.152405
-7.032386,5,3619.79399
53.502439,4,3620.136659
54.216439,4,3620.321599
54.216439,4,3620.507833
54.216439,4,3620.747612
54.216439,4,3620.854342
-10.991283,4,3620.962503
54.216439,4,3621.072661
57.967614,5,3621.19242
54.216439,4,3621.568406
-13.476791,3,3621.777823
57.967614,5,3621.850422
54.216439,4,3622.091664
54.216439,4,3622.198927
59.099294,6,3622.319107
-13.476791,3,3622.556411
-13.476791,3,3622.770644
54.216439,4,3622.883766
-11.510587,4,3622.939397
-13.476791,3,3623.015494
-8.211028,5,3623.281022
54.216439,4,3623.637114
-13.476791,3,3623.697279
51.523209,3,3623.798113
57.967614,5,3623.877763
57.967614,5,3623.967393
57.967614,5,3624.087775
54.216439,4,3624.345469
-13.476791,3,3624.599235
51.523209,3,3624.951831
-13.552251,3,3625.023242
51.523209,3,3625.173037
53.502439,4,3625.274843
54.216439,4,3625.403028
54.216439,4,3625.55532
54.216439,4,3625.721295
-13.476791,3,3625.795397
57.967614,5,3625.894145
-13.476791,3,3625.974313
-13.476791,3,3626.212248
-14.139791,3,3626.472908
51.523209,3,3627.007124
54.216439,4,3627.186577
54.216439,4,3627.292608
57.967614,5,3627.41553
54.216439,4,3627.809391
-7.032386,5,3628.282649
57.967614,5,3628.39644
54.216439,4,3628.479845
53.196439,4,3628.677674
-13.476791,3,3628.817875
54.216439,4,3628.908166
-7.032386,5,3629.369593
-11.199004,4,3629.472764
57.967614,5,3629.588085
-13.476791,3,3629.669216
51.523209,3,3630.026991
54.216439,4,3630.26006
54.216439,4,3630.642793
-13.476791,3,3630.939762
51.523209,3,3631.380529
53.55344,4,3631.596945
51.523209,3,3631.743157
54.216439,4,3632.122279
-13.476791,3,3632.175339
54.216439,4,3632.390837
54.216439,4,3632.628415
57.967614,5,3632.72198
54.216439,4,3632.971583
-13.476791,3,3633.18768
-13.476791,3,3633.498263
54.216439,4,3633.617997
54.216439,4,3633.72714
57.967614,5,3633.841382
-13.476791,3,3634.074821
-14.496791,3,3634.286752
54.216439,4,3634.525498
-13.476791,3,3634.65052
-13.476791,3,3634.970287
-13.476791,3,3635.051399
-13.476791,3,3635.143102
-13.476791,3,3635.38306
-13.476791,3,3635.579093
-13.476791,3,3635.656252
-13.476791,3,3635.917326
54.216439,4,3636.146775
-13.476791,3,3636.571399
-13.476791,3,3636.766845
51.523209,3,3637.202185
54.216439,4,3637.435546
57.967614,5,3637.525033
54.216439,4,3637.905269
51.523209,3,3638.075624
-13.476791,3,3638.136207
51.523209,3,3638.374352
54.216439,4,3638.561371
54.216439,4,3638.697963
53.29844,4,3638.876338
51.523209,3,3639.168054
54.216439,4,3639.342208
-13.476791,3,3639.609298
-13.476791,3,3639.841777
-13.476791,3,3640.103038
-13.476791,3,3640.164279
57.967614,5,3640.284673
-13.476791,3,3640.334279
-13.476791,3,3640.40336
54.216439,4,3640.618517
54.216439,4,3640.768062
57.967614,5,3640.879296
54.216439,4,3641.011486
54.216439,4,3641.191988
-7.032386,5,3641.732264
54.216439,4,3641.970223
54.216439,4,3642.07039
57.967614,5,3642.162265
57.967614,5,3642.273404
-13.476791,3,3642.336381
54.216439,4,3642.437555
-13.476791,3,3642.719138
-13.476791,3,3642.857992
-10.991283,4,3643.1005
-13.476791,3,3643.217612
-13.476791,3,3643.275362
57.967614,5,3643.364028
-13.476791,3,3643.451742
-7.032386,5,3644.003169
54.216439,4,3644.248077
56.947614,5,3644.362581
54.216439,4,3644.48472
54.216439,4,3644.744523
54.216439,4,3644.821295
57.967614,5,3644.933309
54.216439,4,3645.119317
54.216439,4,3645.219582
57.967614,5,3645.322155
54.216439,4,3645.536176
-14.190791,3,3645.766557
54.216439,4,3645.933903
-7.032386,5,3646.411448
-13.476791,3,3646.491599
57.518294,6,3646.581774
54.216439,4,3646.81783
-11.199004,4,3646.913946
57.967614,5,3647.01862
-13.740902,3,3647.086221
-13.703172,3,3647.145478
-10.991283,4,3647.383038
51.523209,3,3647.497266
51.523209,3,3647.927108
54.216439,4,3648.101626
54.216439,4,3648.234503
-13.476791,3,3648.5106
-14.723172,3,3648.566202
51.523209,3,3649.056728
57.967614,5,3649.163898
-7.032386,5,3649.797901
54.216439,4,3649.994459
-13.476791,3,3650.25086
-13.476791,3,3650.52492
54.216439,4,3650.715684
54.216439,4,3650.944569
-13.476791,3,3651.207161
54.216439,4,3651.511058
-13.740902,3,3651.576417
51.523209,3,3651.996226
-13.476791,3,3652.453815
-13.476791,3,3652.59704
-13.476791,3,3652.987512
-13.476791,3,3653.247824
54.216439,4,3653.546464
54.216439,4,3653.790383
54.216439,4,3653.960797
-13.476791,3,3654.059936
54.216439,4,3654.255459
50.503209,3,3654.520387
57.967614,5,3654.607205
-14.190791,3,3654.840595
57.967614,5,3654.95504
-14.496791,3,3655.09757
54.216439,4,3655.203248
54.216439,4,3655.416447
57.967614,5,3655.537984
57.967614,5,3655.622394
-13.476791,3,3655.666966
-13.476791,3,3655.885433
57.967614,5,3655.97652
54.216439,4,3656.151499
-13.740902,3,3656.220026
57.967614,5,3656.299225
54.216439,4,3656.390368
57.967614,5,3656.514544
-13.476791,3,3656.640468
54.216439,4,3656.876292
-7.032386,5,3657.48352
54.216439,4,3657.652777
54.216439,4,3657.851079
54.216439,4,3658.066467
-13.476791,3,3658.281642
-13.476791,3,3658.352915
54.216439,4,3658.582743
54.216439,4,3658.819048
54.216439,4,3658.898931
54.216439,4,3658.974761
-13.476791,3,3659.203804
54.216439,4,3659.530356
-13.476791,3,3659.779106
51.523209,3,3659.886252
50.503209,3,3660.253751
-13.476791,3,3660.483068
-13.476791,3,3660.604644
-13.476791,3,3660.733175
57.967614,5,3660.848802
54.216439,4,3661.211749
54.216439,4,3661.427891
54.216439,4,3661.545073
-10.783561,4,3661.688546
-7.032386,5,3662.201478
-13.476791,3,3662.498468
-7.032386,5,3662.978208
-13.476791,3,3663.089829
54.216439,4,3663.38478
-13.476791,3,3663.449244
-10.783561,4,3663.902565
57.967614,5,3664.035049
54.216439,4,3664.473792
-13.476791,3,3664.714491
-13.476791,3,3664.814643
-13.476791,3,3665.073725
51.523209,3,3665.202736
51.523209,3,3665.670364
-13.476791,3,3665.891353
-14.139791,3,3665.952018
-13.476791,3,3666.241962
54.216439,4,3666.355666
-13.476791,3,3666.71693
54.216439,4,3666.937792
51.523209,3,3667.318987
-10.783561,4,3667.461156
54.216439,4,3667.605552
51.523209,3,3667.808111
-10.783561,4,3667.953144
-13.476791,3,3668.185604
-13.476791,3,3668.251338
-10.783561,4,3668.390462
-10.783561,4,3668.777807
51.523209,3,3669.015617
-13.476791,3,3669.365103
-13.476791,3,3669.449048
-10.783561,4,3669.579915
-13.476791,3,3669.704158
-13.476791,3,3669.785582
-13.476791,3,3669.887183
-14.292791,3,3670.044501
57.967614,5,3670.14545
54.216439,4,3670.392516
51.523209,3,3670.85904
-13.476791,3,3670.922198
54.216439,4,3671.016892
51.523209,3,3671.154575
57.967614,5,3671.235576
-13.476791,3,3671.558994
-13.476791,3,3671.622576
-13.476791,3,3671.901866
-7.032386,5,3672.34563
57.967614,5,3672.466637
54.216439,4,3672.674112
54.216439,4,3672.881755
-8.407468,5,3672.96341
-13.476791,3,3673.045011
-13.476791,3,3673.127861
57.151614,5,3673.231295
54.216439,4,3673.449705
-13.476791,3,3673.557939
54.216439,4,3673.737005
54.216439,4,3673.844477
-13.552251,3,3674.208266
54.216439,4,3674.456686
54.216439,4,3674.582099
51.523209,3,3674.946393
54.216439,4,3675.324954
54.216439,4,3675.52069
-13.476791,3,3675.601416
54.216439,4,3675.704585
54.216439,4,3676.061571
59.099294,6,3676.17308
51.523209,3,3676.479415
58.079294,6,3676.584137
54.216439,4,3676.709103
-13.476791,3,3676.982912
50.605209,3,3677.378981
54.216439,4,3677.484701
-14.292791,3,3677.88857
53.196439,4,3677.997643
51.523209,3,3678.234668
54.216439,4,3678.327202
-11.199004,4,3678.661256
-13.476791,3,3678.746703
51.523209,3,3679.198963
-13.476791,3,3679.629347
54.216439,4,3679.733485
-13.703172,3,3679.791068
54.216439,4,3679.9564
57.967614,5,3680.036743
51.447749,3,3680.424079
-13.476791,3,3680.479737
57.967614,5,3680.57141
54.216439,4,3680.702227
54.216439,4,3680.933224
-13.476791,3,3681.00641
54.216439,4,3681.230809
-7.032386,5,3681.686948
53.29844,4,3682.017568
-13.476791,3,3682.076655
57.967614,5,3682.176578
54.216439,4,3682.406344
57.967614,5,3682.515037
54.216439,4,3682.741462
54.216439,4,3682.924566
-7.032386,5,3683.452108
54.216439,4,3683.852941
-13.476791,3,3683.914728
54.216439,4,3684.016585
-13.476791,3,3684.110808
54.216439,4,3684.186932
53.29844,4,3684.273835
-13.476791,3,3684.348673
50.809209,3,3684.767637
51.523209,3,3685.17502
-7.032386,5,3685.714047
54.216439,4,3685.896335
-13.476791,3,3686.020712
54.216439,4,3686.231282
-13.476791,3,3686.290865
51.523209,3,3686.401558
-13.476791,3,3686.476674
54.216439,4,3686.579357
54.216439,4,3686.701022
-13.476791,3,3686.762002
-13.476791,3,3686.832627
54.216439,4,3687.229429
-13.740902,3,3687.288772
54.216439,4,3687.494153
-13.476791,3,3687.755373
54.216439,4,3687.835512
54.216439,4,3687.908173
-7.032386,5,3688.389683
54.216439,4,3688.486346
57.967614,5,3688.58376
54.216439,4,3688.687411
54.216439,4,3688.912771
54.216439,4,3689.149682
54.216439,4,3689.25133
-13.476791,3,3689.547127
-13.703172,3,3689.604216
54.216439,4,3689.8681
54.216439,4,3689.963278
-13.476791,3,3690.184363
54.216439,4,3690.371502
54.216439,4,3690.693051
54.216439,4,3690.806724
-13.740902,3,3690.860685
-7.032386,5,3691.244889
54.216439,4,3691.448793
51.523209,3,3691.561514
54.216439,4,3691.696416
54.216439,4,3692.043131
57.967614,5,3692.14229
53.55344,4,3692.281422
53.55344,4,3692.37059
57.967614,5,3692.463552
54.216439,4,3692.533682
54.216439,4,3692.625336
54.216439,4,3693.026657
-7.032386,5,3693.512473
54.216439,4,3693.671065
54.216439,4,3693.765527
57.967614,5,3693.878418
-7.032386,5,3694.246501
54.216439,4,3694.6168
57.967614,5,3694.709982
53.400439,4,3694.895084
-7.950386,5,3695.333507
51.523209,3,3695.739116
54.216439,4,3695.936425
-13.703172,3,3695.991804
54.216439,4,3696.151828
54.216439,4,3696.380238
54.216439,4,3696.465007
54.216439,4,3696.579731
57.967614,5,3696.678621
51.523209,3,3697.114616
54.216439,4,3697.267923
57.967614,5,3697.377357
54.216439,4,3697.478882
-7.032386,5,3697.927354
54.216439,4,3698.024537
54.216439,4,3698.204332
53.196439,4,3698.287583
51.523209,3,3698.629382
54.216439,4,3698.683037
54.216439,4,3698.974779
54.216439,4,3699.297826
54.216439,4,3699.525388
-13.476791,3,3699.607386
57.967614,5,3699.701066
54.216439,4,3700.026528
54.216439,4,3700.179717
54.216439,4,3700.270352
51.523209,3,3700.68491
-13.703172,3,3700.747012
54.216439,4,3700.93715
-7.032386,5,3701.352851
54.216439,4,3701.543254
57.967614,5,3701.635464
54.216439,4,3701.809363
57.967614,5,3701.918349
-13.476791,3,3701.980971
54.216439,4,3702.230081
54.216439,4,3702.445118
-13.703172,3,3702.507231
-13.476791,3,3702.584647
54.216439,4,3702.684375
54.216439,4,3702.785558
54.216439,4,3702.995766
54.216439,4,3703.189819
53.196439,4,3703.28468
-13.476791,3,3703.354528
54.216439,4,3703.612522
57.967614,5,3703.722653
54.216439,4,3703.8103
-13.476791,3,3704.007222
54.216439,4,3704.104846
54.216439,4,3704.222548
51.523209,3,3704.483962
54.216439,4,3704.576693
54.216439,4,3704.934338
54.216439,4,3705.16671
54.216439,4,3705.524467
54.216439,4,3705.714227
53.196439,4,3705.806917
-13.627712,3,3705.862366
54.216439,4,3705.96704
54.216439,4,3706.132044
57.967614,5,3706.202148
-13.476791,3,3706.428432
54.216439,4,3706.53577
54.216439,4,3706.798257
54.216439,4,3706.887034
54.216439,4,3707.114576
54.216439,4,3707.189719
54.216439,4,3707.583014
54.216439,4,3707.835211
54.216439,4,3708.051326
-13.476791,3,3708.274933
54.216439,4,3708.367829
54.216439,4,3708.628786
-7.032386,5,3709.092303
54.216439,4,3709.415103
54.216439,4,3709.689891
54.216439,4,3709.868616
54.216439,4,3710.211056
57.967614,5,3710.307022
-8.211028,5,3710.407405
54.216439,4,3710.512698
-13.476791,3,3710.711958
-14.292791,3,3710.951568
54.216439,4,3711.313022
51.523209,3,3711.883246
54.216439,4,3712.120279
-13.552251,3,3712.209917
54.216439,4,3712.41638
54.216439,4,3712.789588
54.216439,4,3713.181406
-13.476791,3,3713.254116
54.216439,4,3713.481921
53.29844,4,3713.700744
54.216439,4,3713.802927
54.216439,4,3714.007136
54.216439,4,3714.203255
54.216439,4,3714.382636
54.216439,4,3714.638937
54.216439,4,3714.904063
51.523209,3,3715.429907
-13.627712,3,3715.515061
-11.510587,4,3715.568583
-13.552251,3,3715.646714
57.967614,5,3715.739389
54.216439,4,3715.932689
54.216439,4,3716.145036
54.216439,4,3716.229167
51.523209,3,3716.355468
-13.476791,3,3716.403058
-13.703172,3,3716.461174
51.523209,3,3716.751746
51.523209,3,3716.920832
54.216439,4,3717.07572
57.967614,5,3717.164853
57.967614,5,3717.268525
54.216439,4,3717.317599
57.967614,5,3717.421331
50.860209,3,3717.57795
57.967614,5,3717.695662
54.216439,4,3717.740729
-7.032386,5,3718.147654
-13.627712,3,3718.396544
-13.476791,3,3718.449608
-13.476791,3,3718.511225
-13.703172,3,3718.569801
57.967614,5,3718.668443
-8.211028,5,3718.858221
53.196439,4,3718.942364
54.216439,4,3719.025288
54.216439,4,3719.263403
-13.476791,3,3719.388263
51.523209,3,3719.639239
54.216439,4,3719.807012
-7.032386,5,3720.325782
57.967614,5,3720.408047
57.967614,5,3720.474628
-13.476791,3,3720.717198
57.967614,5,3720.797334
54.216439,4,3721.028254
51.523209,3,3721.268533
54.216439,4,3721.45573
57.967614,5,3721.534972
54.216439,4,3721.758028
57.967614,5,3721.851578
54.216439,4,3722.089442
54.216439,4,3722.175015
54.216439,4,3722.279298
54.216439,4,3722.478731
-13.627712,3,3722.531806
54.216439,4,3722.610941
-13.476791,3,3722.690529
57.967614,5,3722.813231
57.967614,5,3722.920671
-7.746386,5,3723.487136
-14.139791,3,3723.55647
57.151614,5,3723.673679
-13.476791,3,3723.749964
54.216439,4,3723.861156
54.216439,4,3724.091555
54.216439,4,3724.202528
57.967614,5,3724.313355
-13.476791,3,3724.384448
57.967614,5,3724.507169
54.216439,4,3724.590304
54.216439,4,3724.734128
51.523209,3,3724.874328
51.523209,3,3725.329759
54.216439,4,3725.604401
54.216439,4,3725.706587
57.967614,5,3725.799534
54.216439,4,3725.981771
54.008717,4,3726.349517
-11.406726,4,3726.432114
54.216439,4,3726.643024
57.574733,5,3726.749166
57.967614,5,3726.863403
54.216439,4,3727.107933
57.967614,5,3727.220651
-13.476791,3,3727.285735
-13.476791,3,3727.368419
54.216439,4,3727.750832
54.216439,4,3728.025731
-11.497561,4,3728.15694
54.216439,4,3728.259145
54.216439,4,3728.433785
-13.552251,3,3728.506395
57.967614,5,3728.684736
54.216439,4,3728.764891
57.967614,5,3728.855358
54.216439,4,3729.230696
57.967614,5,3729.291838
57.967614,5,3729.355034
54.216439,4,3729.496767
54.216439,4,3729.725211
54.216439,4,3730.013805
57.967614,5,3730.133644
54.216439,4,3730.366396
-13.476791,3,3730.420962
-7.032386,5,3730.823616
54.216439,4,3730.886691
51.523209,3,3731.252234
54.216439,4,3731.366646
54.216439,4,3731.440247
54.216439,4,3731.619452
53.400439,4,3731.675027
56.947614,5,3731.76865
57.967614,5,3731.854269
57.181853,5,3731.975464
54.216439,4,3732.281108
57.967614,5,3732.398808
-14.394791,3,3732.8616
-14.341712,3,3732.934804
-7.032386,5,3733.520038
-11.406726,4,3733.566586
57.967614,5,3733.64502
54.216439,4,3733.705104
54.216439,4,3733.990828
54.216439,4,3734.058511
51.523209,3,3734.217865
54.216439,4,3734.412982
57.967614,5,3734.595284
54.216439,4,3734.756839
57.967614,5,3734.878879
-7.032386,5,3735.443595
54.216439,4,3735.751888
53.400439,4,3735.846514
-13.476791,3,3735.910115
54.216439,4,3736.141088
-11.199004,4,3736.268273
54.216439,4,3736.452626
54.216439,4,3736.645478
54.216439,4,3736.914619
54.216439,4,3737.148452
54.216439,4,3737.470683
57.967614,5,3737.549797
54.216439,4,3737.641039
-13.476791,3,3737.858409
51.523209,3,3738.241221
-13.476791,3,3738.528667
57.967614,5,3738.631806
54.216439,4,3738.771532
53.55344,4,3738.933828
-13.476791,3,3739.062271
-7.032386,5,3739.623965
57.967614,5,3739.814719
51.523209,3,3740.265866
54.216439,4,3740.361509
-14.394791,3,3740.503994
-13.476791,3,3740.564069
54.216439,4,3740.640113
54.216439,4,3740.97087
54.216439,4,3741.337765
54.216439,4,3741.436407
54.216439,4,3741.692789
59.099294,6,3741.800488
54.216439,4,3742.036677
54.216439,4,3742.156898
57.967614,5,3742.268725
54.216439,4,3742.523045
54.216439,4,3742.903222
57.304614,5,3743.027973
54.216439,4,3743.157185
-13.703172,3,3743.21459
54.216439,4,3743.602955
-13.476791,3,3743.688075
-13.476791,3,3743.748752
54.216439,4,3744.132601
54.216439,4,3744.37214
57.967614,5,3744.467833
-10.783561,4,3744.746868
54.216439,4,3744.852915
57.967614,5,3744.968863
57.967614,5,3745.053514
54.216439,4,3745.293144
51.523209,3,3745.526491
-10.783561,4,3745.856632
54.216439,4,3746.178042
54.216439,4,3746.448679
51.523209,3,3746.70213
54.216439,4,3746.907739
57.967614,5,3746.99478
54.216439,4,3747.298849
57.967614,5,3747.376964
54.216439,4,3747.489239
-7.032386,5,3747.908787
51.523209,3,3748.204221
54.216439,4,3748.410338
-13.476791,3,3748.647198
57.049614,5,3748.699251
54.216439,4,3748.783835
51.523209,3,3748.945775
-7.032386,5,3749.40857
51.523209,3,3749.816438
57.967614,5,3749.904581
-13.476791,3,3750.156618
51.523209,3,3750.607756
-13.627712,3,3750.681016
57.967614,5,3750.794046
57.967614,5,3750.911927
-7.032386,5,3751.404721
54.216439,4,3751.656792
-13.627712,3,3751.73442
57.967614,5,3751.848886
51.523209,3,3752.313457
57.967614,5,3752.406612
54.216439,4,3752.775187
57.967614,5,3752.870033
54.216439,4,3752.938648
57.967614,5,3753.046869
57.967614,5,3753.141601
51.523209,3,3753.292668
49.483209,3,3753.583239
54.216439,4,3753.680424
-13.476791,3,3753.747701
-13.476791,3,3753.806913
-13.476791,3,3754.009652
54.216439,4,3754.26119
54.216439,4,3754.5043
-13.476791,3,3754.578033
54.216439,4,3754.962693
-7.032386,5,3755.531519
51.523209,3,3755.966665
-7.032386,5,3756.506474
54.216439,4,3756.703926
54.216439,4,3756.824771
54.216439,4,3757.22527
54.216439,4,3757.322639
54.216439,4,3757.500958
-13.476791,3,3757.570057
-10.783561,4,3757.899369
-11.510587,4,3757.960462
54.216439,4,3758.188345
54.216439,4,3758.595232
57.967614,5,3758.689755
51.523209,3,3758.871032
54.216439,4,3758.973663
57.967614,5,3759.089945
-13.476791,3,3759.18157
-14.496791,3,3759.262843
54.216439,4,3759.35464
50.503209,3,3759.626587
54.216439,4,3759.727721
57.967614,5,3759.835391
51.523209,3,3760.218862
59.099294,6,3760.280107
50.503209,3,3760.561627
54.216439,4,3760.646781
-13.476791,3,3760.868715
50.503209,3,3761.082382
-7.950386,5,3761.685138
-13.476791,3,3761.780935
-14.496791,3,3761.914678
-13.552251,3,3762.091319
51.523209,3,3762.453395
57.967614,5,3762.54397
-13.476791,3,3762.760541
54.216439,4,3763.00967
54.216439,4,3763.099823
-13.476791,3,3763.335057
54.216439,4,3763.441823
-14.190791,3,3763.787423
-13.476791,3,3763.855959
54.216439,4,3763.959648
-13.476791,3,3764.006724
-10.783561,4,3764.155881
51.523209,3,3764.311087
-13.476791,3,3764.545037
51.523209,3,3764.711483
-13.476791,3,3764.878174
51.523209,3,3765.114612
-13.476791,3,3765.344438
-13.476791,3,3765.534623
-13.476791,3,3765.768454
-10.783561,4,3765.898063
57.967614,5,3765.965149
-14.190791,3,3766.080299
-13.476791,3,3766.31562
-7.032386,5,3766.816854
57.967614,5,3766.901986
-13.476791,3,3766.972041
57.967614,5,3767.05422
-13.476791,3,3767.135858
-13.476791,3,3767.357568
50.503209,3,3767.463233
-10.783561,4,3767.613191
54.216439,4,3767.840598
54.216439,4,3768.102693
51.523209,3,3768.636529
51.523209,3,3769.04056
54.216439,4,3769.321048
-7.032386,5,3769.749573
54.216439,4,3770.129987
51.523209,3,3770.563417
57.967614,5,3770.682924
-13.476791,3,3770.855819
51.523209,3,3771.008855
-7.032386,5,3771.561411
-13.476791,3,3771.64514
54.216439,4,3771.722807
57.967614,5,3771.809744
-10.783561,4,3772.130993
-13.476791,3,3772.267274
-13.476791,3,3772.382562
-13.476791,3,3772.51495
51.523209,3,3772.95873
54.216439,4,3773.21659
-13.476791,3,3773.30346
50.809209,3,3773.42713
54.216439,4,3773.675002
-7.032386,5,3774.240247
57.967614,5,3774.347119
-13.552251,3,3774.469328
-13.476791,3,3774.707288
54.216439,4,3774.990901
54.216439,4,3775.13224
51.523209,3,3775.554543
51.523209,3,3775.7048
-13.476791,3,3775.770919
51.523209,3,3776.179362
-13.476791,3,3776.304165
57.967614,5,3776.419824
54.216439,4,3776.648834
57.967614,5,3776.751167
-13.476791,3,3776.922934
53.502439,4,3777.147618
-13.740902,3,3777.203687
53.502439,4,3777.587076
51.523209,3,3778.004359
54.216439,4,3778.098022
-13.476791,3,3778.1567
-11.70156,4,3778.442348
56.947614,5,3778.530325
51.523209,3,3778.873888
-10.783561,4,3779.172107
54.216439,4,3779.527708
-11.497561,4,3779.851027
-13.476791,3,3780.098449
-13.476791,3,3780.318786
57.967614,5,3780.429245
-13.476791,3,3780.65068
57.049614,5,3780.740873
-14.496791,3,3780.878103
-13.476791,3,3780.930181
-13.476791,3,3781.154705
-10.783561,4,3781.281188
-13.476791,3,3781.403927
54.216439,4,3781.797538
-13.476791,3,3782.089896
54.216439,4,3782.178605
-13.476791,3,3782.284269
-13.476791,3,3782.484513
50.605209,3,3782.653702
54.216439,4,3782.908063
51.523209,3,3783.1886
52.988717,4,3783.459312
-7.818147,5,3783.583963
-13.476791,3,3783.84809
51.523209,3,3784.267643
-7.032386,5,3784.724772
57.967614,5,3784.827702
50.503209,3,3784.92995
-13.476791,3,3785.221608
-13.476791,3,3785.535524
54.216439,4,3785.777303
51.523209,3,3786.188556
51.523209,3,3786.565391
54.216439,4,3786.660048
-14.496791,3,3786.73664
51.523209,3,3786.985176
-13.476791,3,3787.17265
-13.476791,3,3787.301044
-13.476791,3,3787.39499
54.216439,4,3787.563175
-13.476791,3,3787.64839
-13.476791,3,3787.877833
51.523209,3,3788.295807
-13.552251,3,3788.532355
-11.44656,4,3788.812027
-13.476791,3,3789.029018
54.216439,4,3789.404077
57.049614,5,3789.49473
57.967614,5,3789.568874
51.523209,3,3789.860777
50.605209,3,3790.005754
-10.783561,4,3790.334312
53.400439,4,3790.438745
-13.476791,3,3790.681336
54.216439,4,3790.870146
51.523209,3,3791.42325
-13.476791,3,3791.682109
49.687209,3,3791.936671
54.216439,4,3792.150846
-13.476791,3,3792.350181
-14.496791,3,3792.481925
-11.70156,4,3792.595105
-13.476791,3,3792.643723
-13.476791,3,3792.903105
-13.476791,3,3792.94667
54.216439,4,3793.179537
-13.476791,3,3793.440429
-10.783561,4,3793.548516
57.967614,5,3793.646676
51.523209,3,3794.032787
51.523209,3,3794.441345
54.216439,4,3794.67301
-13.476791,3,3794.910563
-13.476791,3,3795.122982
-14.496791,3,3795.203666
-13.476791,3,3795.306906
51.523209,3,3795.744018
-14.139791,3,3795.856738
-13.476791,3,3796.140391
-13.476791,3,3796.364454
54.216439,4,3796.485286
51.523209,3,3796.877228
-13.476791,3,3796.945828
-14.394791,3,3797.177397
54.216439,4,3797.275134
-13.476791,3,3797.560638
-13.476791,3,3797.794665
51.523209,3,3798.26365
-13.476791,3,3798.476788
54.216439,4,3798.70957
54.216439,4,3799.092701
50.503209,3,3799.478075
-13.476791,3,3799.571009
-13.476791,3,3799.61359
51.523209,3,3800.070805
53.196439,4,3800.312874
57.967614,5,3800.418053
-13.476791,3,3800.476645
-7.818147,5,3800.779658
56.947614,5,3800.862152
-13.476791,3,3801.073237
50.503209,3,3801.259749
-13.476791,3,3801.408477
51.523209,3,3801.819498
-13.476791,3,3802.029891
-13.476791,3,3802.295473
-14.496791,3,3802.40067
50.503209,3,3802.495827
-13.703172,3,3802.5468
-13.476791,3,3802.605902
-10.783561,4,3802.729094
54.216439,4,3802.940494
-13.476791,3,3803.181189
-7.032386,5,3803.771378
51.523209,3,3804.177058
50.503209,3,3804.413321
-13.476791,3,3804.496998
51.523209,3,3804.643924
-13.476791,3,3805.124935
-13.476791,3,3805.305489
-13.476791,3,3805.35857
-7.032386,5,3805.969171
51.523209,3,3806.215867
54.216439,4,3806.39228
-10.783561,4,3806.519496
-10.783561,4,3806.947286
-10.783561,4,3807.255886
-13.476791,3,3807.671226
-13.476791,3,3807.900709
54.216439,4,3808.104629
-13.476791,3,3808.152725
-13.476791,3,3808.392078
54.216439,4,3808.606854
-13.476791,3,3808.780793
53.196439,4,3808.853387
-13.476791,3,3809.091458
-10.783561,4,3809.421741
54.216439,4,3809.523401
-13.476791,3,3809.589006
-14.496791,3,3809.664599
-10.783561,4,3809.767525
-13.476791,3,3809.85065
-10.783561,4,3809.965698
-10.783561,4,3810.269341
-10.783561,4,3810.577133
51.523209,3,3810.744965
-13.476791,3,3811.012249
-13.476791,3,3811.336645
-13.476791,3,3811.400267
-10.783561,4,3811.701166
-10.783561,4,3811.823049
-13.476791,3,3811.893694
-14.496791,3,3812.028013
51.523209,3,3812.177867
-13.476791,3,3812.286234
51.523209,3,3812.517783
54.216439,4,3812.739183
-13.476791,3,3812.799275
-13.476791,3,3813.006658
51.523209,3,3813.438011
-14.496791,3,3813.514762
-13.476791,3,3813.966602
-13.476791,3,3814.185749
57.967614,5,3814.261393
54.216439,4,3814.409704
54.216439,4,3814.648232
51.523209,3,3815.027802
57.967614,5,3815.142974
54.216439,4,3815.258386
51.523209,3,3815.644734
-11.497561,4,3815.787764
-13.476791,3,3815.997476
51.523209,3,3816.351118
-13.476791,3,3816.587601
-13.476791,3,3816.871115
57.967614,5,3816.992293
57.967614,5,3817.087638
51.523209,3,3817.201176
-14.496791,3,3817.423818
-13.476791,3,3817.53972
54.216439,4,3817.722517
57.967614,5,3817.823701
-11.70156,4,3817.951924
-10.783561,4,3818.271348
57.304614,5,3818.384228
-7.032386,5,3818.924328
-13.476791,3,3819.101751
-13.476791,3,3819.168692
-13.476791,3,3819.231289
-13.476791,3,3819.36197
-13.476791,3,3819.442677
-13.476791,3,3819.556971
54.216439,4,3819.643658
53.400439,4,3819.753104
54.216439,4,3820.000774
54.216439,4,3820.38875
54.216439,4,3820.490419
54.216439,4,3820.767514
57.967614,5,3820.894516
54.216439,4,3821.162176
-13.476791,3,3821.299629
54.216439,4,3821.565949
-14.139791,3,3821.741736
54.216439,4,3821.908345
57.304614,5,3822.025532
-13.476791,3,3822.249955
50.503209,3,3822.487816
57.967614,5,3822.598033
57.967614,5,3822.722851
-14.496791,3,3822.811175
-13.476791,3,3822.873059
54.216439,4,3823.018138
-10.783561,4,3823.16317
57.967614,5,3823.239444
54.216439,4,3823.477797
57.967614,5,3823.56898
54.216439,4,3823.733027
54.216439,4,3823.90111
-13.476791,3,3823.96521
-7.032386,5,3824.517509
-13.476791,3,3824.730922
-14.190791,3,3824.8137
-13.476791,3,3824.926966
54.216439,4,3825.027807
-13.476791,3,3825.145259
51.523209,3,3825.58411
57.967614,5,3825.695026
54.216439,4,3825.903294
-7.032386,5,3826.160414
51.523209,3,3826.434438
-7.032386,5,3826.940145
54.216439,4,3827.176684
-13.476791,3,3827.406654
57.049614,5,3827.519493
-7.032386,5,3827.978873
54.216439,4,3828.322544
57.967614,5,3828.422234
-7.032386,5,3828.905244
54.216439,4,3829.122941
54.216439,4,3829.354496
-13.476791,3,3829.586046
54.216439,4,3829.793489
54.216439,4,3829.895432
54.216439,4,3830.222124
57.967614,5,3830.289819
54.216439,4,3830.486718
53.55344,4,3830.704554
-7.032386,5,3831.133132
54.216439,4,3831.231508
57.967614,5,3831.333
-13.740902,3,3831.393454
57.967614,5,3831.455351
54.216439,4,3831.514604
53.29844,4,3831.618305
54.216439,4,3831.870975
54.216439,4,3832.140311
54.216439,4,3832.375179
54.216439,4,3832.626094
57.967614,5,3832.716684
57.967614,5,3832.818519
-13.703172,3,3832.875088
54.216439,4,3833.072669
-7.848386,5,3833.562995
57.967614,5,3833.741722
-7.032386,5,3834.345626
54.216439,4,3834.425446
-13.476791,3,3834.674714
-13.552251,3,3834.762911
57.967614,5,3834.881768
54.216439,4,3835.275317
54.216439,4,3835.383494
53.29844,4,3835.607768
-7.032386,5,3835.989879
54.216439,4,3836.051462
-13.476791,3,3836.245253
54.216439,4,3836.50547
50.860209,3,3836.648374
53.196439,4,3836.906861
57.967614,5,3837.015786
51.523209,3,3837.155018
54.216439,4,3837.254347
-13.476791,3,3837.314953
57.967614,5,3837.426655
57.967614,5,3837.544995
-13.476791,3,3837.732708
51.523209,3,3838.155641
53.502439,4,3838.243346
53.29844,4,3838.331908
-10.783561,4,3838.666646
54.216439,4,3838.755515
57.967614,5,3838.837854
-10.783561,4,3839.143217
54.216439,4,3839.245542
57.967614,5,3839.355331
-10.783561,4,3839.45397
-13.476791,3,3839.515519
53.55344,4,3839.71182
-13.476791,3,3839.801441
54.216439,4,3840.035363
51.523209,3,3840.311335
54.216439,4,3840.547123
-13.476791,3,3840.972637
53.55344,4,3841.141366
-13.476791,3,3841.242118
54.216439,4,3841.523811
-10.783561,4,3841.812858
54.216439,4,3842.003984
-11.199004,4,3842.104187
54.216439,4,3842.305156
54.216439,4,3842.498984
-7.032386,5,3842.967417
54.216439,4,3843.053029
54.216439,4,3843.20116
51.523209,3,3843.332266
54.216439,4,3843.533653
-13.476791,3,3843.607173
56.947614,5,3843.673283
53.55344,4,3843.916952
57.967614,5,3844.00921
-13.476791,3,3844.084827
-7.032386,5,3844.631283
-13.476791,3,3844.698956
57.967614,5,3844.810827
54.216439,4,3844.964549
-11.199004,4,3845.307034
51.523209,3,3845.458043
57.967614,5,3845.572234
54.216439,4,3845.795878
54.216439,4,3846.045443
57.967614,5,3846.235447
57.967614,5,3846.354152
57.967614,5,3846.431291
57.967614,5,3846.539733
-13.703172,3,3846.59781
57.967614,5,3846.702469
54.216439,4,3846.812501
57.967614,5,3846.902428
57.967614,5,3847.015764
54.216439,4,3847.214695
54.216439,4,3847.391022
54.216439,4,3847.473178
51.523209,3,3847.63783
-7.032386,5,3848.164233
54.216439,4,3848.232359
54.216439,4,3848.442023
-11.406726,4,3848.557121
-13.476791,3,3848.611198
-13.476791,3,3848.671564
54.216439,4,3848.798843
57.967614,5,3848.953876
54.216439,4,3849.189137
54.216439,4,3849.381059
-7.032386,5,3849.761191
54.216439,4,3850.132423
54.216439,4,3850.240512
54.216439,4,3850.324137
54.216439,4,3850.416781
54.216439,4,3850.651185
57.967614,5,3850.712762
53.55344,4,3850.804064
57.967614,5,3850.912749
54.216439,4,3851.124067
59.099294,6,3851.187162
54.216439,4,3851.456814
-13.476791,3,3851.53867
51.523209,3,3851.748772
54.216439,4,3851.891529
54.216439,4,3852.160357
57.151614,5,3852.235479
57.967614,5,3852.348404
51.523209,3,3852.448562
54.216439,4,3852.650319
50.503209,3,3852.942472
-7.032386,5,3853.365337
54.216439,4,3853.465695
54.216439,4,3853.79247
58.079294,6,3853.824081
57.967614,5,3853.907721
54.216439,4,3854.070983
54.216439,4,3854.19327
-13.627712,3,3854.266188
54.216439,4,3854.493313
-13.476791,3,3854.66708
51.523209,3,3855.073853
51.523209,3,3855.575289
54.216439,4,3855.938629
57.967614,5,3856.071729
57.967614,5,3856.150832
54.216439,4,3856.359157
54.216439,4,3856.436009
54.216439,4,3856.647336
56.947614,5,3856.735486
54.216439,4,3856.992932
54.216439,4,3857.058057
-13.476791,3,3857.14125
-14.496791,3,3857.220199
-13.476791,3,3857.277296
56.947614,5,3857.386972
-13.476791,3,3857.49919
50.503209,3,3857.822691
59.099294,6,3857.884794
54.216439,4,3857.96692
54.216439,4,3858.292458
-13.627712,3,3858.372185
-13.476791,3,3858.587923
51.523209,3,3858.99234
57.967614,5,3859.091719
50.503209,3,3859.344828
53.29844,4,3859.624277
-13.476791,3,3859.768229
-7.032386,5,3860.445627
54.216439,4,3860.673192
-13.476791,3,3860.802378
-13.476791,3,3861.022257
54.216439,4,3861.36504
-13.476791,3,3861.437954
-7.032386,5,3861.873599
54.216439,4,3862.123554
-13.476791,3,3862.357527
-10.783561,4,3862.681589
-7.032386,5,3863.140963
-7.818147,5,3863.41601
-13.476791,3,3863.460126
51.523209,3,3863.897695
57.967614,5,3863.985819
-10.783561,4,3864.102168
50.503209,3,3864.393756
54.216439,4,3864.553374
51.523209,3,3864.950109
51.523209,3,3865.178539
54.216439,4,3865.382753
51.523209,3,3865.606953
-14.139791,3,3865.673684
-13.476791,3,3865.729774
54.216439,4,3865.924368
-13.476791,3,3866.159601
-13.476791,3,3866.214694
-10.783561,4,3866.32762
-7.032386,5,3866.895624
-13.476791,3,3867.229008
54.216439,4,3867.345543
-13.476791,3,3867.458927
-13.476791,3,3867.692085
-10.783561,4,3867.830977
54.216439,4,3868.179695
54.216439,4,3868.373651
-7.032386,5,3868.843755
50.503209,3,3868.94938
-13.476791,3,3869.226798
-13.476791,3,3869.457956
51.523209,3,3869.859215
54.216439,4,3870.047068
-14.443712,3,3870.111388
-13.476791,3,3870.249742
-13.476791,3,3870.394316
54.216439,4,3870.468954
54.216439,4,3870.655813
-13.476791,3,3870.763793
-13.627712,3,3870.845907
51.523209,3,3870.961198
57.967614,5,3871.052368
57.967614,5,3871.15893
57.967614,5,3871.254319
-10.783561,4,3871.403083
-14.190791,3,3871.595502
54.216439,4,3871.710318
54.216439,4,3871.769529
-13.476791,3,3872.006817
54.216439,4,3872.089001
54.216439,4,3872.447942
51.523209,3,3872.856828
-13.476791,3,3872.937946
54.216439,4,3873.234648
-13.476791,3,3873.444161
-13.703172,3,3873.494766
54.216439,4,3873.564451
57.967614,5,3873.642302
53.400439,4,3873.959379
-13.703172,3,3874.016951
57.967614,5,3874.136878
-14.394791,3,3874.198281
-10.991283,4,3874.457995
54.216439,4,3874.672052
54.216439,4,3874.998495
54.216439,4,3875.220997
59.099294,6,3875.275597
-13.476791,3,3875.499285
54.216439,4,3875.672691
59.099294,6,3875.737792
59.099294,6,3875.833444
54.216439,4,3876.02218
51.523209,3,3876.151686
57.967614,5,3876.28927
53.502439,4,3876.459614
54.216439,4,3876.547243
54.216439,4,3876.694315
59.099294,6,3876.774952
51.523209,3,3877.185469
51.523209,3,3877.527137
54.216439,4,3877.603421
57.967614,5,3877.672051
54.216439,4,3877.729158
-11.199004,4,3877.815849
54.216439,4,3877.886187
51.523209,3,3878.0052
54.216439,4,3878.295624
57.967614,5,3878.37066
-13.476791,3,3878.444283
54.216439,4,3878.718833
57.304614,5,3878.849034
51.523209,3,3879.261361
57.967614,5,3879.38358
-14.366172,3,3879.445723
54.216439,4,3879.695454
54.216439,4,3879.788114
54.216439,4,3879.987924
54.216439,4,3880.081715
51.523209,3,3880.58066
54.216439,4,3880.684179
54.216439,4,3880.854608
54.216439,4,3880.977451
57.967614,5,3881.074803
-13.476791,3,3881.153534
54.216439,4,3881.503262
54.216439,4,3881.584461
54.216439,4,3881.754234
54.216439,4,3882.054965
50.860209,3,3882.212904
-7.032386,5,3882.686131
54.216439,4,3882.788343
57.967614,5,3882.904678
-14.496791,3,3883.333996
54.216439,4,3883.561404
57.967614,5,3883.663725
-14.403902,3,3883.72549
-7.032386,5,3884.273084
53.502439,4,3884.571083
57.967614,5,3884.677861
53.29844,4,3884.785517
54.216439,4,3884.949255
-7.032386,5,3885.538587
57.967614,5,3885.651405
57.967614,5,3885.722537
51.523209,3,3886.129909
54.216439,4,3886.308982
-7.032386,5,3886.67186
54.216439,4,3886.89572
54.216439,4,3887.050449
-13.740902,3,3887.111048
-13.740902,3,3887.173313
-13.703172,3,3887.214873
54.216439,4,3887.345093
54.216439,4,3887.568159
54.216439,4,3887.872422
-7.032386,5,3888.342908
-13.740902,3,3888.393855
51.523209,3,3888.531277
54.216439,4,3888.745144
54.216439,4,3888.950349
54.216439,4,3889.235757
54.216439,4,3889.434826
-13.476791,3,3889.491416
57.967614,5,3889.603084
-7.425267,5,3889.899742
54.216439,4,3890.035887
53.55344,4,3890.101964
54.216439,4,3890.311004
50.809209,3,3890.639467
54.216439,4,3890.741326
57.967614,5,3890.834828
54.216439,4,3890.897059
54.216439,4,3890.999668
53.400439,4,3891.107191
54.216439,4,3891.457836
51.523209,3,3891.599688
51.523209,3,3892.10699
57.967614,5,3892.24401
54.216439,4,3892.608437
54.216439,4,3892.779487
54.216439,4,3892.87378
-13.703172,3,3892.936902
54.216439,4,3893.372843
-13.476791,3,3893.615525
54.216439,4,3893.694844
-13.627712,3,3893.819858
-13.476791,3,3893.897105
54.216439,4,3894.000254
-10.991283,4,3894.369855
54.216439,4,3894.618825
54.216439,4,3894.793329
-10.783561,4,3894.854696
-13.476791,3,3894.93381
59.099294,6,3894.988939
54.216439,4,3895.390373
54.216439,4,3895.604442
49.993209,3,3895.733078
59.099294,6,3895.849901
54.216439,4,3896.048325
57.967614,5,3896.101903
54.216439,4,3896.209116
54.216439,4,3896.527075
54.216439,4,3896.716254
54.216439,4,3896.808532
54.216439,4,3896.998181
54.216439,4,3897.13363
56.947614,5,3897.237062
57.967614,5,3897.299809
53.196439,4,3897.372048
54.216439,4,3897.585934
54.216439,4,3897.782706
-7.032386,5,3898.373646
-10.783561,4,3898.50916
54.216439,4,3898.600293
53.196439,4,3898.695438
54.216439,4,3898.926016
52.38044,4,3899.015497
-13.476791,3,3899.094338
54.216439,4,3899.353188
51.523209,3,3899.487288
54.216439,4,3899.690699
54.216439,4,3900.021506
-13.476791,3,3900.121723
-13.476791,3,3900.36385
57.967614,5,3900.48104
54.216439,4,3900.5939
-13.476791,3,3900.80255
54.216439,4,3900.923536
-13.703172,3,3901.001192
-10.783561,4,3901.136941
-7.425267,5,3901.561373
57.967614,5,3901.665656
54.216439,4,3901.850292
-13.476791,3,3901.941367
-13.476791,3,3902.005451
54.216439,4,3902.238945
54.216439,4,3902.337966
57.967614,5,3902.455383
-11.199004,4,3902.934609
57.967614,5,3903.045375
-13.476791,3,3903.105992
-7.032386,5,3903.537772
-13.476791,3,3903.765179
54.216439,4,3903.924694
51.523209,3,3904.058154
54.216439,4,3904.402332
51.523209,3,3904.857242
-13.552251,3,3904.980649
51.523209,3,3905.186027
53.502439,4,3905.4531
54.216439,4,3905.57455
54.216439,4,3905.687208
53.29844,4,3905.91822
54.216439,4,3906.219343
57.049614,5,3906.309994
-13.476791,3,3906.761436
-13.476791,3,3906.988222
54.216439,4,3907.228845
57.967614,5,3907.343169
-10.783561,4,3907.652582
54.216439,4,3907.875477
54.216439,4,3907.982547
54.216439,4,3908.258983
54.216439,4,3908.349362
54.216439,4,3908.548282
-10.783561,4,3908.845675
54.216439,4,3908.960329
-13.476791,3,3909.040321
54.216439,4,3909.132231
-13.476791,3,3909.252737
-13.476791,3,3909.481104
53.55344,4,3909.591329
-13.476791,3,3909.663974
51.523209,3,3910.258256
-13.476791,3,3910.316929
-13.476791,3,3910.379043
-13.476791,3,3910.618648
-13.476791,3,3910.70234
-10.783561,4,3910.849481
54.216439,4,3911.094586
-10.783561,4,3911.242867
57.967614,5,3911.369268
-13.476791,3,3911.421955
53.55344,4,3911.64022
-13.476791,3,3911.915173
-13.476791,3,3912.065429
-13.476791,3,3912.19726
51.523209,3,3912.630419
57.967614,5,3912.742156
51.523209,3,3913.16778
57.967614,5,3913.238885
-7.032386,5,3913.678431
54.216439,4,3913.781102
57.967614,5,3913.871831
54.216439,4,3914.099579
57.967614,5,3914.208755
-10.783561,4,3914.35541
54.216439,4,3914.592757
54.216439,4,3914.911415
-13.476791,3,3914.991199
51.523209,3,3915.474839
-7.032386,5,3916.117401
51.523209,3,3916.254257
-13.476791,3,3916.491669
53.55344,4,3916.80695
-10.783561,4,3917.127433
53.400439,4,3917.325221
54.216439,4,3917.568926
51.523209,3,3917.738757
51.523209,3,3918.177609
-14.292791,3,3918.275485
-7.032386,5,3918.688712
-7.032386,5,3919.226892
51.523209,3,3919.472054
-13.552251,3,3919.543666
-13.703172,3,3919.595388
54.216439,4,3919.650956
-10.783561,4,3919.943005
-13.476791,3,3920.164556
51.523209,3,3920.310063
51.523209,3,3920.725804
-13.476791,3,3920.785893
51.523209,3,3920.921615
-13.476791,3,3920.972512
57.967614,5,3921.077285
54.216439,4,3921.149877
51.523209,3,3921.5107
-13.476791,3,3921.570796
-14.292791,3,3921.78984
-13.476791,3,3921.999994
-13.476791,3,3922.322951
-10.783561,4,3922.599716
54.216439,4,3922.709194
-13.476791,3,3922.844096
51.523209,3,3923.268441
54.216439,4,3923.354596
57.151614,5,3923.461797
54.216439,4,3923.698858
-13.476791,3,3923.778968
-7.032386,5,3924.230547
-13.476791,3,3924.314797
51.523209,3,3924.622501
54.216439,4,3924.86786
-13.476791,3,3924.972531
51.523209,3,3925.11539
54.216439,4,3925.515409
-7.032386,5,3926.113861
54.216439,4,3926.404043
-10.783561,4,3926.737369
57.967614,5,3926.841131
54.216439,4,3926.943797
57.151614,5,3927.029071
57.967614,5,3927.129228
-13.476791,3,3927.211905
57.967614,5,3927.313669
51.523209,3,3927.533092
-14.190791,3,3927.632368
54.216439,4,3927.716369
54.216439,4,3927.825032
54.216439,4,3927.960269
54.216439,4,3928.197287
-13.476791,3,3928.258897
54.216439,4,3928.374926
-13.476791,3,3928.485972
54.216439,4,3928.68228
54.216439,4,3929.065882
54.216439,4,3929.347699
57.967614,5,3929.444839
54.216439,4,3929.677344
-13.476791,3,3929.732322
54.216439,4,3929.830105
51.523209,3,3930.141048
54.216439,4,3930.367441
54.216439,4,3930.439581
54.216439,4,3930.542263
-13.476791,3,3930.775752
54.216439,4,3930.878085
54.216439,4,3930.97822
57.967614,5,3931.091385
-10.783561,4,3931.236876
-7.032386,5,3931.82736
-13.476791,3,3931.910033
54.216439,4,3932.012174
-13.476791,3,3932.071774
54.216439,4,3932.227739
51.523209,3,3932.765691
-13.476791,3,3933.197335
54.216439,4,3933.423504
-13.476791,3,3933.481328
-7.032386,5,3934.108637
51.523209,3,3934.49583
57.967614,5,3934.609679
51.523209,3,3934.756227
54.216439,4,3934.972209
-13.476791,3,3935.175168
-13.552251,3,3935.2735
53.55344,4,3935.66537
51.523209,3,3936.102093
-7.032386,5,3936.600219
57.967614,5,3936.692868
-13.476791,3,3936.904552
57.967614,5,3937.021748
54.216439,4,3937.118061
54.216439,4,3937.195712
54.216439,4,3937.26423
-10.783561,4,3937.378187
51.523209,3,3937.805655
54.216439,4,3938.073167
57.967614,5,3938.177361
51.523209,3,3938.305614
54.216439,4,3938.541026
51.523209,3,3938.978036
54.216439,4,3939.073943
54.216439,4,3939.157071
54.216439,4,3939.257812
-13.476791,3,3939.492455
54.216439,4,3939.594416
57.967614,5,3939.709883
-13.476791,3,3939.995796
54.216439,4,3940.20843
-13.740902,3,3940.2581
51.523209,3,3940.677123
-10.783561,4,3941.011223
51.523209,3,3941.460898
54.216439,4,3941.691911
57.967614,5,3941.797366
57.967614,5,3941.903863
-13.476791,3,3941.987244
-10.783561,4,3942.286139
57.967614,5,3942.377035
-13.476791,3,3942.687066
54.216439,4,3942.922392
54.216439,4,3943.026361
-14.394791,3,3943.487334
-13.476791,3,3943.710242
51.523209,3,3943.874063
54.216439,4,3944.122422
-13.476791,3,3944.40013
-7.032386,5,3944.880088
-13.476791,3,3945.112805
-13.476791,3,3945.318371
-14.292791,3,3945.555701
54.216439,4,3945.734478
-13.476791,3,3945.800565
-13.476791,3,3946.085249
-13.476791,3,3946.340031
54.216439,4,3946.57602
-13.476791,3,3946.885478
57.967614,5,3946.980196
-14.190791,3,3947.288724
-13.627712,3,3947.371876
57.967614,5,3947.461524
54.216439,4,3947.555892
-13.476791,3,3947.811389
-13.476791,3,3948.045593
-13.476791,3,3948.25437
-14.496791,3,3948.328836
57.049614,5,3948.445092
-14.394791,3,3948.56812
-11.406726,4,3948.647911
54.216439,4,3948.750072
57.967614,5,3948.821458
-13.476791,3,3949.092437
54.216439,4,3949.283293
54.216439,4,3949.49027
57.967614,5,3949.58203
57.967614,5,3949.650204
-14.292791,3,3949.702694
51.523209,3,3950.112015
-13.476791,3,3950.395745
-13.476791,3,3950.476183
-13.476791,3,3950.590951
51.523209,3,3950.7264
53.400439,4,3950.902396
-13.476791,3,3951.01001
56.947614,5,3951.12388
57.967614,5,3951.229783
-13.476791,3,3951.377307
-13.476791,3,3951.490772
-14.394791,3,3951.769276
57.967614,5,3951.873138
54.216439,4,3952.05941
-13.476791,3,3952.173018
50.860209,3,3952.530566
-13.476791,3,3952.75202
-13.476791,3,3952.933916
51.523209,3,3953.377331
-13.476791,3,3953.421386
-10.783561,4,3953.732451
54.216439,4,3953.874096
-13.476791,3,3953.94734
-13.476791,3,3954.028483
-13.476791,3,3954.094579
-10.783561,4,3954.216406
54.216439,4,3954.419344
57.967614,5,3954.535042
57.967614,5,3954.595761
-13.476791,3,3954.843493
-10.783561,4,3955.15326
-14.496791,3,3955.511698
-13.476791,3,3955.722557
-13.476791,3,3955.941372
-13.476791,3,3956.257941
51.523209,3,3956.387629
57.967614,5,3956.475651
54.216439,4,3956.604434
54.216439,4,3956.827306
54.216439,4,3956.91984
-7.746386,5,3957.303029
54.216439,4,3957.549935
-14.394791,3,3957.670787
57.967614,5,3957.751057
-13.476791,3,3957.922061
-10.783561,4,3958.213311
-13.476791,3,3958.302957
54.216439,4,3958.406039
51.523209,3,3958.62566
-14.496791,3,3958.683746
57.967614,5,3958.762371
-10.783561,4,3958.898261
-10.783561,4,3959.047359
54.216439,4,3959.288541
54.216439,4,3959.512506
54.216439,4,3959.623552
54.216439,4,3959.847586
-13.476791,3,3959.994411
51.523209,3,3960.358122
54.216439,4,3960.582507
54.216439,4,3960.785157
54.216439,4,3960.883523
-13.476791,3,3961.013061
54.216439,4,3961.198521
54.216439,4,3961.444949
-10.783561,4,3961.724721
-13.476791,3,3961.838823
50.605209,3,3961.959478
54.216439,4,3962.025576
54.216439,4,3962.109753
54.216439,4,3962.451189
54.216439,4,3962.578742
-13.476791,3,3962.714445
-13.476791,3,3962.927284
57.967614,5,3963.028546
54.216439,4,3963.151777
-10.783561,4,3963.480857
-13.476791,3,3963.542959
57.967614,5,3963.637827
-13.476791,3,3963.771384
-13.476791,3,3963.824447
54.216439,4,3964.082875
-13.476791,3,3964.169503
-10.783561,4,3964.297185
54.216439,4,3964.397363
54.216439,4,3964.636971
-13.476791,3,3964.694053
-10.783561,4,3964.981002
-13.476791,3,3965.202074
54.216439,4,3965.294797
50.860209,3,3965.44055
-13.476791,3,3965.569479
54.216439,4,3965.703706
54.216439,4,3965.918988
-13.476791,3,3966.060364
54.216439,4,3966.317081
-13.476791,3,3966.542211
57.967614,5,3966.641863
54.216439,4,3966.88183
53.29844,4,3966.978823
54.216439,4,3967.25742
54.216439,4,3967.459999
54.216439,4,3967.627623
54.216439,4,3967.709321
54.216439,4,3967.872972
-13.476791,3,3968.074708
-13.476791,3,3968.495595
-13.476791,3,3968.610818
53.55344,4,3968.818986
51.523209,3,3969.251955
-13.476791,3,3969.543049
-13.476791,3,3969.79343
51.523209,3,3970.07614
57.967614,5,3970.184811
-13.476791,3,3970.408298
54.216439,4,3970.545007
57.967614,5,3970.625229
53.502439,4,3970.974212
51.523209,3,3971.135886
54.216439,4,3971.365819
-13.476791,3,3971.595713
50.503209,3,3972.04596
51.523209,3,3972.202853
-13.476791,3,3972.556145
57.967614,5,3972.667901
-13.476791,3,3972.773243
-13.476791,3,3972.8586
-13.476791,3,3972.960783
51.523209,3,3973.418251
-7.032386,5,3973.982968
54.216439,4,3974.11923
51.523209,3,3974.590443
51.523209,3,3974.725042
50.809209,3,3975.281308
-13.476791,3,3975.507691
-13.476791,3,3975.78598
-13.476791,3,3975.875881
-13.627712,3,3975.958839
-10.783561,4,3976.095684
-10.783561,4,3976.237152
54.216439,4,3976.345685
54.216439,4,3976.635495
54.216439,4,3976.721373
54.216439,4,3976.943867
54.216439,4,3977.136324
51.523209,3,3977.30811
57.967614,5,3977.4057
54.216439,4,3977.550928
54.216439,4,3977.655936
-13.476791,3,3978.084927
54.216439,4,3978.20363
54.216439,4,3978.48309
-10.783561,4,3978.607809
-11.199004,4,3978.682466
-13.552251,3,3978.791304
-13.476791,3,3979.010441
54.216439,4,3979.073028
57.967614,5,3979.182441
57.967614,5,3979.2782
-8.052386,5,3979.901695
57.967614,5,3979.993784
51.523209,3,3980.131012
-7.032386,5,3980.733331
57.967614,5,3980.813902
-7.032386,5,3981.319927
51.523209,3,3981.762161
-13.476791,3,3981.852315
51.523209,3,3981.981472
57.967614,5,3982.067207
54.216439,4,3982.144912
54.216439,4,3982.373091
54.216439,4,3982.475286
-13.476791,3,3982.879838
54.216439,4,3983.039362
-13.476791,3,3983.263669
-10.783561,4,3983.589647
-7.032386,5,3984.093252
-13.476791,3,3984.529643
54.216439,4,3984.660888
57.967614,5,3984.769317
54.216439,4,3984.991847
54.216439,4,3985.223032
-7.950386,5,3985.624067
54.216439,4,3985.875479
54.216439,4,3986.07737
57.967614,5,3986.18971
54.216439,4,3986.289863
57.967614,5,3986.377683
51.523209,3,3986.523366
-13.476791,3,3986.749807
54.216439,4,3986.832345
54.216439,4,3986.925974
-13.476791,3,3986.977047
57.967614,5,3987.067303
57.967614,5,3987.181006
-13.476791,3,3987.26436
51.523209,3,3987.730932
51.523209,3,3987.887562
57.967614,5,3987.981031
54.216439,4,3988.084799
54.216439,4,3988.202571
-10.783561,4,3988.349056
-10.783561,4,3988.482257
53.502439,4,3988.581778
-13.476791,3,3988.637353
54.216439,4,3988.886478
51.523209,3,3989.0675
-13.703172,3,3989.127121
-13.476791,3,3989.185586
-13.476791,3,3989.250736
-13.476791,3,3989.474486
54.216439,4,3989.568834
-13.476791,3,3990.005433
-13.476791,3,3990.099213
51.523209,3,3990.503299
51.523209,3,3990.76088
-13.476791,3,3990.975781
-13.476791,3,3991.307526
53.29844,4,3991.387289
-10.783561,4,3991.53611
-7.032386,5,3992.007349
57.967614,5,3992.119926
57.967614,5,3992.235626
-14.139791,3,3992.469936
-13.476791,3,3992.545028
-13.476791,3,3992.648364
54.216439,4,3992.755629
54.216439,4,3992.868319
-10.783561,4,3993.167443
54.216439,4,3993.259886
54.216439,4,3993.490536
-14.496791,3,3993.619817
-10.783561,4,3993.932502
57.253614,5,3994.045592
-7.032386,5,3994.511982
51.523209,3,3994.909069
54.216439,4,3995.124867
51.523209,3,3995.250605
-13.476791,3,3995.311219
-13.476791,3,3995.511816
54.216439,4,3995.736436
-13.476791,3,3995.812561
57.967614,5,3995.903535
54.216439,4,3996.1347
54.216439,4,3996.229839
51.523209,3,3996.374112
50.605209,3,3996.531679
54.216439,4,3996.713041
54.216439,4,3997.064562
-14.292791,3,3997.138303
57.967614,5,3997.243457
-10.783561,4,3997.557292
-13.476791,3,3997.753557
54.216439,4,3997.854575
-13.476791,3,3998.089003
-13.476791,3,3998.374009
-14.394791,3,3998.57831
-13.476791,3,3998.633904
-7.032386,5,3999.117348
54.216439,4,3999.453453
-13.476791,3,3999.694206
-10.783561,4,4000.009495
-14.496791,3,4000.135664
54.216439,4,4000.2198
51.523209,3,4000.365816
50.809209,3,4000.511071
-13.476791,3,4000.728183
-13.476791,3,4000.936061
57.967614,5,4001.053716
-13.476791,3,4001.444191
54.216439,4,4001.682073
51.523209,3,4001.855911
51.523209,3,4002.011486
-10.783561,4,4002.13167
51.523209,3,4002.259054
-10.783561,4,4002.39481
57.967614,5,4002.509686
57.967614,5,4002.621762
-8.925028,5,4002.861142
54.216439,4,4002.96608
-13.476791,3,4003.202469
54.216439,4,4003.392895
50.503209,3,4003.689654
51.523209,3,4003.834596
57.967614,5,4003.931395
57.967614,5,4004.020422
54.216439,4,4004.247917
-10.783561,4,4004.377249
51.523209,3,4004.823264
-13.476791,3,4005.064857
-13.476791,3,4005.179339
54.216439,4,4005.399939
57.967614,5,4005.504183
50.503209,3,4005.923728
54.216439,4,4006.134081
-14.139791,3,4006.18817
-13.476791,3,4006.272483
51.523209,3,4006.713538
-13.476791,3,4006.927982
-14.139791,3,4007.145145
-13.476791,3,4007.214564
-13.476791,3,4007.412818
-14.496791,3,4007.614545
-11.510587,4,4007.665615
57.967614,5,4007.768763
51.523209,3,4007.905247
-13.476791,3,4008.312729
-13.476791,3,4008.400893
57.967614,5,4008.465769
-13.476791,3,4008.757636
-13.476791,3,4008.812733
-13.476791,3,4009.061688
-13.476791,3,4009.27357
50.809209,3,4009.521862
-14.496791,3,4009.888604
51.523209,3,4010.02424
-10.783561,4,4010.323016
-14.394791,3,4010.382294
51.523209,3,4010.529673
-14.139791,3,4010.67926
-13.476791,3,4010.754646
-13.476791,3,4011.205599
57.967614,5,4011.305851
57.967614,5,4011.390759
-13.476791,3,4011.665547
-10.783561,4,4011.990062
57.967614,5,4012.107181
53.400439,4,4012.199824
-13.476791,3,4012.431562
-13.476791,3,4012.867212
-13.476791,3,4013.091728
-13.476791,3,4013.172898
-14.496791,3,4013.243526
-13.476791,3,4013.476027
-13.476791,3,4013.550876
-13.476791,3,4013.851501
57.967614,5,4013.9276
-13.476791,3,4014.362737
-14.496791,3,4014.587962
-10.783561,4,4014.733713
-13.476791,3,4014.970828
-10.783561,4,4015.104033
-13.476791,3,4015.157114
-13.476791,3,4015.213244
57.967614,5,4015.284247
-13.476791,3,4015.347321
-10.783561,4,4015.477559
51.523209,3,4015.937726
57.967614,5,4016.015988
-13.476791,3,4016.246439
-13.476791,3,4016.355848
-13.476791,3,4016.629453
57.049614,5,4016.733881
-13.476791,3,4016.797747
-13.476791,3,4016.933616
57.967614,5,4017.027252
50.503209,3,4017.265895
-13.476791,3,4017.547377
54.216439,4,4017.669736
-13.476791,3,4017.899903
-13.476791,3,4018.152292
-13.476791,3,4018.418458
51.523209,3,4018.531704
-13.476791,3,4018.737571
-13.476791,3,4018.793716
-10.783561,4,4019.095058
-13.476791,3,4019.178341
-10.783561,4,4019.311098
-13.476791,3,4019.542205
-13.476791,3,4019.645808
-13.476791,3,4019.778446
-7.032386,5,4020.318249
-13.476791,3,4020.381328
-13.476791,3,4020.598592
53.502439,4,4020.81184
50.503209,3,4021.200104
51.523209,3,4021.512247
-13.476791,3,4021.650318
-13.476791,3,4022.067948
-10.783561,4,4022.208825
-13.476791,3,4022.257489
51.523209,3,4022.699917
51.523209,3,4023.142775
-13.476791,3,4023.230405
-13.476791,3,4023.312205
-10.783561,4,4023.62307
-13.476791,3,4023.771294
51.523209,3,4024.177463
-13.476791,3,4024.554323
-13.476791,3,4024.786019
57.967614,5,4024.900234
-11.199004,4,4024.967844
-13.476791,3,4025.162629
54.216439,4,4025.307449
-13.476791,3,4025.477237
-13.476791,3,4025.575428
-10.783561,4,4025.904049
51.523209,3,4026.397379
53.55344,4,4026.623044
54.216439,4,4026.900991
51.523209,3,4027.471573
53.196439,4,4027.723278
57.967614,5,4027.834045
51.523209,3,4028.214885
53.55344,4,4028.297552
-13.476791,3,4028.554118
54.216439,4,4028.745405
51.523209,3,4028.962304
51.523209,3,4029.350934
57.967614,5,4029.436049
54.216439,4,4029.533174
-7.032386,5,4030.118493
57.967614,5,4030.2218
54.216439,4,4030.318213
57.967614,5,4030.421713
59.099294,6,4030.46978
54.216439,4,4030.686268
54.216439,4,4030.932584
54.216439,4,4031.024814
54.216439,4,4031.241336
54.216439,4,4031.456259
54.216439,4,4031.6538
-7.032386,5,4032.184371
54.216439,4,4032.518772
53.502439,4,4032.753682
-10.783561,4,4033.058818
51.523209,3,4033.468735
-14.760902,3,4033.524815
54.216439,4,4033.787535
57.967614,5,4033.86315
53.55344,4,4033.938766
54.216439,4,4034.110063
54.216439,4,4034.208384
57.967614,5,4034.261019
54.216439,4,4034.37863
54.216439,4,4034.689011
-11.406726,4,4034.754625
54.216439,4,4034.92197
54.216439,4,4035.143774
54.216439,4,4035.217483
54.216439,4,4035.395367
-13.476791,3,4035.539607
54.216439,4,4035.723839
53.29844,4,4035.945672
59.099294,6,4035.999253
54.216439,4,4036.246129
54.216439,4,4036.52648
-7.032386,5,4037.143255
57.574733,5,4037.303536
54.216439,4,4037.505555
57.151614,5,4037.614734
54.216439,4,4037.91286
54.216439,4,4038.092443
-7.032386,5,4038.523293
51.523209,3,4038.920155
54.216439,4,4039.013294
54.216439,4,4039.397295
54.216439,4,4039.705688
51.523209,3,4039.965852
53.29844,4,4040.209793
54.216439,4,4040.462353
54.216439,4,4040.607105
-13.627712,3,4040.653194
-13.552251,3,4040.73524
53.196439,4,4040.952902
54.216439,4,4041.200927
54.216439,4,4041.499393
54.216439,4,4041.73368
54.216439,4,4042.03352
54.216439,4,4042.145917
54.216439,4,4042.265147
57.967614,5,4042.387842
51.523209,3,4042.621192
54.216439,4,4042.860643
57.967614,5,4042.976568
54.216439,4,4043.207275
57.967614,5,4043.306436
54.216439,4,4043.418293
51.523209,3,4043.793644
57.967614,5,4043.895301
57.967614,5,4043.987227
57.967614,5,4044.107548
54.216439,4,4044.325222
54.216439,4,4044.539888
54.216439,4,4044.762855
51.523209,3,4045.203922
54.216439,4,4045.303778
-13.476791,3,4045.372891
-11.199004,4,4045.446483
-13.703172,3,4045.500691
54.216439,4,4045.678505
-7.032386,5,4046.067299
54.216439,4,4046.169841
57.967614,5,4046.269483
54.216439,4,4046.490455
51.523209,3,4046.943597
54.216439,4,4047.047686
-7.032386,5,4047.466078
51.523209,3,4047.835819
54.216439,4,4048.080356
-7.032386,5,4048.370829
54.216439,4,4048.471439
-13.476791,3,4048.860626
-11.199004,4,4048.933753
-7.032386,5,4049.474174
-13.552251,3,4049.553847
-13.476791,3,4049.697585
57.967614,5,4049.813284
-13.476791,3,4049.894381
54.008717,4,4050.0317
54.216439,4,4050.242654
-10.783561,4,4050.522428
54.216439,4,4050.618549
50.503209,3,4050.993125
54.216439,4,4051.247447
51.523209,3,4051.673715
51.523209,3,4051.943568
51.523209,3,4052.549257
54.216439,4,4052.813789
-10.991283,4,4053.091608
53.196439,4,4053.275306
54.216439,4,4053.490555
53.29844,4,4053.607626
-13.476791,3,4053.670923
57.967614,5,4053.780096
-13.476791,3,4053.834186
51.523209,3,4054.26574
-13.476791,3,4054.504183
57.967614,5,4054.61889
-13.476791,3,4054.746186
57.967614,5,4054.846224
51.523209,3,4055.248803
-14.139791,3,4055.381555
54.216439,4,4055.568034
-13.476791,3,4055.641667
57.967614,5,4055.738845
-13.476791,3,4055.850042
51.523209,3,4056.096098
54.216439,4,4056.319384
51.523209,3,4056.453719
53.502439,4,4056.693814
-13.476791,3,4057.005905
54.216439,4,4057.115422
-13.476791,3,4057.250128
54.216439,4,4057.349803
54.216439,4,4057.580373
-7.032386,5,4057.988058
54.216439,4,4058.084404
-13.476791,3,4058.152044
-13.476791,3,4058.408995
54.216439,4,4058.663045
-14.394791,3,4058.73049
57.967614,5,4058.839561
54.216439,4,4059.20484
54.216439,4,4059.329066
-11.406726,4,4059.457385
54.216439,4,4059.642112
-13.476791,3,4059.929131
-13.476791,3,4060.057732
54.216439,4,4060.16047
-13.476791,3,4060.25524
-13.703172,3,4060.311542
-14.394791,3,4060.394159
-13.476791,3,4060.645817
-13.476791,3,4060.828437
-13.476791,3,4060.890034
-13.476791,3,4061.061798
54.216439,4,4061.281866
54.216439,4,4061.510201
-13.476791,3,4061.588848
51.523209,3,4061.714983
54.216439,4,4061.798838
53.400439,4,4062.033527
-7.950386,5,4062.619186
57.967614,5,4062.712844
54.216439,4,4062.840083
-13.476791,3,4062.897291
54.216439,4,4063.114872
54.216439,4,4063.517839
-13.476791,3,4063.97519
-13.476791,3,4064.038152
54.216439,4,4064.143407
57.967614,5,4064.261389
-13.476791,3,4064.322878
-13.476791,3,4064.464324
54.216439,4,4064.560776
-14.496791,3,4064.665948
57.967614,5,4064.779112
-13.476791,3,4065.064904
54.216439,4,4065.157277
-13.476791,3,4065.390629
-7.032386,5,4065.945911
-13.476791,3,4066.035045
-7.032386,5,4066.53734
53.502439,4,4066.626782
-13.476791,3,4066.710433
54.216439,4,4066.908189
-13.476791,3,4066.984426
-13.476791,3,4067.264821
54.216439,4,4067.640813
-13.476791,3,4067.913091
54.216439,4,4068.027582
54.216439,4,4068.281497
54.216439,4,4068.479657
51.523209,3,4068.595304
-13.476791,3,4068.891219
-13.476791,3,4068.954996
54.216439,4,4069.183568
57.967614,5,4069.256669
54.216439,4,4069.415426
51.523209,3,4069.859058
54.216439,4,4070.1066
54.216439,4,4070.347286
53.29844,4,4070.563753
-7.695386,5,4071.11415
54.216439,4,4071.238204
54.216439,4,4071.34357
54.216439,4,4071.515308
54.216439,4,4071.603203
-13.627712,3,4071.653811
51.523209,3,4072.059521
-13.476791,3,4072.142977
54.216439,4,4072.39456
53.400439,4,4072.498679
51.523209,3,4072.683132
57.967614,5,4072.799433
51.523209,3,4073.23812
-13.476791,3,4073.3247
54.216439,4,4073.524158
-7.032386,5,4073.940654
57.967614,5,4074.060371
54.216439,4,4074.168196
54.216439,4,4074.358533
54.216439,4,4074.664857
59.099294,6,4074.750862
54.216439,4,4074.925123
54.216439,4,4074.984222
54.216439,4,4075.488549
-11.406726,4,4075.5794
57.967614,5,4075.657525
-7.032386,5,4076.255766
54.216439,4,4076.5457
54.216439,4,4076.662828
54.216439,4,4076.950195
54.216439,4,4077.156511
54.216439,4,4077.367864
54.216439,4,4077.749311
57.967614,5,4077.86244
54.216439,4,4078.068358
-7.032386,5,4078.686571
54.216439,4,4078.871365
57.967614,5,4078.94672
54.216439,4,4079.236728
54.216439,4,4079.463042
54.216439,4,4079.683712
-7.818147,5,4079.798427
51.523209,3,4079.926121
53.196439,4,4080.029801
59.099294,6,4080.134438
54.216439,4,4080.231302
54.216439,4,4080.463508
54.216439,4,4080.576689
-13.476791,3,4080.648245
57.967614,5,4080.760226
53.196439,4,4080.994764
54.216439,4,4081.128216
57.967614,5,4081.170272
-13.476791,3,4081.248384
57.967614,5,4081.33753
54.216439,4,4081.518455
57.967614,5,4081.829712
54.216439,4,4081.941868
54.216439,4,4082.164729
59.099294,6,4082.227325
54.216439,4,4082.4153
54.216439,4,4082.613179
54.216439,4,4082.725953
57.967614,5,4082.802073
57.253614,5,4082.924389
54.216439,4,4083.102462
51.523209,3,4083.29897
-13.476791,3,4083.370953
54.216439,4,4083.722904
-7.032386,5,4084.341924
54.216439,4,4084.446085
54.216439,4,4084.54238
57.967614,5,4084.655054
59.099294,6,4084.712641
54.216439,4,4084.976123
54.216439,4,4085.066757
54.216439,4,4085.331043
54.216439,4,4085.541646
-7.077886,6,4085.819316
57.304614,5,4085.883127
59.099294,6,4085.917664
54.216439,4,4086.132279
57.967614,5,4086.240552
54.216439,4,4086.329229
56.947614,5,4086.436748
54.216439,4,4086.671041
59.099294,6,4086.719704
54.216439,4,4086.844793
54.216439,4,4087.18989
54.216439,4,4087.311869
54.216439,4,4087.380391
54.216439,4,4087.6079
54.216439,4,4087.69474
-8.211028,5,4087.806422
57.967614,5,4087.913589
53.502439,4,4088.026769
54.216439,4,4088.324334
54.216439,4,4088.526682
53.29844,4,4088.826127
54.216439,4,4088.926352
-13.476791,3,4089.281283
-13.476791,3,4089.340877
59.099294,6,4089.385508
59.099294,6,4089.492741
54.216439,4,4089.761166
54.216439,4,4089.976498
54.216439,4,4090.120972
57.967614,5,4090.240685
-13.476791,3,4090.294775
54.216439,4,4090.40033
54.216439,4,4090.487322
54.216439,4,4090.870495
-13.476791,3,4090.93109
54.216439,4,4091.253086
54.216439,4,4091.481549
-10.991283,4,4091.696511
51.523209,3,4091.899103
54.216439,4,4092.075425
57.967614,5,4092.157573
-13.476791,3,4092.239702
54.216439,4,4092.351884
-13.476791,3,4092.491128
57.967614,5,4092.598832
-14.139791,3,4092.772068
57.967614,5,4092.873537
51.523209,3,4093.34761
-7.032386,5,4093.917379
-13.476791,3,4094.013675
54.216439,4,4094.266598
51.523209,3,4094.578929
54.216439,4,4094.810696
54.216439,4,4095.051847
57.967614,5,4095.158052
54.216439,4,4095.476345
54.216439,4,4095.559504
-13.476791,3,4095.816182
-13.627712,3,4095.8713
57.151614,5,4095.988268
57.967614,5,4096.092953
54.216439,4,4096.450544
-13.476791,3,4096.715777
54.216439,4,4096.908834
51.523209,3,4097.301884
-7.032386,5,4097.743158
57.967614,5,4097.836421
-13.476791,3,4097.910571
-13.476791,3,4098.246796
-13.476791,3,4098.494676
-13.476791,3,4098.581296
-13.476791,3,4098.978429
-13.476791,3,4099.057638
54.216439,4,4099.281701
51.523209,3,4099.737873
-13.476791,3,4099.964478
57.967614,5,4100.06561
-13.476791,3,4100.132033
-13.476791,3,4100.365066
54.216439,4,4100.532325
-7.746386,5,4101.120806
57.967614,5,4101.21764
-13.476791,3,4101.440277
-7.032386,5,4101.975842
57.967614,5,4102.101741
-11.406726,4,4102.173612
-7.032386,5,4102.654636
50.860209,3,4102.813041
-13.476791,3,4102.932886
-13.476791,3,4103.172534
54.216439,4,4103.390673
-13.476791,3,4103.464765
-13.703172,3,4103.514339
-13.476791,3,4103.821613
-13.476791,3,4103.912429
-14.139791,3,4103.97067
-11.510587,4,4104.017714
54.216439,4,4104.15159
-14.496791,3,4104.283307
54.216439,4,4104.503805
-13.740902,3,4104.553988
54.216439,4,4104.640651
-13.703172,3,4104.689771
54.216439,4,4104.763857
-13.476791,3,4105.114477
54.216439,4,4105.282976
54.216439,4,4105.379093
51.523209,3,4105.518496
-13.476791,3,4105.57857
57.967614,5,4105.650193
-13.476791,3,4105.735302
54.216439,4,4105.820173
-13.476791,3,4105.947847
57.967614,5,4106.065533
-13.476791,3,4106.149866
54.216439,4,4106.342164
-13.476791,3,4106.606128
-7.032386,5,4107.050111
54.216439,4,4107.282429
-13.476791,3,4107.367788
-13.476791,3,4107.420372
-14.292791,3,4107.756013
-13.476791,3,4107.842458
57.967614,5,4107.944065
57.967614,5,4108.037799
53.502439,4,4108.24622
54.216439,4,4108.306159
-13.476791,3,4108.452955
-13.476791,3,4108.64988
-13.476791,3,4108.718473
53.29844,4,4108.849902
-14.190791,3,4108.934496
-13.476791,3,4109.196473
54.216439,4,4109.260676
54.216439,4,4109.47456
57.151614,5,4109.545209
-7.848386,5,4110.067967
54.216439,4,4110.285995
57.967614,5,4110.401455
51.523209,3,4110.82154
-13.476791,3,4110.945363
-14.292791,3,4111.157816
-7.032386,5,4111.725426
50.809209,3,4111.908197
51.523209,3,4112.287794
51.523209,3,4112.431588
57.967614,5,4112.535858
-10.991283,4,4112.839248
-13.476791,3,4113.067528
-13.476791,3,4113.318411
57.967614,5,4113.407508
54.216439,4,4113.627401
-13.476791,3,4113.693015
54.216439,4,4113.898135
-13.476791,3,4113.958367
54.216439,4,4114.199096
53.196439,4,4114.438118
57.967614,5,4114.547546
54.216439,4,4114.766385
54.216439,4,4115.015369
-14.190791,3,4115.094754
-13.476791,3,4115.534573
-13.476791,3,4115.874906
-11.406726,4,4115.964389
-13.476791,3,4116.042123
-7.032386,5,4116.560974
-13.476791,3,4116.693187
51.523209,3,4117.150513
-13.476791,3,4117.212097
-13.476791,3,4117.273129
-13.476791,3,4117.406847
51.523209,3,4117.848947
54.216439,4,4118.063418
-13.476791,3,4118.51185
-13.476791,3,4118.5978
50.809209,3,4118.870556
-13.476791,3,4119.107655
-13.476791,3,4119.213351
54.216439,4,4119.446242
51.523209,3,4119.573083
-13.476791,3,4119.812975
56.947614,5,4119.912607
51.523209,3,4120.331403
-13.476791,3,4120.405501
54.216439,4,4120.501873
-13.476791,3,4120.553456
-13.476791,3,4120.602015
-7.032386,5,4121.116446
-13.476791,3,4121.479086
57.967614,5,4121.576779
51.523209,3,4121.955043
-13.476791,3,4122.234518
57.967614,5,4122.350695
-13.476791,3,4122.547501
-13.476791,3,4122.814919
-14.139791,3,4122.984375
51.523209,3,4123.442292
54.216439,4,4123.665565
57.967614,5,4123.782888
54.216439,4,4123.980403
-13.476791,3,4124.105612
-13.476791,3,4124.341774
-13.476791,3,4124.447728
57.967614,5,4124.566448
-13.476791,3,4124.628434
53.196439,4,4124.86248
-13.476791,3,4124.921617
51.523209,3,4125.052786
54.216439,4,4125.259598
57.967614,5,4125.370918
-14.394791,3,4125.432863
51.523209,3,4125.608456
54.216439,4,4125.812412
54.216439,4,4126.031779
-13.476791,3,4126.47675
54.216439,4,4126.679858
-14.292791,3,4127.003777
51.523209,3,4127.329773
-13.627712,3,4127.373821
-13.476791,3,4127.793295
57.049614,5,4127.887927
-13.476791,3,4127.985756
-13.476791,3,4128.065926
54.216439,4,4128.206662
57.967614,5,4128.341893
-13.476791,3,4128.783887
-13.476791,3,4129.188272
-13.476791,3,4129.501378
-10.783561,4,4129.838591
-13.476791,3,4130.086229
-13.476791,3,4130.238254
-13.476791,3,4130.309752
50.503209,3,4130.714261
53.55344,4,4130.830013
-13.476791,3,4131.279441
-13.476791,3,4131.363796
-13.476791,3,4131.491641
-10.783561,4,4131.80375
51.523209,3,4131.934769
-13.476791,3,4131.999189
-13.476791,3,4132.350389
57.967614,5,4132.43179
-13.476791,3,4132.631868
54.216439,4,4132.85333
54.216439,4,4133.078736
-13.476791,3,4133.51602
-13.476791,3,4133.581203
51.523209,3,4134.016082
-13.476791,3,4134.090747
-13.476791,3,4134.303822
54.216439,4,4134.527431
-13.476791,3,4134.592006
51.523209,3,4134.763887
-7.032386,5,4135.305727
54.216439,4,4135.50173
-13.476791,3,4135.56983
54.216439,4,4135.792674
53.29844,4,4135.900346
-13.476791,3,4136.026504
54.216439,4,4136.249501
-13.476791,3,4136.338325
-14.190791,3,4136.400467
-10.783561,4,4136.547593
-13.740902,3,4136.613977
-13.476791,3,4136.745447
54.216439,4,4136.845292
-13.476791,3,4136.99609
51.523209,3,4137.403743
54.216439,4,4137.486682
-13.476791,3,4137.621711
-14.190791,3,4138.108227
50.809209,3,4138.6976
-11.44656,4,4139.000903
-13.476791,3,4139.05649
57.967614,5,4139.185352
59.099294,6,4139.28463
-13.476791,3,4139.347734
-10.783561,4,4139.677674
-14.394791,3,4139.795533
-13.476791,3,4139.986612
51.523209,3,4140.438397
-13.552251,3,4140.614154
-13.476791,3,4140.886076
54.216439,4,4141.09962
-13.476791,3,4141.187768
54.216439,4,4141.282525
54.216439,4,4141.399175
54.216439,4,4141.631924
-13.476791,3,4141.921563
-13.476791,3,4141.987538
51.523209,3,4142.452502
54.216439,4,4142.677631
-13.476791,3,4142.816897
57.967614,5,4142.939123
57.967614,5,4143.054369
54.216439,4,4143.163361
-7.032386,5,4143.762471
57.304614,5,4143.876207
53.502439,4,4144.127573
54.216439,4,4144.359117
54.216439,4,4144.450729
-13.476791,3,4144.715667
57.967614,5,4144.83078
-13.740902,3,4144.886438
51.523209,3,4145.350805
54.216439,4,4145.415892
-13.476791,3,4145.523628
54.216439,4,4145.706546
-13.476791,3,4145.965473
50.809209,3,4146.238343
54.216439,4,4146.468446
54.216439,4,4146.561098
-13.476791,3,4146.798561
-7.032386,5,4147.300213
53.196439,4,4147.394593
-13.476791,3,4147.830562
-13.552251,3,4147.928246
52.53344,4,4148.225738
-13.476791,3,4148.285076
-13.476791,3,4148.339152
51.523209,3,4148.78113
53.196439,4,4149.004048
-13.476791,3,4149.14242
54.216439,4,4149.241012
-13.476791,3,4149.524831
54.216439,4,4149.742112
51.523209,3,4150.049681
-13.476791,3,4150.108277
-13.476791,3,4150.164381
51.523209,3,4150.543079
-13.476791,3,4150.605669
-13.476791,3,4150.689381
-13.476791,3,4150.785322
-13.476791,3,4151.00896
-13.476791,3,4151.084697
53.400439,4,4151.156689
57.967614,5,4151.265768
54.216439,4,4151.502476
50.860209,3,4151.625615
-13.476791,3,4151.696589
51.523209,3,4152.110323
54.216439,4,4152.206146
57.967614,5,4152.302843
51.523209,3,4152.462622
-10.783561,4,4152.597487
51.523209,3,4153.035772
51.523209,3,4153.194039
57.967614,5,4153.263696
-10.783561,4,4153.563029
-13.476791,3,4153.635613
54.216439,4,4153.850855
-13.476791,3,4154.074466
51.523209,3,4154.259622
-13.476791,3,4154.329226
54.216439,4,4154.416196
-13.476791,3,4154.864652
-10.783561,4,4155.183544
-13.476791,3,4155.244532
-13.476791,3,4155.692108
51.523209,3,4156.129625
-13.476791,3,4156.201764
-7.032386,5,4156.797617
54.216439,4,4156.893277
57.967614,5,4156.99045
54.216439,4,4157.209979
53.55344,4,4157.500035
-13.476791,3,4157.598176
-13.476791,3,4157.804907
57.967614,5,4157.920094
54.216439,4,4158.135999
-13.476791,3,4158.225644
-13.476791,3,4158.458895
57.967614,5,4158.54486
-7.032386,5,4159.010239
54.216439,4,4159.124078
50.605209,3,4159.52381
51.523209,3,4159.777458
51.523209,3,4159.871392
-7.032386,5,4160.3799
54.216439,4,4160.501814
57.967614,5,4160.614984
50.605209,3,4161.033545
-13.476791,3,4161.089741
54.216439,4,4161.191939
-13.476791,3,4161.238516
-14.394791,3,4161.302914
-13.476791,3,4161.373714
-11.510587,4,4161.62313
51.523209,3,4162.037554
54.216439,4,4162.121613
54.216439,4,4162.264009
51.523209,3,4162.704585
51.523209,3,4163.119972
57.967614,5,4163.230126
-13.476791,3,4163.296742
57.967614,5,4163.408329
57.967614,5,4163.514519
54.216439,4,4163.589134
54.216439,4,4163.797485
54.216439,4,4164.006131
57.151614,5,4164.098829
57.967614,5,4164.190228
54.216439,4,4164.42461
54.216439,4,4164.520992
54.216439,4,4164.752526
54.216439,4,4164.975534
50.860209,3,4165.395269
54.216439,4,4165.6452
54.216439,4,4165.881339
-13.476791,3,4165.974505
51.523209,3,4166.401804
54.216439,4,4166.470432
51.523209,3,4166.849828
54.216439,4,4166.939329
54.216439,4,4167.012444
54.216439,4,4167.385513
-7.032386,5,4167.833808
54.216439,4,4167.939435
54.216439,4,4168.018062
54.216439,4,4168.242514
-13.476791,3,4168.387939
54.216439,4,4168.619526
51.523209,3,4169.093256
54.216439,4,4169.29057
-8.052386,5,4169.676349
54.216439,4,4169.784524
54.216439,4,4169.894206
57.967614,5,4169.972964
53.55344,4,4170.066279
-8.407468,5,4170.216524
51.523209,3,4170.347514
54.216439,4,4170.444653
54.216439,4,4170.722701
54.216439,4,4170.830693
54.216439,4,4170.932834
57.967614,5,4171.05157
54.216439,4,4171.253454
54.216439,4,4171.491542
54.216439,4,4171.655792
-13.476791,3,4171.881129
53.502439,4,4171.983414
54.216439,4,4172.021993
57.967614,5,4172.098784
57.967614,5,4172.187944
-13.476791,3,4172.247717
54.216439,4,4172.464714
57.049614,5,4172.557947
-13.476791,3,4172.686266
53.55344,4,4172.76791
51.523209,3,4173.15914
-13.627712,3,4173.260566
54.216439,4,4173.379854
54.216439,4,4173.474031
50.503209,3,4173.709361
51.523209,3,4174.160193
-7.032386,5,4174.621814
54.216439,4,4174.728278
-13.476791,3,4174.775354
-13.476791,3,4174.898727
-13.476791,3,4174.965481
-14.394791,3,4175.222924
-7.818147,5,4175.438578
54.216439,4,4175.653909
-13.476791,3,4175.928571
54.216439,4,4176.156793
-13.476791,3,4176.236948
57.967614,5,4176.328178
54.216439,4,4176.426476
-14.139791,3,4176.507827
54.216439,4,4176.75632
57.967614,5,4176.837697
51.523209,3,4177.002477
-13.476791,3,4177.066594
57.967614,5,4177.144195
-13.476791,3,4177.282215
57.967614,5,4177.390038
54.216439,4,4177.486211
-13.476791,3,4177.58108
-13.476791,3,4177.642161
51.523209,3,4178.087886
57.967614,5,4178.201669
53.55344,4,4178.274558
54.216439,4,4178.508411
54.216439,4,4178.746809
-13.476791,3,4178.839446
54.216439,4,4178.936081
-13.476791,3,4178.997928
54.216439,4,4179.085616
-14.496791,3,4179.167901
51.523209,3,4179.455681
51.523209,3,4179.763615
57.967614,5,4179.865465
-13.476791,3,4180.158442
54.216439,4,4180.259482
-13.476791,3,4180.507906
-13.476791,3,4180.747638
-13.476791,3,4180.800355
54.216439,4,4181.011278
54.216439,4,4181.215199
54.216439,4,4181.460363
54.216439,4,4181.543064
-13.476791,3,4181.68903
-13.476791,3,4181.750619
51.523209,3,4182.166503
-7.032386,5,4182.607617
54.216439,4,4182.859828
54.216439,4,4183.088913
54.216439,4,4183.312921
-13.476791,3,4183.52784
51.523209,3,4183.938506
-13.627712,3,4183.989106
51.523209,3,4184.313115
54.216439,4,4184.412791
54.216439,4,4184.520761
54.216439,4,4184.730636
-14.190791,3,4184.832418
54.216439,4,4184.930137
54.216439,4,4185.035307
54.216439,4,4185.152245
54.216439,4,4185.390792
51.523209,3,4185.630164
57.967614,5,4185.743358
54.216439,4,4185.829993
-14.139791,3,4185.912149
-13.476791,3,4186.15151
-13.476791,3,4186.244222
57.967614,5,4186.340384
54.216439,4,4186.425036
-7.032386,5,4186.866732
51.523209,3,4186.978299
54.216439,4,4187.237807
54.216439,4,4187.3276
53.502439,4,4187.552301
59.099294,6,4187.653973
51.523209,3,4188.065106
-11.510587,4,4188.124206
54.216439,4,4188.237913
54.216439,4,4188.344291
57.967614,5,4188.426106
-7.032386,5,4188.883518
-13.476791,3,4189.051482
57.967614,5,4189.158671
54.216439,4,4189.248445
-13.476791,3,4189.310548
50.707209,3,4189.757232
54.216439,4,4189.846452
-13.476791,3,4189.91029
54.216439,4,4189.997977
54.216439,4,4190.184149
54.216439,4,4190.348505
-13.476791,3,4190.516503
-13.476791,3,4190.59618
-13.740902,3,4190.65251
-13.476791,3,4190.708924
51.523209,3,4191.136054
-13.476791,3,4191.193109
53.55344,4,4191.289587
57.967614,5,4191.389302
57.967614,5,4191.496621
51.523209,3,4191.881603
54.216439,4,4192.22263
54.216439,4,4192.429166
54.216439,4,4192.522169
54.216439,4,4192.643272
-13.476791,3,4192.70623
-13.476791,3,4192.783353
57.967614,5,4192.901547
54.216439,4,4193.00672
-13.476791,3,4193.109391
-14.496791,3,4193.502494
51.523209,3,4193.674946
51.523209,3,4194.185176
-13.476791,3,4194.404076
54.216439,4,4194.630433
-13.627712,3,4194.721931
51.523209,3,4194.855794
-7.032386,5,4195.229312
57.967614,5,4195.348707
54.216439,4,4195.471416
53.55344,4,4195.70232
-14.496791,3,4195.753906
54.216439,4,4195.935354
57.967614,5,4196.045562
57.151614,5,4196.156912
54.216439,4,4196.367962
54.216439,4,4196.428065
54.216439,4,4196.52626
54.216439,4,4196.755476
54.216439,4,4196.856621
54.216439,4,4197.086924
54.216439,4,4197.197599
-13.476791,3,4197.638737
57.967614,5,4197.737578
54.216439,4,4197.832712
51.523209,3,4198.128561
54.216439,4,4198.32401
-13.476791,3,4198.449704
54.216439,4,4198.660972
54.216439,4,4198.726617
57.967614,5,4198.83692
51.523209,3,4199.213242
54.216439,4,4199.304036
-13.476791,3,4199.360621
54.216439,4,4199.603624
54.216439,4,4199.799099
57.967614,5,4199.880933
51.523209,3,4200.318276
-13.476791,3,4200.411402
57.049614,5,4200.505059
53.29844,4,4200.598789
57.967614,5,4200.682608
54.216439,4,4200.965367
51.523209,3,4201.410838
54.216439,4,4201.514017
-13.476791,3,4201.633898
53.29844,4,4201.883375
-7.032386,5,4202.478037
54.216439,4,4202.707589
-13.476791,3,4202.773317
57.967614,5,4202.869966
57.967614,5,4202.964311
57.967614,5,4203.099005
-13.476791,3,4203.285137
57.304614,5,4203.387604
54.216439,4,4203.498868
54.216439,4,4203.708885
54.216439,4,4203.778996
53.400439,4,4203.879967
-7.032386,5,4204.398614
51.523209,3,4204.887002
54.216439,4,4205.29437
54.216439,4,4205.400848
-13.476791,3,4205.654783
-14.394791,3,4205.897964
54.216439,4,4206.141207
51.523209,3,4206.560529
-14.454902,3,4206.622983
-13.476791,3,4206.76623
54.216439,4,4206.868409
54.216439,4,4206.989525
-13.703172,3,4207.055416
57.967614,5,4207.153651
54.216439,4,4207.215253
51.523209,3,4207.583647
50.605209,3,4207.998493
51.523209,3,4208.131991
-13.627712,3,4208.191788
54.216439,4,4208.293957
-8.052386,5,4208.593543
-11.406726,4,4208.673173
54.216439,4,4208.901721
53.502439,4,4208.992805
54.216439,4,4209.226543
-13.476791,3,4209.327887
54.216439,4,4209.499409
54.216439,4,4209.703355
50.605209,3,4210.13857
54.216439,4,4210.362727
-13.476791,3,4210.44501
51.523209,3,4210.583363
57.967614,5,4210.699542
54.216439,4,4210.879542
54.216439,4,4211.049869
57.967614,5,4211.163532
54.216439,4,4211.412352
-13.703172,3,4211.467735
51.523209,3,4211.918689
-13.476791,3,4212.004819
54.216439,4,4212.097959
57.967614,5,4212.193597
54.216439,4,4212.471325
53.400439,4,4212.849421
54.216439,4,4213.131019
54.216439,4,4213.244214
-13.476791,3,4213.326372
-13.476791,3,4213.395492
53.400439,4,4213.641317
51.523209,3,4214.08514
54.216439,4,4214.31702
54.216439,4,4214.714479
54.216439,4,4214.952643
-13.627712,3,4215.020083
54.216439,4,4215.260486
54.216439,4,4215.53018
54.216439,4,4215.867664
51.523209,3,4216.274611
54.216439,4,4216.514034
51.523209,3,4216.962491
54.216439,4,4217.168324
54.216439,4,4217.2802
54.216439,4,4217.387912
-13.476791,3,4217.447997
54.216439,4,4217.782373
51.523209,3,4218.209547
53.502439,4,4218.472749
54.216439,4,4218.846146
54.216439,4,4218.945559
56.947614,5,4219.056008
-13.476791,3,4219.180163
-7.032386,5,4219.722018
-7.032386,5,4220.209051
54.216439,4,4220.310374
54.216439,4,4220.53258
54.216439,4,4220.651969
54.216439,4,4220.88133
54.216439,4,4220.948182
-7.032386,5,4221.574279
-13.740902,3,4221.63636
-7.032386,5,4222.153303
54.216439,4,4222.295634
51.523209,3,4222.737058
-7.032386,5,4223.164472
53.502439,4,4223.24343
54.216439,4,4223.541755
-7.032386,5,4223.979502
-13.476791,3,4224.405842
-13.476791,3,4224.61933
54.216439,4,4224.67841
51.523209,3,4225.093594
-13.476791,3,4225.361691
53.55344,4,4225.76545
57.967614,5,4225.876292
-10.783561,4,4226.18182
54.216439,4,4226.393306
51.523209,3,4226.774656
-13.476791,3,4226.906512
57.253614,5,4227.004366
51.523209,3,4227.421182
-13.476791,3,4227.499293
54.216439,4,4227.722692
54.216439,4,4227.815443
51.523209,3,4228.033744
54.216439,4,4228.252506
-13.476791,3,4228.299607
-13.476791,3,4228.551949
54.216439,4,4228.636589
54.216439,4,4228.843305
-13.740902,3,4228.904568
54.216439,4,4229.131388
50.503209,3,4229.489132
51.523209,3,4229.926019
57.967614,5,4230.022875
57.967614,5,4230.111621
57.967614,5,4230.22278
-7.032386,5,4230.631952
-14.292791,3,4230.716088
54.216439,4,4231.11342
51.523209,3,4231.267739
-13.476791,3,4231.459697
54.216439,4,4231.835349
-11.510587,4,4231.902452
-7.032386,5,4232.392938
54.216439,4,4232.6155
54.216439,4,4232.869906
54.216439,4,4232.969569
-13.476791,3,4233.18093
54.216439,4,4233.406433
-13.476791,3,4233.498989
-13.476791,3,4233.722531
54.216439,4,4233.83124
51.523209,3,4234.421439
54.216439,4,4234.658623
-14.190791,3,4235.125457
57.967614,5,4235.22868
-13.476791,3,4235.456899
-13.476791,3,4235.901757
53.196439,4,4236.134556
-13.476791,3,4236.278599
51.523209,3,4236.565772
57.967614,5,4236.679099
-13.476791,3,4236.757825
54.216439,4,4236.868768
57.967614,5,4236.955876
-13.476791,3,4237.030018
54.216439,4,4237.276583
-13.552251,3,4237.458006
-13.476791,3,4237.653903
59.099294,6,4237.759062
-14.496791,3,4238.167703
57.967614,5,4238.266743
54.216439,4,4238.527789
54.216439,4,4238.733278
54.216439,4,4238.813437
54.216439,4,4238.924744
-8.211028,5,4238.995311
51.523209,3,4239.430969
51.523209,3,4239.592948
-13.476791,3,4239.651403
-13.476791,3,4239.795102
54.216439,4,4239.932634
54.216439,4,4240.063322
51.523209,3,4240.201558
54.216439,4,4240.440757
57.967614,5,4240.542903
54.216439,4,4240.889132
-13.476791,3,4240.969261
-13.476791,3,4241.166633
51.523209,3,4241.589144
54.216439,4,4241.855987
-10.991283,4,4241.979112
-7.032386,5,4242.473756
54.216439,4,4242.56613
51.523209,3,4242.792654
57.967614,5,4242.892329
54.216439,4,4242.977951
54.216439,4,4243.093646
54.216439,4,4243.200636
-13.476791,3,4243.263688
54.216439,4,4243.370795
51.523209,3,4243.548135
57.967614,5,4243.659949
57.967614,5,4243.77827
52.53344,4,4243.868935
-7.032386,5,4244.262557
54.008717,4,4244.507984
-14.496791,3,4244.663166
51.523209,3,4245.105396
-13.476791,3,4245.354732
-13.627712,3,4245.404664
51.523209,3,4245.982794
54.216439,4,4246.158784
-13.476791,3,4246.2239
51.523209,3,4246.546568
-13.476791,3,4246.71231
57.967614,5,4246.82599
-13.476791,3,4247.119865
-13.476791,3,4247.181546
51.523209,3,4247.646351
-13.476791,3,4247.850825
-14.292791,3,4247.934587
54.216439,4,4248.155341
50.503209,3,4248.460697
-13.476791,3,4248.521035
57.967614,5,4248.617681
51.523209,3,4248.957712
-13.476791,3,4249.180581
54.216439,4,4249.277915
-13.476791,3,4249.449744
54.216439,4,4249.625567
-13.703172,3,4249.684658
-14.496791,3,4249.753274
51.523209,3,4250.200423
-10.783561,4,4250.41971
-13.476791,3,4250.488809
-10.783561,4,4250.633276
57.253614,5,4250.725588
-13.476791,3,4250.784684
-13.476791,3,4250.860994
-13.476791,3,4251.094364
57.967614,5,4251.181427
-13.476791,3,4251.442645
-13.476791,3,4251.720951
51.523209,3,4252.158631
-10.783561,4,4252.450821
51.523209,3,4252.897921
-13.740902,3,4252.955434
51.523209,3,4253.389658
-13.476791,3,4253.685137
51.523209,3,4253.834351
-14.496791,3,4253.943055
-13.476791,3,4254.350047
-10.783561,4,4254.498374
-13.476791,3,4254.809146
-14.496791,3,4255.036813
-13.476791,3,4255.322521
-13.476791,3,4255.513991
-7.848386,5,4256.01803
-13.476791,3,4256.135867
-13.476791,3,4256.353795
57.967614,5,4256.449149
-13.627712,3,4256.539032
50.503209,3,4256.971823
51.523209,3,4257.120943
-13.476791,3,4257.197987
-13.476791,3,4257.464755
-13.476791,3,4257.50683
-14.139791,3,4257.573351
51.523209,3,4258.026296
-13.476791,3,4258.264279
-14.496791,3,4258.65375
-13.476791,3,4259.061751
-13.476791,3,4259.209523
54.216439,4,4259.316298
-13.740902,3,4259.378877
-13.476791,3,4259.804224
53.502439,4,4260.019546
-13.476791,3,4260.103181
-13.476791,3,4260.164173
57.967614,5,4260.235781
-13.476791,3,4260.528093
-13.476791,3,4260.661042
51.523209,3,4261.141604
-13.476791,3,4261.253434
-10.783561,4,4261.375224
-13.476791,3,4261.460032
-14.190791,3,4261.542642
-13.627712,3,4261.630346
-13.476791,3,4261.950955
54.216439,4,4262.184516
54.216439,4,4262.268324
-13.476791,3,4262.704932
-13.476791,3,4262.942488
57.967614,5,4263.052962
54.216439,4,4263.272857
-13.476791,3,4263.479436
51.523209,3,4263.869689
-13.476791,3,4263.940277
57.967614,5,4264.021966
54.216439,4,4264.344619
-7.032386,5,4264.907853
-10.783561,4,4265.036579
50.503209,3,4265.413225
-13.476791,3,4265.473317
-13.476791,3,4265.885852
-7.032386,5,4266.470041
-14.139791,3,4266.58873
-7.032386,5,4267.195474
50.503209,3,4267.600035
-10.783561,4,4267.745818
51.523209,3,4268.025299
57.967614,5,4268.136504
51.523209,3,4268.274872
-13.476791,3,4268.339459
-14.496791,3,4268.424603
57.967614,5,4268.514764
54.216439,4,4268.75448
50.503209,3,4268.876708
51.523209,3,4269.31508
-13.476791,3,4269.369189
54.216439,4,4269.515661
-14.394791,3,4269.760791
57.967614,5,4269.877017
54.216439,4,4270.056868
-14.292791,3,4270.233063
54.216439,4,4270.34111
-13.476791,3,4270.675207
57.967614,5,4270.78717
51.523209,3,4271.194406
51.523209,3,4271.602721
-14.292791,3,4271.872524
54.216439,4,4272.081123
-7.032386,5,4272.498361
57.967614,5,4272.576479
-13.476791,3,4272.702172
-13.476791,3,4272.941292
54.216439,4,4273.018955
57.967614,5,4273.112636
51.523209,3,4273.423728
-11.199004,4,4273.528874
-13.476791,3,4273.953938
57.967614,5,4274.05986
-14.496791,3,4274.126961
54.216439,4,4274.368123
-7.032386,5,4274.891834
51.523209,3,4275.335829
-13.627712,3,4275.391935
-13.476791,3,4275.457036
53.29844,4,4275.689821
-7.032386,5,4276.116952
54.216439,4,4276.328595
-10.783561,4,4276.77502
-14.496791,3,4276.857164
51.523209,3,4277.272257
-14.139791,3,4277.324954
51.523209,3,4277.745641
54.216439,4,4278.026792
51.523209,3,4278.42808
51.523209,3,4278.8268
-13.476791,3,4279.239676
54.216439,4,4279.509137
54.216439,4,4279.589276
-13.476791,3,4279.809356
51.523209,3,4280.26708
54.216439,4,4280.340188
54.216439,4,4280.564061
57.967614,5,4280.676747
57.967614,5,4280.765909
53.502439,4,4280.82718
54.216439,4,4281.093442
-11.199004,4,4281.22394
51.523209,3,4281.366566
-7.032386,5,4281.904533
57.967614,5,4282.009347
54.216439,4,4282.249203
54.216439,4,4282.347852
54.216439,4,4282.448001
-14.496791,3,4282.523616
57.967614,5,4282.627756
51.523209,3,4282.882342
54.216439,4,4282.980447
54.216439,4,4283.089188
57.967614,5,4283.194021
54.216439,4,4283.298485
-13.703172,3,4283.355004
57.967614,5,4283.449456
-7.032386,5,4283.953355
57.967614,5,4284.041471
51.523209,3,4284.456684
-13.476791,3,4284.865906
-13.476791,3,4285.083651
53.400439,4,4285.176719
54.216439,4,4285.452855
54.216439,4,4285.552912
57.967614,5,4285.612023
54.216439,4,4285.865412
54.216439,4,4286.111568
-7.818147,5,4286.240093
54.216439,4,4286.472614
-7.032386,5,4286.924003
54.216439,4,4287.042196
51.523209,3,4287.462369
-13.476791,3,4287.526445
-13.476791,3,4287.62304
54.216439,4,4287.857987
54.216439,4,4288.226137
57.967614,5,4288.348052
-13.476791,3,4288.436717
-13.740902,3,4288.499152
-13.476791,3,4288.63533
53.502439,4,4288.745018
50.503209,3,4289.15663
54.216439,4,4289.409266
54.216439,4,4289.67581
-13.476791,3,4289.751442
-7.032386,5,4290.314399
-11.199004,4,4290.379221
-10.783561,4,4290.700264
-13.703172,3,4290.758861
54.216439,4,4290.87223
54.216439,4,4291.114042
50.503209,3,4291.515952
-13.476791,3,4291.57603
54.216439,4,4291.788111
-13.476791,3,4291.867805
57.967614,5,4291.940013
-13.476791,3,4292.417216
-13.476791,3,4292.502979
54.216439,4,4292.752473
-13.476791,3,4292.816103
54.216439,4,4292.911453
51.523209,3,4293.288772
-13.476791,3,4293.785809
-13.476791,3,4294.238153
50.605209,3,4294.681011
51.523209,3,4295.208826
-13.476791,3,4295.450009
54.216439,4,4295.684542
-13.476791,3,4295.73586
54.216439,4,4295.964367
-14.496791,3,4296.042012
-13.476791,3,4296.272628
54.216439,4,4296.380422
-13.476791,3,4296.463034
51.523209,3,4296.906357
-7.032386,5,4297.355211
-7.032386,5,4297.808156
-13.476791,3,4298.043331
54.216439,4,4298.313892
50.503209,3,4298.465641
-10.783561,4,4298.652925
57.967614,5,4298.766578
54.216439,4,4299.006445
54.216439,4,4299.111095
54.216439,4,4299.374698
54.216439,4,4299.546458
57.967614,5,4299.658172
57.967614,5,4299.762059
57.967614,5,4299.868215
50.503209,3,4300.039479
57.967614,5,4300.146729
54.216439,4,4300.254981
54.216439,4,4300.51657
-13.476791,3,4300.876868
57.253614,5,4300.981545
-13.740902,3,4301.040942
-13.476791,3,4301.176491
50.503209,3,4301.386519
-13.476791,3,4301.444125
54.216439,4,4301.693999
54.216439,4,4301.796182
57.967614,5,4301.880821
-13.476791,3,4302.013441
54.216439,4,4302.116627
-7.032386,5,4302.385591
-13.552251,3,4302.677046
-13.476791,3,4302.753197
-13.476791,3,4302.99162
54.216439,4,4303.226369
54.216439,4,4303.578134
-13.476791,3,4303.654235
49.789209,3,4303.830961
-11.199004,4,4303.930123
-13.476791,3,4304.081039
54.216439,4,4304.14728
-13.476791,3,4304.231948
-14.290712,3,4304.304246
54.216439,4,4304.538298
54.216439,4,4304.644481
54.216439,4,4304.899597
54.216439,4,4305.258482
54.216439,4,4305.352262
57.967614,5,4305.462327
51.523209,3,4305.80415
-14.496791,3,4305.871752
54.216439,4,4306.17454
54.216439,4,4306.272712
-13.552251,3,4306.375204
54.216439,4,4306.466337
53.29844,4,4306.621086
54.216439,4,4306.863012
-13.476791,3,4307.091084
50.503209,3,4307.469903
54.216439,4,4307.698438
57.967614,5,4307.791242
59.099294,6,4307.860928
54.216439,4,4308.094414
57.967614,5,4308.213622
59.099294,6,4308.271228
53.400439,4,4308.459551
54.216439,4,4308.513628
54.216439,4,4308.73702
57.967614,5,4308.840879
53.502439,4,4309.059091
-14.496791,3,4309.186437
54.216439,4,4309.411879
57.967614,5,4309.478469
59.099294,6,4309.534542
54.216439,4,4309.770448
54.216439,4,4309.965864
-13.476791,3,4310.053243
51.523209,3,4310.483136
54.216439,4,4310.854038
54.216439,4,4310.938148
50.503209,3,4311.261927
51.523209,3,4311.695153
54.216439,4,4311.993227
-13.476791,3,4312.115641
-13.552251,3,4312.200726
54.216439,4,4312.266824
-14.394791,3,4312.483355
-13.476791,3,4312.552498
51.523209,3,4312.986112
59.099294,6,4313.053218
54.216439,4,4313.229043
54.216439,4,4313.455825
54.216439,4,4313.665681
54.216439,4,4313.733778
50.707209,3,4314.019232
54.216439,4,4314.21254
-13.476791,3,4314.286155
54.216439,4,4314.498927
54.216439,4,4314.590568
-13.476791,3,4314.80962
57.967614,5,4314.893747
54.216439,4,4315.136174
54.216439,4,4315.280847
-13.476791,3,4315.535846
51.523209,3,4315.93875
54.216439,4,4316.039409
53.55344,4,4316.272854
54.216439,4,4316.506719
51.523209,3,4316.671072
54.216439,4,4316.88321
57.967614,5,4316.997968
51.523209,3,4317.41322
54.216439,4,4317.667154
54.216439,4,4317.904706
50.707209,3,4318.333569
-13.476791,3,4318.442759
54.216439,4,4318.658629
54.216439,4,4318.866246
-13.476791,3,4318.934842
-14.394791,3,4319.080634
-13.476791,3,4319.170979
57.967614,5,4319.258144
51.523209,3,4319.703632
51.523209,3,4320.133497
54.216439,4,4320.406704
54.216439,4,4320.625736
-13.476791,3,4320.71111
54.216439,4,4320.95689
54.216439,4,4321.056119
-13.476791,3,4321.266734
57.967614,5,4321.378126
53.502439,4,4321.473661
-7.032386,5,4321.985707
57.967614,5,4322.074382
-13.476791,3,4322.134459
57.967614,5,4322.255751
57.967614,5,4322.369993
54.216439,4,4322.551572
-13.476791,3,4322.7463
54.216439,4,4322.925395
-7.818147,5,4323.224062
54.008717,4,4323.638248
57.253614,5,4323.743788
54.216439,4,4324.115695
-7.032386,5,4324.556468
57.151614,5,4324.652139
54.216439,4,4324.886988
-13.476791,3,4325.102034
54.216439,4,4325.325513
51.523209,3,4325.637888
-13.476791,3,4326.08261
-13.476791,3,4326.284961
-13.476791,3,4326.406153
54.216439,4,4326.506218
51.523209,3,4326.917117
54.216439,4,4327.10695
51.523209,3,4327.48527
50.503209,3,4327.592491
54.216439,4,4327.76517
54.216439,4,4327.898015
51.523209,3,4328.071211
-7.032386,5,4328.506728
57.967614,5,4328.618545
58.283294,6,4328.675131
54.216439,4,4328.911995
57.967614,5,4329.025192
54.216439,4,4329.138066
54.216439,4,4329.338946
54.216439,4,4329.574808
-13.627712,3,4329.836853
54.216439,4,4329.912981
53.29844,4,4330.152346
54.216439,4,4330.238991
-7.032386,5,4330.792688
54.216439,4,4331.016917
51.523209,3,4331.443416
54.216439,4,4331.539764
57.253614,5,4331.651294
53.400439,4,4331.732486
57.151614,5,4331.839033
54.216439,4,4331.938171
-13.476791,3,4332.077956
54.216439,4,4332.302278
54.216439,4,4332.407954
-13.476791,3,4332.64255
-13.476791,3,4332.746732
51.523209,3,4333.078572
54.216439,4,4333.158186
-13.476791,3,4333.239466
54.216439,4,4333.466583
51.523209,3,4333.893414
-7.032386,5,4334.415425
51.523209,3,4334.864681
57.967614,5,4334.986361
51.523209,3,4335.417832
51.523209,3,4335.866423
54.216439,4,4335.95586
54.216439,4,4336.073063
-13.476791,3,4336.387346
-7.032386,5,4336.951361
-13.476791,3,4337.233119
54.216439,4,4337.622268
-13.476791,3,4337.858973
-13.740902,3,4337.899042
-13.476791,3,4337.945631
54.216439,4,4338.060457
-13.476791,3,4338.263567
57.967614,5,4338.363242
-7.032386,5,4338.910894
53.196439,4,4339.179723
50.503209,3,4339.428869
-10.783561,4,4339.56056
54.216439,4,4339.934781
57.967614,5,4340.023017
-11.510587,4,4340.087575
54.216439,4,4340.426578
-13.476791,3,4340.497186
54.216439,4,4340.869118
57.967614,5,4340.981664
57.967614,5,4341.066862
-13.476791,3,4341.215084
54.216439,4,4341.3123
-7.032386,5,4341.778582
54.216439,4,4341.992254
57.967614,5,4342.104867
51.523209,3,4342.249675
54.216439,4,4342.43915
-13.703172,3,4342.503252
54.216439,4,4342.613431
-13.476791,3,4342.729604
-13.476791,3,4342.791196
-14.496791,3,4343.161515
50.503209,3,4343.431322
-13.476791,3,4343.482925
57.967614,5,4343.582569
-13.476791,3,4343.642696
-13.476791,3,4343.700966
54.216439,4,4343.919513
-14.496791,3,4343.993297
-13.476791,3,4344.078923
-13.476791,3,4344.164059
57.967614,5,4344.269018
54.216439,4,4344.669248
57.967614,5,4344.782632
57.967614,5,4344.893839
54.216439,4,4345.122185
-13.476791,3,4345.353134
-13.476791,3,4345.392677
54.216439,4,4345.48643
-10.783561,4,4345.609237
51.523209,3,4346.028471
54.216439,4,4346.133282
57.967614,5,4346.206443
57.967614,5,4346.314576
57.967614,5,4346.42295
53.29844,4,4346.613419
54.216439,4,4346.701607
54.216439,4,4346.919623
-13.476791,3,4347.153979
-14.292791,3,4347.472071
57.967614,5,4347.586528
-14.139791,3,4347.66468
50.503209,3,4347.936116
54.216439,4,4348.001448
54.216439,4,4348.216818
57.967614,5,4348.325902
-13.476791,3,4348.423726
51.523209,3,4348.880394
54.216439,4,4349.004047
-11.406726,4,4349.083582
54.008717,4,4349.424893
57.967614,5,4349.529029
-14.496791,3,4349.597128
51.523209,3,4350.033527
-13.476791,3,4350.096699
57.967614,5,4350.21192
54.216439,4,4350.306569
-7.032386,5,4350.750579
54.216439,4,4350.974316
-13.476791,3,4351.16575
-7.032386,5,4351.561445
-9.231028,5,4351.825631
51.523209,3,4352.070086
-7.032386,5,4352.423145
-13.703172,3,4352.489756
-13.476791,3,4352.67961
-7.032386,5,4353.296666
-10.783561,4,4353.430816
-14.292791,3,4353.56636
-13.476791,3,4353.672123
-14.496791,3,4353.752396
57.967614,5,4353.83195
54.216439,4,4354.051424
-13.476791,3,4354.182606
-13.476791,3,4354.288099
49.483209,3,4354.591692
57.967614,5,4354.668283
-13.476791,3,4354.779268
54.216439,4,4354.883795
-13.476791,3,4354.947978
-13.552251,3,4355.061191
54.216439,4,4355.370481
54.216439,4,4355.464788
54.216439,4,4355.548926
54.216439,4,4355.63583
54.216439,4,4355.894294
57.967614,5,4356.012463
-13.476791,3,4356.079078
57.967614,5,4356.189239
54.216439,4,4356.576851
54.216439,4,4356.807315
-7.032386,5,4357.325994
-13.476791,3,4357.484156
-7.032386,5,4357.909285
-13.740902,3,4357.963354
-13.476791,3,4358.133265
54.216439,4,4358.236417
-13.476791,3,4358.441964
57.967614,5,4358.536581
50.605209,3,4358.616573
-13.476791,3,4358.672678
-13.703172,3,4358.731753
-7.032386,5,4359.308266
57.967614,5,4359.423959
51.523209,3,4359.564274
-7.032386,5,4360.140111
51.523209,3,4360.430586
54.216439,4,4360.862861
54.216439,4,4361.265964
54.216439,4,4361.499362
51.523209,3,4361.665824
54.216439,4,4361.915136
50.605209,3,4362.356344
-15.516791,3,4362.442942
54.216439,4,4362.677507
54.216439,4,4362.897378
51.523209,3,4363.326899
54.216439,4,4363.572538
54.216439,4,4363.68563
57.967614,5,4363.79909
54.216439,4,4363.993644
54.216439,4,4364.384991
50.503209,3,4364.57212
-7.032386,5,4364.99479
57.967614,5,4365.101432
-13.476791,3,4365.167013
-13.476791,3,4365.472307
51.523209,3,4365.74439
-13.740902,3,4365.805479
54.216439,4,4365.885202
51.523209,3,4366.296136
51.523209,3,4366.831174
51.523209,3,4367.176816
-13.476791,3,4367.33352
-14.496791,3,4367.416018
-7.032386,5,4367.998763
-13.476791,3,4368.088288
-13.476791,3,4368.205815
-10.783561,4,4368.325679
-13.476791,3,4368.411616
49.483209,3,4368.733737
-14.139791,3,4369.094936
-13.476791,3,4369.375024
-13.476791,3,4369.589178
-13.476791,3,4369.689909
-13.476791,3,4370.15215
-8.211028,5,4370.278133
57.967614,5,4370.394291
57.967614,5,4370.51121
57.967614,5,4370.631266
-13.476791,3,4370.680485
-13.476791,3,4371.106937
-13.476791,3,4371.331823
54.216439,4,4371.419017
54.216439,4,4371.810342
51.523209,3,4371.974268
-13.476791,3,4372.309528
54.216439,4,4372.571419
54.216439,4,4372.620116
-13.476791,3,4372.716781
54.216439,4,4372.791704
-14.292791,3,4373.069375
-13.476791,3,4373.191705
51.523209,3,4373.335159
54.216439,4,4373.56897
51.523209,3,4373.961194
57.967614,5,4374.075173
-13.476791,3,4374.133319
51.523209,3,4374.547306
-14.496791,3,4374.625673
-13.740902,3,4374.68377
50.503209,3,4374.930357
50.503209,3,4375.248993
-14.394791,3,4375.453089
-13.476791,3,4375.518973
57.967614,5,4375.622644
-13.476791,3,4375.686731
51.523209,3,4375.831281
-13.476791,3,4376.113794
54.216439,4,4376.283616
-14.496791,3,4376.492302
-13.476791,3,4376.763408
54.216439,4,4376.840352
-7.032386,5,4377.409368
-7.032386,5,4377.851016
-13.476791,3,4377.91259
-7.032386,5,4378.463479
-13.476791,3,4378.676654
-13.476791,3,4378.905132
54.216439,4,4379.270693
-13.476791,3,4379.32678
54.216439,4,4379.722008
57.151614,5,4379.833825
51.523209,3,4380.259773
57.967614,5,4380.371468
57.967614,5,4380.490325
-7.032386,5,4380.888607
-13.476791,3,4380.943763
-13.476791,3,4381.175723
51.523209,3,4381.510183
-10.783561,4,4381.64302
-13.476791,3,4381.861393
-7.425267,5,4382.159899
51.523209,3,4382.591557
-14.496791,3,4382.680217
51.523209,3,4383.096756
-13.476791,3,4383.162856
57.049614,5,4383.254772
59.099294,6,4383.344921
-13.476791,3,4383.403759
57.967614,5,4383.514651
-13.476791,3,4383.745913
57.967614,5,4383.859329
54.216439,4,4384.089892
57.967614,5,4384.186713
54.216439,4,4384.420282
-13.476791,3,4384.638152
57.967614,5,4384.756586
51.523209,3,4385.212197
57.967614,5,4385.327067
-13.476791,3,4385.5538
51.523209,3,4385.939118
-13.476791,3,4386.068381
-13.476791,3,4386.304575
54.216439,4,4386.374679
-14.292791,3,4386.649718
54.216439,4,4386.994032
-13.476791,3,4387.213446
-13.703172,3,4387.273777
-13.476791,3,4387.46943
-14.496791,3,4387.537021
-13.476791,3,4387.594025
54.216439,4,4387.804318
54.216439,4,4388.042177
-13.476791,3,4388.528875
-13.476791,3,4388.766414
-13.476791,3,4388.825112
54.216439,4,4389.050649
-13.476791,3,4389.12445
57.967614,5,4389.234188
51.523209,3,4389.538323
54.216439,4,4389.779858
-13.476791,3,4390.019264
-13.476791,3,4390.235672
54.216439,4,4390.328995
-13.476791,3,4390.562413
-14.496791,3,4390.689647
-13.476791,3,4390.742755
-10.783561,4,4391.168234
-14.496791,3,4391.248572
57.967614,5,4391.370775
-13.476791,3,4391.581861
-13.476791,3,4391.688029
54.216439,4,4391.793216
-13.476791,3,4392.029711
-14.292791,3,4392.09182
-13.476791,3,4392.145181
51.523209,3,4392.281593
49.483209,3,4392.529999
-13.476791,3,4392.617195
51.523209,3,4393.135183
-13.476791,3,4393.565843
54.216439,4,4393.789446
-13.476791,3,4393.859589
-13.476791,3,4393.941767
-13.476791,3,4394.012941
54.216439,4,4394.23974
-13.476791,3,4394.550589
-13.476791,3,4394.797971
-13.476791,3,4394.858359
-13.476791,3,4395.112603
-14.496791,3,4395.562631
-13.476791,3,4395.644215
-13.476791,3,4395.706295
-13.476791,3,4395.76839
-7.032386,5,4396.384369
51.523209,3,4396.539756
49.687209,3,4396.685013
54.216439,4,4396.904241
-14.496791,3,4397.312457
54.216439,4,4397.539602
-10.783561,4,4397.853312
-13.476791,3,4398.069843
-13.476791,3,4398.196254
-13.476791,3,4398.402639
-10.783561,4,4398.708685
-13.476791,3,4398.974116
-13.476791,3,4399.463049
-13.476791,3,4399.558324
-14.190791,3,4399.649712
-13.476791,3,4399.710033
49.840209,3,4399.90143
-14.496791,3,4399.955501
57.967614,5,4400.058165
-13.476791,3,4400.312467
50.503209,3,4400.422319
50.860209,3,4400.876168
-13.476791,3,4400.935269
54.216439,4,4401.131936
54.216439,4,4401.350624
-13.476791,3,4401.586363
-13.476791,3,4401.658469
-14.292791,3,4401.892573
-13.476791,3,4402.124101
-13.476791,3,4402.330119
-13.476791,3,4402.77057
-13.476791,3,4402.996023
51.523209,3,4403.146904
-11.497561,4,4403.461536
51.523209,3,4403.612799
51.523209,3,4404.058679
-13.476791,3,4404.276729
-13.703172,3,4404.341166
50.503209,3,4404.589126
-13.476791,3,4404.694868
-13.476791,3,4404.938166
-13.476791,3,4405.082936
-13.476791,3,4405.510033
-13.476791,3,4405.721335
-13.476791,3,4405.959448
-13.476791,3,4406.231602
49.483209,3,4406.649895
-13.476791,3,4406.713182
-14.496791,3,4406.873522
-13.740902,3,4406.9393
50.503209,3,4407.111591
-10.783561,4,4407.423498
51.523209,3,4407.816446
50.503209,3,4408.159374
51.523209,3,4408.615304
-13.476791,3,4408.701413
-13.740902,3,4408.756509
-14.496791,3,4408.838809
-13.476791,3,4409.128444
-13.476791,3,4409.384882
-14.496791,3,4409.77597
57.967614,5,4409.863628
-7.032386,5,4410.162424
-7.032386,5,4410.581198
-13.476791,3,4410.643232
-11.510587,4,4410.708174
-13.476791,3,4410.782285
54.216439,4,4411.107382
-13.476791,3,4411.342169
54.216439,4,4411.461639
54.216439,4,4411.68918
57.967614,5,4411.808411
-13.476791,3,4412.074749
54.216439,4,4412.167384
54.216439,4,4412.402109
57.967614,5,4412.521147
54.216439,4,4412.619391
-13.476791,3,4412.851022
54.216439,4,4413.085684
54.216439,4,4413.188881
54.216439,4,4413.275616
-7.032386,5,4413.772328
51.523209,3,4414.010174
54.216439,4,4414.215802
51.523209,3,4414.659028
-13.476791,3,4414.741222
57.967614,5,4414.832036
-14.496791,3,4414.929374
51.523209,3,4415.07859
53.29844,4,4415.292613
-13.476791,3,4415.523797
54.216439,4,4415.641039
54.216439,4,4415.810859
-13.476791,3,4415.874458
54.216439,4,4416.063752
57.967614,5,4416.148891
54.216439,4,4416.250081
54.216439,4,4416.339106
54.216439,4,4416.638538
57.967614,5,4416.736782
57.967614,5,4416.85527
57.967614,5,4416.954028
-7.032386,5,4417.460175
54.216439,4,4417.61592
-13.476791,3,4417.70307
59.099294,6,4417.772177
-7.032386,5,4418.192158
-13.476791,3,4418.245375
54.216439,4,4418.44622
53.196439,4,4418.540104
53.55344,4,4418.780749
53.29844,4,4419.129618
54.216439,4,4419.307081
54.216439,4,4419.485391
54.216439,4,4419.701232
-13.476791,3,4419.92822
-13.476791,3,4420.163315
54.216439,4,4420.401818
54.216439,4,4420.604352
-13.476791,3,4420.694005
-7.032386,5,4421.09303
54.216439,4,4421.3029
-7.032386,5,4421.790935
50.503209,3,4422.0539
-13.476791,3,4422.132091
54.216439,4,4422.213681
54.216439,4,4422.580398
58.283294,6,4422.680444
57.049614,5,4422.784157
-13.476791,3,4422.994035
54.216439,4,4423.223943
-10.783561,4,4423.589272
54.216439,4,4423.81104
57.967614,5,4423.933147
54.216439,4,4424.159216
-14.496791,3,4424.367202
54.216439,4,4424.597225
54.216439,4,4424.84943
-7.032386,5,4425.441746
-13.476791,3,4425.627588
59.099294,6,4425.694692
-13.552251,3,4425.749452
-10.783561,4,4425.967182
59.099294,6,4426.044286
54.216439,4,4426.2783
50.503209,3,4426.364431
54.216439,4,4426.471361
-13.476791,3,4426.729043
54.216439,4,4426.839829
-13.476791,3,4426.903412
-13.476791,3,4427.114421
54.216439,4,4427.470354
54.216439,4,4427.561029
54.216439,4,4427.650168
54.216439,4,4427.846055
-13.476791,3,4427.921253
57.967614,5,4428.025939
54.216439,4,4428.181914
-7.032386,5,4428.656419
54.216439,4,4429.04595
54.216439,4,4429.203429
53.400439,4,4429.32521
54.216439,4,4429.421452
54.216439,4,4429.65044
-7.848386,5,4430.215469
53.29844,4,4430.316043
51.523209,3,4430.450128
-13.476791,3,4430.683056
-13.476791,3,4430.758461
54.216439,4,4431.135094
51.523209,3,4431.555602
54.216439,4,4431.75507
-13.476791,3,4431.986773
54.216439,4,4432.102985
-13.476791,3,4432.338711
54.216439,4,4432.531973
54.216439,4,4432.618144
-14.496791,3,4432.682496
54.216439,4,4432.936477
50.860209,3,4433.327443
53.400439,4,4433.53406
51.523209,3,4433.697326
54.216439,4,4434.08205
54.216439,4,4434.17212
54.216439,4,4434.406019
54.216439,4,4434.505985
49.840209,3,4434.634957
54.216439,4,4434.733814
-13.476791,3,4434.951264
54.216439,4,4435.146334
57.967614,5,4435.288179
-13.476791,3,4435.504977
54.216439,4,4435.61587
54.216439,4,4435.865024
-7.032386,5,4436.529407
-13.476791,3,4436.74539
53.55344,4,4436.864641
54.216439,4,4436.959639
-7.746386,5,4437.48469
54.216439,4,4437.7263
54.216439,4,4437.833045
-11.406726,4,4437.902807
59.099294,6,4437.96718
54.216439,4,4438.074152
54.216439,4,4438.184835
51.523209,3,4438.758252
51.523209,3,4438.908485
50.809209,3,4439.291991
54.216439,4,4439.476711
-10.783561,4,4439.618781
53.55344,4,4439.8626
54.216439,4,4439.956076
54.216439,4,4440.19513
54.216439,4,4440.541658
-13.703172,3,4440.602248
-13.476791,3,4440.855168
53.400439,4,4440.957462
54.216439,4,4441.133858
51.523209,3,4441.29205
54.216439,4,4441.548573
50.503209,3,4441.830893
59.099294,6,4441.905489
-13.476791,3,4441.972347
54.216439,4,4442.29562
54.216439,4,4442.393792
-8.211028,5,4442.604373
54.216439,4,4442.721083
54.216439,4,4442.918169
54.216439,4,4443.126788
-13.476791,3,4443.186871
51.523209,3,4443.344658
57.967614,5,4443.461868
54.216439,4,4443.557156
-13.476791,3,4443.737406
51.523209,3,4444.162937
-13.476791,3,4444.224674
54.216439,4,4444.411087
54.216439,4,4444.526855
57.151614,5,4444.640717
54.216439,4,4444.764783
59.099294,6,4444.833417
54.216439,4,4444.931855
-13.476791,3,4445.024751
-13.476791,3,4445.121472
51.523209,3,4445.568257
54.216439,4,4445.646704
57.967614,5,4445.739424
54.216439,4,4445.877495
54.216439,4,4446.258521
-13.476791,3,4446.494933
-13.476791,3,4446.578582
-14.496791,3,4446.6657
57.967614,5,4446.777108
-9.231028,5,4446.908224
-14.368251,3,4447.003207
54.216439,4,4447.107014
54.216439,4,4447.188602
57.967614,5,4447.293607
59.099294,6,4447.40282
54.216439,4,4447.491802
54.216439,4,4447.728539
53.196439,4,4447.951977
59.099294,6,4447.998324
-13.476791,3,4448.185019
-7.746386,5,4448.746697
54.216439,4,4448.993881
54.216439,4,4449.074999
54.216439,4,4449.142761
54.216439,4,4449.254029
-13.476791,3,4449.33637
-14.496791,3,4449.403808
-13.703172,3,4449.446866
54.216439,4,4449.564327
-13.703172,3,4449.634613
51.523209,3,4449.813243
54.216439,4,4449.976638
51.523209,3,4450.445561
-7.032386,5,4450.853884
54.216439,4,4450.952517
54.216439,4,4451.060476
-13.627712,3,4451.146374
53.55344,4,4451.23701
53.400439,4,4451.465972
-14.496791,3,4451.890543
54.216439,4,4452.279696
54.216439,4,4452.658922
57.967614,5,4452.775574
51.523209,3,4453.195477
-10.783561,4,4453.516404
-13.476791,3,4453.606587
54.216439,4,4453.805275
54.216439,4,4453.898569
54.216439,4,4454.165316
59.099294,6,4454.219461
57.967614,5,4454.326097
51.523209,3,4454.494381
51.523209,3,4454.623965
54.216439,4,4454.724607
-11.199004,4,4455.059666
54.216439,4,4455.233532
54.216439,4,4455.568426
54.216439,4,4455.967162
54.216439,4,4456.070909
-14.496791,3,4456.155866
54.216439,4,4456.350006
53.29844,4,4456.477558
54.216439,4,4456.658592
-7.032386,5,4457.091388
-14.496791,3,4457.17301
54.216439,4,4457.307729
54.216439,4,4457.710756
54.216439,4,4457.957432
50.503209,3,4458.200091
54.216439,4,4458.451712
54.216439,4,4458.632418
54.216439,4,4459.033031
59.099294,6,4459.083619
50.503209,3,4459.197128
54.216439,4,4459.441218
54.216439,4,4459.735577
-7.032386,5,4460.14948
50.503209,3,4460.279215
-13.476791,3,4460.513285
51.523209,3,4460.619365
54.216439,4,4460.857073
-13.476791,3,4461.057413
54.216439,4,4461.239965
59.099294,6,4461.345142
54.216439,4,4461.494017
59.099294,6,4461.558599
51.523209,3,4462.034442
54.216439,4,4462.130622
54.216439,4,4462.226366
54.216439,4,4462.430917
-13.476791,3,4462.510725
54.216439,4,4462.613842
-13.476791,3,4462.712476
54.216439,4,4462.805692
50.503209,3,4463.013095
-8.407468,5,4463.114349
-14.139791,3,4463.187438
59.099294,6,4463.255102
54.216439,4,4463.333232
-13.476791,3,4463.473325
54.216439,4,4463.570952
-7.032386,5,4464.015239
-13.476791,3,4464.069848
-13.476791,3,4464.180617
57.967614,5,4464.386288
-7.032386,5,4464.861663
59.099294,6,4464.921247
-14.496791,3,4464.992061
54.216439,4,4465.283654
54.216439,4,4465.668243
-14.496791,3,4465.811684
59.099294,6,4465.896057
54.216439,4,4466.071835
-12.324726,4,4466.139941
-13.476791,3,4466.215535
59.099294,6,4466.250592
57.967614,5,4466.340753
54.216439,4,4466.436875
-13.740902,3,4466.492113
-7.032386,5,4466.922276
54.216439,4,4467.087597
54.216439,4,4467.327045
-13.703172,3,4467.394249
59.099294,6,4467.443318
54.216439,4,4467.672513
59.099294,6,4467.787063
59.099294,6,4467.899259
-13.476791,3,4468.233835
54.216439,4,4468.428846
57.967614,5,4468.532711
-15.516791,3,4468.603845
-14.394791,3,4468.925636
-14.572251,3,4468.994782
54.216439,4,4469.360865
-15.516791,3,4469.433494
54.216439,4,4469.612052
51.523209,3,4470.053736
54.216439,4,4470.212973
59.099294,6,4470.27709
57.967614,5,4470.388785
51.523209,3,4470.538995
54.216439,4,4470.631105
53.55344,4,4470.734263
-13.476791,3,4470.851459
54.216439,4,4471.034249
-14.496791,3,4471.10036
54.216439,4,4471.490145
54.216439,4,4471.640984
-13.476791,3,4471.70457
54.216439,4,4471.968702
54.216439,4,4472.346912
51.523209,3,4472.508383
-13.740902,3,4472.576284
49.483209,3,4472.846983
-13.476791,3,4473.080638
-13.476791,3,4473.134067
-13.476791,3,4473.416732
54.216439,4,4473.516521
-14.496791,3,4473.59112
54.216439,4,4473.686569
-7.818147,5,4473.989845
59.099294,6,4474.042938
51.523209,3,4474.500221
54.216439,4,4474.747689
57.967614,5,4474.866902
-7.032386,5,4475.28715
51.523209,3,4475.755044
-14.496791,3,4475.839114
59.099294,6,4475.956878
57.967614,5,4476.106131
-13.476791,3,4476.337467
51.523209,3,4476.731005
-7.032386,5,4477.189823
57.967614,5,4477.301764
54.216439,4,4477.5608
54.216439,4,4477.982005
54.216439,4,4478.154023
-11.510587,4,4478.214709
-11.406726,4,4478.288837
-14.496791,3,4478.360792
54.216439,4,4478.46446
54.216439,4,4478.567131
54.216439,4,4478.872411
51.523209,3,4479.332774
-10.783561,4,4479.477203
-8.407468,5,4479.564451
-7.032386,5,4480.045886
-14.496791,3,4480.127582
53.29844,4,4480.329131
-13.476791,3,4480.558633
51.523209,3,4480.954756
54.216439,4,4481.183187
54.216439,4,4481.448328
57.967614,5,4481.544963
-13.476791,3,4481.620116
-13.476791,3,4481.848411
51.523209,3,4482.312604
-14.496791,3,4482.39626
57.049614,5,4482.51656
51.523209,3,4482.980678
57.967614,5,4483.075626
-7.032386,5,4483.57199
-13.627712,3,4483.645675
54.216439,4,4483.72579
54.216439,4,4484.100031
-14.190791,3,4484.229728
57.967614,5,4484.344507
-11.199004,4,4484.434208
-15.210791,3,4484.522232
51.523209,3,4484.943752
51.523209,3,4485.328697
51.523209,3,4485.454385
-14.496791,3,4485.60431
50.503209,3,4485.811991
-7.848386,5,4486.434912
-14.496791,3,4486.674608
57.967614,5,4486.786466
51.523209,3,4487.384201
54.216439,4,4487.580678
51.523209,3,4488.052382
-13.476791,3,4488.141538
-13.476791,3,4488.252239
-15.516791,3,4488.328397
-7.032386,5,4488.747763
57.967614,5,4488.855932
53.29844,4,4489.047207
57.967614,5,4489.160262
-13.476791,3,4489.303563
-13.476791,3,4489.5356
51.523209,3,4489.909378
-13.740902,3,4489.971507
50.860209,3,4490.279485
-13.476791,3,4490.564498
54.216439,4,4490.801105
54.216439,4,4490.900393
-13.476791,3,4491.045639
57.967614,5,4491.144865
-13.476791,3,4491.205317
-13.476791,3,4491.427693
51.523209,3,4491.842955
54.216439,4,4491.921801
51.523209,3,4492.273956
50.503209,3,4492.735348
-13.476791,3,4492.956787
53.29844,4,4493.053921
-13.476791,3,4493.358701
54.216439,4,4493.576617
-14.723172,3,4493.634146
-13.476791,3,4493.704236
-7.032386,5,4494.258801
51.523209,3,4494.419254
54.216439,4,4494.751958
54.216439,4,4494.955097
-13.476791,3,4495.168676
-13.476791,3,4495.304537
-14.496791,3,4495.391808
51.523209,3,4495.855866
51.523209,3,4496.048692
-14.496791,3,4496.168457
-13.740902,3,4496.22754
-13.476791,3,4496.275614
54.216439,4,4496.388288
-13.476791,3,4496.631248
-13.552251,3,4496.725353
-13.476791,3,4496.805236
-13.476791,3,4497.076026
51.523209,3,4497.477586
-14.760902,3,4497.535942
-13.476791,3,4497.773543
-14.496791,3,4498.005758
-13.476791,3,4498.146728
-7.032386,5,4498.730664
59.099294,6,4498.781222
51.523209,3,4499.209654
54.216439,4,4499.311292
-13.476791,3,4499.442631
-13.476791,3,4499.55479
50.503209,3,4499.724287
-13.476791,3,4499.778354
-13.476791,3,4500.028351
-14.292791,3,4500.156797
54.216439,4,4500.286804
51.523209,3,4500.732632
-13.476791,3,4500.794788
53.196439,4,4500.89373
-13.476791,3,4500.980909
54.216439,4,4501.196775
-13.476791,3,4501.405899
-13.476791,3,4501.652569
54.216439,4,4501.734969
-13.627712,3,4501.813679
-13.476791,3,4502.147141
51.523209,3,4502.280944
51.523209,3,4502.414186
-14.496791,3,4502.63036
-13.476791,3,4502.853711
56.947614,5,4502.978406
51.523209,3,4503.134711
57.967614,5,4503.209986
-13.476791,3,4503.257072
-13.627712,3,4503.330677
-7.032386,5,4503.832778
54.216439,4,4504.073366
-8.407468,5,4504.19004
-13.476791,3,4504.425053
51.523209,3,4504.567408
54.216439,4,4504.670031
51.523209,3,4504.966143
-13.476791,3,4505.09359
-13.476791,3,4505.382664
54.216439,4,4505.468694
-13.476791,3,4505.535892
-13.476791,3,4506.014899
-14.190791,3,4506.080551
57.967614,5,4506.184875
53.55344,4,4506.289577
50.503209,3,4506.640742
-13.476791,3,4506.933846
51.523209,3,4507.381434
51.523209,3,4507.788785
-10.991283,4,4507.918368
-13.476791,3,4508.034627
-13.476791,3,4508.099732
-14.139791,3,4508.569508
-13.476791,3,4508.817112
-13.476791,3,4508.933055
-15.516791,3,4509.004176
54.216439,4,4509.240631
-13.476791,3,4509.40973
53.196439,4,4509.528435
-13.476791,3,4509.970311
-13.476791,3,4510.210034
57.967614,5,4510.28818
-13.476791,3,4510.343776
-13.476791,3,4510.407517
-13.476791,3,4510.538507
-13.476791,3,4510.67221
-13.476791,3,4510.79371
57.967614,5,4510.90273
54.216439,4,4511.148697
51.523209,3,4511.626291
57.967614,5,4511.745335
-13.476791,3,4511.990567
54.216439,4,4512.106861
57.967614,5,4512.224121
-14.139791,3,4512.427559
-13.476791,3,4512.560512
-13.476791,3,4512.826645
54.216439,4,4512.926336
54.216439,4,4513.154348
-13.476791,3,4513.434245
-14.292791,3,4513.502541
51.523209,3,4513.900057
-10.783561,4,4514.040711
49.483209,3,4514.354849
54.216439,4,4514.594404
54.216439,4,4514.691514
54.216439,4,4514.915799
54.216439,4,4515.165416
54.216439,4,4515.396215
-7.032386,5,4515.955363
54.216439,4,4516.213337
-13.476791,3,4516.332661
-13.476791,3,4516.393278
-7.425267,5,4516.526716
54.216439,4,4516.768394
-13.476791,3,4517.205709
50.503209,3,4517.492589
-14.904791,3,4517.543698
53.29844,4,4517.74757
-14.496791,3,4517.828355
-13.476791,3,4518.09676
-13.476791,3,4518.158863
53.29844,4,4518.402191
-7.425267,5,4518.535998
-10.991283,4,4518.662946
-13.476791,3,4518.890797
-13.476791,3,4519.183946
-15.516791,3,4519.610051
-13.476791,3,4519.823523
-13.703172,3,4519.878613
-13.476791,3,4520.158673
-14.496791,3,4520.23185
-13.476791,3,4520.286007
-14.190791,3,4520.339479
-7.032386,5,4520.949236
-13.476791,3,4521.09654
50.503209,3,4521.209549
-7.848386,5,4521.702901
54.216439,4,4521.805616
-14.496791,3,4522.052489
51.523209,3,4522.198436
54.216439,4,4522.430616
-13.476791,3,4522.710367
-13.476791,3,4522.837562
57.967614,5,4522.919731
-13.476791,3,4523.053298
57.967614,5,4523.16884
57.967614,5,4523.287669
-13.476791,3,4523.516864
-13.476791,3,4524.017741
-15.312791,3,4524.099947
57.967614,5,4524.217207
51.523209,3,4524.696036
-13.476791,3,4525.192756
51.523209,3,4525.336839
-14.496791,3,4525.571158
57.967614,5,4525.690945
-13.476791,3,4525.77254
54.216439,4,4525.87959
54.216439,4,4526.112484
-15.516791,3,4526.200157
51.523209,3,4526.58749
-14.496791,3,4526.652513
51.523209,3,4527.283191
56.947614,5,4527.396424
-13.476791,3,4527.459262
50.503209,3,4527.666758
-13.476791,3,4527.721268
-13.476791,3,4527.929421
50.503209,3,4528.393044
54.216439,4,4528.606659
-13.476791,3,4528.710218
-13.476791,3,4528.774822
-13.476791,3,4529.011566
-13.476791,3,4529.153902
-13.476791,3,4529.208568
-13.476791,3,4529.435712
-14.496791,3,4529.678824
-13.476791,3,4529.871899
-13.476791,3,4529.935549
-13.476791,3,4530.16654
51.523209,3,4530.563995
57.967614,5,4530.652163
54.216439,4,4530.752762
51.523209,3,4531.197803
-13.476791,3,4531.258515
54.216439,4,4531.496407
-13.476791,3,4531.724963
53.196439,4,4531.834751
-13.703172,3,4531.894794
54.216439,4,4532.099169
57.967614,5,4532.216919
-13.476791,3,4532.282601
54.216439,4,4532.385726
-14.292791,3,4532.635182
-13.476791,3,4532.877092
-13.476791,3,4533.067392
50.503209,3,4533.600274
-13.476791,3,4533.824975
57.967614,5,4533.938843
-13.476791,3,4534.001943
54.216439,4,4534.246652
54.216439,4,4534.38389
51.523209,3,4534.815234
54.216439,4,4535.134257
-13.476791,3,4535.217312
-13.476791,3,4535.309223
-13.476791,3,4535.383556
-13.476791,3,4535.629552
-13.476791,3,4536.046778
-13.476791,3,4536.507366
50.503209,3,4536.731848
-13.476791,3,4536.78025
54.216439,4,4537.10733
50.503209,3,4537.510465
49.483209,3,4537.80977
-7.032386,5,4538.309167
50.503209,3,4538.54585
-13.476791,3,4538.785266
50.809209,3,4539.250682
-13.476791,3,4539.31577
50.503209,3,4539.440873
51.523209,3,4539.570378
54.216439,4,4539.805918
-14.394791,3,4539.864434
50.503209,3,4540.083104
-13.476791,3,4540.313279
-14.394791,3,4540.55869
-13.476791,3,4540.774508
-7.032386,5,4541.34517
-14.496791,3,4541.726819
-13.476791,3,4541.772894
-13.476791,3,4541.988825
-13.476791,3,4542.274897
57.967614,5,4542.380734
54.216439,4,4542.478655
-13.476791,3,4542.569742
-13.476791,3,4542.811883
-13.476791,3,4542.931814
-13.476791,3,4542.992412
-13.476791,3,4543.346359
-14.496791,3,4543.418981
-13.476791,3,4543.479053
-13.476791,3,4543.886995
-13.476791,3,4544.112724
-13.476791,3,4544.612006
57.967614,5,4544.729908
-13.476791,3,4544.805219
51.523209,3,4545.273058
57.967614,5,4545.375551
-13.476791,3,4545.656429
50.503209,3,4545.927679
54.216439,4,4546.16108
-13.476791,3,4546.656778
57.967614,5,4546.760324
57.967614,5,4546.874584
51.523209,3,4547.30447
-13.476791,3,4547.514959
50.503209,3,4547.852376
-13.476791,3,4548.197455
54.216439,4,4548.281577
-13.476791,3,4548.557134
-13.476791,3,4548.823973
-13.476791,3,4549.083302
54.216439,4,4549.151028
-13.476791,3,4549.372457
-7.032386,5,4549.88266
50.860209,3,4550.298739
-13.476791,3,4550.506822
51.523209,3,4550.971972
-13.476791,3,4551.267329
54.216439,4,4551.506676
51.523209,3,4551.9558
-13.476791,3,4552.24163
-13.476791,3,4552.391731
-15.159791,3,4552.467337
57.967614,5,4552.559132
51.523209,3,4552.709254
-14.496791,3,4552.854008
-13.476791,3,4552.908633
-13.476791,3,4553.139524
-13.476791,3,4553.218672
-7.818147,5,4553.347229
-13.476791,3,4553.494634
57.967614,5,4553.604604
-14.496791,3,4553.687203
-13.476791,3,4554.175305
-13.476791,3,4554.643477
51.523209,3,4555.110208
-13.476791,3,4555.174806
-13.476791,3,4555.252048
-13.476791,3,4555.497679
-10.783561,4,4555.630439
-13.476791,3,4555.788773
-13.627712,3,4555.853859
-13.476791,3,4556.04333
-13.476791,3,4556.139543
-14.496791,3,4556.221334
-13.476791,3,4556.476361
-10.783561,4,4556.779524
-13.476791,3,4557.017429
-13.476791,3,4557.076541
-13.476791,3,4557.345041
-13.476791,3,4557.585773
-13.476791,3,4557.726943
-13.476791,3,4557.971292
-13.476791,3,4558.035385
-14.190791,3,4558.253723
51.523209,3,4558.397588
-13.476791,3,4558.657576
-13.476791,3,4558.932311
-13.476791,3,4559.376006
-13.476791,3,4559.583067
51.523209,3,4559.839374
57.967614,5,4559.934061
-13.476791,3,4560.356956
-10.783561,4,4560.682231
57.967614,5,4560.766867
-13.476791,3,4560.997485
-10.783561,4,4561.120734
50.503209,3,4561.367329
51.523209,3,4561.618845
-13.476791,3,4561.751194
57.967614,5,4561.87088
-13.476791,3,4562.103258
-13.476791,3,4562.374331
-13.476791,3,4562.743722
-14.496791,3,4562.995842
-13.476791,3,4563.310299
-10.991283,4,4563.422829
50.503209,3,4563.619716
-13.476791,3,4563.856051
-13.703172,3,4563.916151
-13.476791,3,4563.991997
50.503209,3,4564.458609
50.503209,3,4565.010733
-14.496791,3,4565.112425
-14.292791,3,4565.331609
-10.783561,4,4565.637291
-10.783561,4,4565.960706
-13.476791,3,4566.019835
-13.476791,3,4566.342825
-13.476791,3,4566.569038
-13.476791,3,4566.627648
-13.476791,3,4566.981145
-14.292791,3,4567.247441
-13.476791,3,4567.477139
-13.476791,3,4567.549906
-10.783561,4,4567.866012
-14.496791,3,4567.949817
-13.476791,3,4568.195473
-13.476791,3,4568.426851
-10.783561,4,4568.552048
-13.476791,3,4568.879652
-14.394791,3,4569.11914
57.967614,5,4569.191242
-13.476791,3,4569.635317
-13.476791,3,4569.697894
-13.476791,3,4569.749952
-14.292791,3,4569.989155
-13.476791,3,4570.289231
-13.476791,3,4570.508834
-13.476791,3,4570.827707
-7.032386,5,4571.382107
-13.476791,3,4571.438817
57.967614,5,4571.522984
-13.476791,3,4571.581581
-13.476791,3,4571.797019
-13.476791,3,4571.914672
-13.476791,3,4572.10791
-13.476791,3,4572.397883
-13.476791,3,4572.689914
-13.476791,3,4573.125957
51.523209,3,4573.271333
-13.476791,3,4573.605379
50.503209,3,4574.029908
-13.740902,3,4574.095994
-13.476791,3,4574.414695
-13.476791,3,4574.654567
-13.476791,3,4574.735684
-13.476791,3,4575.012646
-13.476791,3,4575.093735
-13.476791,3,4575.334692
-13.476791,3,4575.639162
-7.032386,5,4576.11091
-13.476791,3,4576.229084
57.967614,5,4576.3285
-13.476791,3,4576.595181
57.574733,5,4576.699857
-14.292791,3,4577.157118
-13.476791,3,4577.4461
-15.516791,3,4577.524554
-13.476791,3,4577.767016
50.503209,3,4577.963271
-13.476791,3,4578.430407
-13.476791,3,4578.573514
-13.476791,3,4578.637102
-7.032386,5,4579.180577
-14.496791,3,4579.261835
-7.032386,5,4579.640545
-13.476791,3,4579.711844
-13.476791,3,4579.979882
51.523209,3,4580.101892
-13.476791,3,4580.174393
56.947614,5,4580.246213
-13.476791,3,4580.46558
-13.476791,3,4580.534216
54.216439,4,4580.817974
57.967614,5,4580.909196
-13.476791,3,4580.990744
-13.476791,3,4581.257159
-13.476791,3,4581.313468
57.967614,5,4581.412657
54.216439,4,4581.490719
57.967614,5,4581.604913
54.216439,4,4581.689603
57.967614,5,4581.802739
-13.476791,3,4582.072571
54.216439,4,4582.273146
54.216439,4,4582.496397
51.523209,3,4582.864949
-13.476791,3,4582.979143
54.216439,4,4583.17941
-13.476791,3,4583.237031
54.216439,4,4583.42644
50.503209,3,4583.588516
-13.476791,3,4583.701731
-13.476791,3,4583.820504
57.967614,5,4583.962456
-13.476791,3,4584.074749
-13.476791,3,4584.358721
-13.476791,3,4584.425119
54.216439,4,4584.517299
-13.476791,3,4584.631719
54.216439,4,4584.850213
50.503209,3,4585.117928
-13.476791,3,4585.211289
57.967614,5,4585.296764
-13.476791,3,4585.348833
57.967614,5,4585.433265
57.967614,5,4585.540842
57.967614,5,4585.646812
-14.496791,3,4585.872479
51.523209,3,4586.456157
-14.496791,3,4586.536795
57.967614,5,4586.642032
-13.476791,3,4586.900959
54.216439,4,4586.988554
-14.647712,3,4587.095905
51.523209,3,4587.498697
50.503209,3,4587.588655
57.967614,5,4587.663221
57.967614,5,4587.764956
-13.476791,3,4587.815062
57.967614,5,4587.909722
50.503209,3,4588.192787
-13.476791,3,4588.517473
-13.476791,3,4588.626951
-7.695386,5,4589.05326
-13.476791,3,4589.332469
-14.496791,3,4589.565806
-13.476791,3,4589.715318
-14.394791,3,4589.975574
-10.991283,4,4590.269269
54.216439,4,4590.513562
-13.476791,3,4590.715069
-14.139791,3,4590.961613
57.967614,5,4591.05612
57.967614,5,4591.194488
-13.476791,3,4591.333817
-13.476791,3,4591.652164
-13.476791,3,4591.728533
-7.032386,5,4592.14373
-13.476791,3,4592.21004
-13.476791,3,4592.461712
-14.496791,3,4592.699983
51.523209,3,4593.10825
-13.476791,3,4593.305736
-14.496791,3,4593.368842
-13.476791,3,4593.577869
-13.476791,3,4593.813336
-13.476791,3,4593.885979
-13.476791,3,4593.946609
-13.476791,3,4594.204098
-10.783561,4,4594.52041
-13.476791,3,4594.8033
-13.476791,3,4595.038544
-13.476791,3,4595.326521
-13.476791,3,4595.391734
-13.476791,3,4595.494231
51.523209,3,4595.666201
-15.743172,3,4595.71729
-13.476791,3,4595.954126
-14.496791,3,4596.173598
-13.476791,3,4596.43302
-7.032386,5,4596.9947
-10.783561,4,4597.330741
-13.476791,3,4597.693492
57.967614,5,4597.787344
-13.476791,3,4598.029727
50.503209,3,4598.368673
-11.497561,4,4598.662347
-10.783561,4,4598.784505
-14.496791,3,4598.867291
49.483209,3,4599.22713
-13.476791,3,4599.54189
-13.476791,3,4599.673245
-10.783561,4,4599.814144
-13.476791,3,4600.103048
-13.476791,3,4600.378959
-13.476791,3,4600.50268
-14.496791,3,4600.730186
-13.476791,3,4601.214819
-13.476791,3,4601.514779
51.523209,3,4601.917498
-13.476791,3,4602.39093
50.503209,3,4602.882907
57.967614,5,4603.002201
51.523209,3,4603.437859
-13.476791,3,4603.682374
57.967614,5,4603.766874
50.605209,3,4604.204015
-13.476791,3,4604.267864
-13.476791,3,4604.326913
-14.292791,3,4604.471496
-10.783561,4,4604.801513
50.503209,3,4605.248773
-13.476791,3,4605.306353
-13.476791,3,4605.441116
-10.783561,4,4605.760767
-10.783561,4,4606.069973
50.860209,3,4606.219807
-13.476791,3,4606.285686
-14.496791,3,4606.517539
-13.476791,3,4606.577634
-13.476791,3,4606.835921
50.503209,3,4607.143116
-13.476791,3,4607.416069
-13.476791,3,4607.683094
-13.476791,3,4607.82339
-13.476791,3,4608.143141
-10.783561,4,4608.476456
-10.783561,4,4608.75775
-13.476791,3,4609.077665
-13.476791,3,4609.314636
-13.476791,3,4609.429369
-13.476791,3,4609.662209
-14.496791,3,4609.90291
-13.740902,3,4609.970629
51.523209,3,4610.264841
-10.783561,4,4610.394361
51.523209,3,4610.81724
-13.476791,3,4610.918753
-13.476791,3,4611.177301
-13.476791,3,4611.231165
-13.476791,3,4611.296397
-13.476791,3,4611.428004
-10.783561,4,4611.923916
-13.476791,3,4612.146042
50.503209,3,4612.678058
-13.476791,3,4612.887134
-15.516791,3,4612.961567
-14.647712,3,4613.038746
54.216439,4,4613.574624
50.503209,3,4614.020335
51.523209,3,4614.476918
-13.476791,3,4614.710127
-13.476791,3,4614.938994
57.967614,5,4615.032281
-13.476791,3,4615.08535
50.503209,3,4615.339151
-13.476791,3,4615.404238
51.523209,3,4615.53975
-13.476791,3,4615.776597
-15.516791,3,4615.867267
51.523209,3,4616.020574
-13.476791,3,4616.231327
-13.476791,3,4616.499605
-13.476791,3,4616.910964
-13.476791,3,4617.200951
51.523209,3,4617.327155
50.503209,3,4617.595236
-15.310712,3,4617.690218
50.503209,3,4617.850989
-14.394791,3,4618.077487
-14.496791,3,4618.189166
-13.476791,3,4618.246903
-13.476791,3,4618.539404
-13.476791,3,4618.633231
-13.476791,3,4619.087989
-13.476791,3,4619.202374
-13.476791,3,4619.42119
-14.496791,3,4619.641562
-13.476791,3,4619.698722
-13.476791,3,4619.773317
-13.740902,3,4619.839789
-13.476791,3,4620.181017
-13.476791,3,4620.24221
-10.783561,4,4620.696174
-10.783561,4,4620.770326
-13.476791,3,4621.05184
-10.783561,4,4621.195062
-13.476791,3,4621.467593
-14.496791,3,4621.549747
49.483209,3,4621.820477
-13.476791,3,4622.09136
-10.783561,4,4622.209098
-13.476791,3,4622.498623
49.840209,3,4622.718051
-13.476791,3,4622.953799
-10.783561,4,4623.083083
-13.476791,3,4623.374498
-13.627712,3,4623.450604
-13.476791,3,4623.707194
-11.44656,4,4624.13418
51.523209,3,4624.44288
-13.476791,3,4624.770821
-10.783561,4,4624.913105
-13.476791,3,4625.197651
-13.476791,3,4625.265936
-10.783561,4,4625.411807
-11.803561,4,4625.524143
-15.780902,3,4625.592772
-13.476791,3,4625.660051
-13.476791,3,4626.104014
-13.476791,3,4626.161602
-13.703172,3,4626.209207
-13.476791,3,4626.300011
-14.496791,3,4626.442672
50.503209,3,4626.911153
51.523209,3,4627.053401
-14.496791,3,4627.175714
-10.783561,4,4627.291125
-13.476791,3,4627.519575
-11.497561,4,4627.64789
-13.476791,3,4627.729031
-13.476791,3,4627.853419
-13.476791,3,4627.987426
-14.496791,3,4628.119013
53.196439,4,4628.403698
-13.476791,3,4628.6549
-13.476791,3,4628.931449
-10.783561,4,4629.069572
50.503209,3,4629.559992
-14.496791,3,4629.881464
-10.783561,4,4630.337129
-13.476791,3,4630.387242
-14.394791,3,4630.524024
-13.740902,3,4630.585269
-13.627712,3,4630.693948
-13.476791,3,4630.979239
-13.476791,3,4631.222162
-14.496791,3,4631.364931
-13.703172,3,4631.421067
-14.139791,3,4631.862541
-10.783561,4,4632.014334
-13.476791,3,4632.301915
-10.783561,4,4632.633896
-13.476791,3,4632.919476
-13.740902,3,4632.977096
-14.496791,3,4633.426621
-14.496791,3,4633.514303
50.503209,3,4633.862941
-13.476791,3,4633.921684
-10.991283,4,4634.197914
-14.496791,3,4634.653598
-13.476791,3,4634.933429
-13.476791,3,4635.177883
-10.783561,4,4635.756298
50.503209,3,4635.891108
-14.647712,3,4635.998014
-13.476791,3,4636.060565
-14.496791,3,4636.29514
-13.476791,3,4636.516657
-13.476791,3,4636.807983
-13.476791,3,4637.001132
-10.783561,4,4637.32883
-13.476791,3,4637.473577
-14.496791,3,4637.596378
-10.783561,4,4637.684992
-10.783561,4,4637.79167
51.523209,3,4638.174623
-10.783561,4,4638.293805
-13.476791,3,4638.368921
-13.476791,3,4638.577723
-13.476791,3,4638.813319
-14.292791,3,4638.983297
-13.476791,3,4639.205533
50.707209,3,4639.631628
51.523209,3,4639.762159
-10.783561,4,4639.892354
-13.476791,3,4640.12799
-10.783561,4,4640.443161
57.967614,5,4640.556617
-13.476791,3,4640.801984
-13.476791,3,4640.879583
-13.476791,3,4640.924147
-14.496791,3,4641.044463
-13.476791,3,4641.349769
50.503209,3,4641.783718
-13.476791,3,4642.062427
-14.496791,3,4642.139562
-10.783561,4,4642.270434
-10.783561,4,4642.405154
-13.476791,3,4642.66209
-13.476791,3,4642.993829
-14.292791,3,4643.280542
-13.476791,3,4643.35515
-10.783561,4,4643.679788
-13.476791,3,4643.941441
-13.476791,3,4644.208003
50.503209,3,4644.697784
50.503209,3,4644.815976
-14.190791,3,4644.871826
-10.783561,4,4645.019602
50.503209,3,4645.23242
50.503209,3,4645.478987
51.523209,3,4645.901991
50.503209,3,4646.047152
-13.476791,3,4646.362185
-13.476791,3,4646.410255
-14.496791,3,4646.560021
-13.476791,3,4646.852794
-13.476791,3,4646.906129
-13.476791,3,4647.188829
-13.703172,3,4647.2349
50.503209,3,4647.663003
-13.476791,3,4648.055093
53.55344,4,4648.383264
57.967614,5,4648.476423
-13.476791,3,4648.78114
-10.783561,4,4649.091487
50.503209,3,4649.526478
-13.476791,3,4649.746431
-13.476791,3,4649.985994
-13.476791,3,4650.23489
-13.476791,3,4650.546715
-13.476791,3,4650.766103
-13.476791,3,4650.887581
-10.783561,4,4651.210484
51.523209,3,4651.605047
-13.476791,3,4651.82748
-13.476791,3,4651.974548
-10.783561,4,4652.079211
-13.476791,3,4652.143013
-13.476791,3,4652.203601
-14.760902,3,4652.265876
-14.496791,3,4652.501779
-13.476791,3,4652.624001
51.523209,3,4653.049018
-10.783561,4,4653.182366
-13.476791,3,4653.351318
-13.476791,3,4653.599281
51.523209,3,4653.995015
-13.476791,3,4654.471823
50.503209,3,4654.760894
-14.190791,3,4655.025574
-13.476791,3,4655.330874
-10.783561,4,4655.469259
-14.496791,3,4655.551744
-11.199004,4,4655.652926
-13.476791,3,4655.84432
-13.476791,3,4655.973083
-13.476791,3,4656.203603
-15.516791,3,4656.431091
51.523209,3,4656.575858
-13.476791,3,4656.869324
-15.516791,3,4656.946961
-13.476791,3,4657.004069
-13.476791,3,4657.137364
-13.476791,3,4657.424382
50.503209,3,4657.830902
-13.476791,3,4658.10994
-13.476791,3,4658.192048
57.967614,5,4658.308848
-13.476791,3,4658.753116
-13.476791,3,4659.015669
-13.476791,3,4659.067723
-13.476791,3,4659.129072
57.967614,5,4659.222084
57.967614,5,4659.341511
-7.032386,5,4659.963516
-13.476791,3,4660.406098
-14.496791,3,4660.477185
-14.139791,3,4660.542799
-14.496791,3,4660.626494
-13.476791,3,4660.920296
57.967614,5,4661.027514
-13.476791,3,4661.107135
-14.496791,3,4661.31816
-13.476791,3,4661.386864
-13.476791,3,4661.604319
50.707209,3,4661.85898
-13.476791,3,4662.138144
-7.032386,5,4662.734551
57.967614,5,4662.839468
-13.476791,3,4662.96296
-14.496791,3,4663.189992
-13.476791,3,4663.452694
57.967614,5,4663.535995
-13.476791,3,4663.587683
-13.476791,3,4663.823261
51.523209,3,4664.23738
50.503209,3,4664.388811
-13.476791,3,4664.450473
50.503209,3,4664.693332
57.967614,5,4664.80104
-10.783561,4,4664.937277
-7.032386,5,4665.391413
-13.476791,3,4665.460032
-13.476791,3,4665.510276
-13.476791,3,4665.824823
50.605209,3,4666.160152
-13.703172,3,4666.222909
-13.703172,3,4666.267992
-10.783561,4,4666.566188
49.840209,3,4666.693199
-13.476791,3,4666.759999
51.523209,3,4666.939702
50.503209,3,4667.421177
-13.476791,3,4667.769316
-13.476791,3,4668.058765
-13.476791,3,4668.487403
-14.496791,3,4668.586057
-14.496791,3,4668.824049
-10.783561,4,4669.13611
-13.476791,3,4669.407338
-10.783561,4,4669.732508
-14.496791,3,4669.963924
-13.476791,3,4670.236161
-13.476791,3,4670.371307
-13.476791,3,4670.652601
57.967614,5,4670.734911
-13.476791,3,4670.79682
50.860209,3,4671.200346
57.967614,5,4671.290564
50.503209,3,4671.750918
-13.476791,3,4672.013692
-13.476791,3,4672.15643
-10.783561,4,4672.476912
51.523209,3,4672.641081
-15.516791,3,4672.734751
-13.476791,3,4672.825176
49.483209,3,4673.077164
50.503209,3,4673.165785
-14.292791,3,4673.455886
50.503209,3,4673.799071
-13.476791,3,4674.144875
-13.476791,3,4674.271886
-13.476791,3,4674.548934
-13.476791,3,4674.856097
-14.394791,3,4674.913734
-14.496791,3,4675.132912
-13.740902,3,4675.201507
50.503209,3,4675.641718
-13.476791,3,4675.735439
-13.476791,3,4675.962123
-13.476791,3,4676.246969
-14.292791,3,4676.353373
-14.496791,3,4676.43037
57.967614,5,4676.543155
-13.476791,3,4676.707036
50.707209,3,4676.859628
-13.476791,3,4676.934324
-13.476791,3,4677.134664
50.503209,3,4677.56005
-13.476791,3,4677.771284
51.523209,3,4678.231313
-13.476791,3,4678.472955
51.523209,3,4678.620797
50.707209,3,4679.076056
-10.783561,4,4679.416208
-13.476791,3,4679.55342
-13.476791,3,4679.872487
50.503209,3,4680.038842
-13.476791,3,4680.302132
-13.476791,3,4680.512661
-7.032386,5,4681.021392
-10.991283,4,4681.101015
57.967614,5,4681.178223
-13.476791,3,4681.443413
-13.476791,3,4681.597669
-13.476791,3,4681.879046
-13.476791,3,4681.962399
-14.496791,3,4682.040025
-13.476791,3,4682.103685
-13.476791,3,4682.416044
-13.476791,3,4682.677991
-10.783561,4,4682.799359
-13.476791,3,4683.030639
-14.496791,3,4683.256552
-10.783561,4,4683.396276
51.523209,3,4683.868042
-13.476791,3,4684.101114
-13.476791,3,4684.16025
-13.476791,3,4684.490313
51.523209,3,4684.900425
-13.476791,3,4684.982157
-13.476791,3,4685.039314
-13.476791,3,4685.163369
50.503209,3,4685.554627
57.967614,5,4685.660318
-13.627712,3,4685.752476
-13.476791,3,4685.94593
-14.496791,3,4686.025529
-13.476791,3,4686.297149
-13.476791,3,4686.566729
-13.476791,3,4686.802481
-14.496791,3,4687.199738
-14.139791,3,4687.37755
-13.476791,3,4687.662059
-7.032386,5,4688.160626
-13.476791,3,4688.485512
-13.476791,3,4688.592762
-13.552251,3,4688.769349
50.503209,3,4689.186977
50.503209,3,4689.438936
-13.476791,3,4689.568871
-13.476791,3,4689.626468
-13.703172,3,4689.673034
-13.476791,3,4689.882488
-13.627712,3,4689.944674
-13.476791,3,4690.029217
50.809209,3,4690.350296
-7.032386,5,4690.824777
-10.783561,4,4691.090309
-8.052386,5,4691.604047
-13.740902,3,4691.660185
-13.476791,3,4691.901092
-13.476791,3,4692.207463
-10.783561,4,4692.322771
57.967614,5,4692.400136
-13.476791,3,4692.549989
-13.476791,3,4692.750502
-13.476791,3,4692.995891
-13.476791,3,4693.055527
-13.476791,3,4693.119282
-13.476791,3,4693.397168
-13.476791,3,4693.462516
-7.032386,5,4694.061284
-13.476791,3,4694.198019
-13.476791,3,4694.461038
-14.292791,3,4694.698787
50.503209,3,4694.827586
-13.476791,3,4695.120729
-13.476791,3,4695.556041
54.216439,4,4695.745949
-14.292791,3,4695.841737
-13.476791,3,4695.927526
57.967614,5,4696.042826
54.216439,4,4696.137759
-13.476791,3,4696.214858
57.967614,5,4696.326552
-13.476791,3,4696.385715
-13.476791,3,4696.549965
-14.190791,3,4696.760892
-13.476791,3,4697.000912
-13.476791,3,4697.166627
51.523209,3,4697.582008
-13.476791,3,4697.766927
-13.476791,3,4698.103102
-13.476791,3,4698.422445
-13.476791,3,4698.531823
-13.476791,3,4698.714767
-13.476791,3,4698.918911
-13.476791,3,4699.182132
51.523209,3,4699.731991
51.523209,3,4700.18524
57.304614,5,4700.301491
57.253614,5,4700.39514
-13.476791,3,4700.495557
-13.476791,3,4700.724219
50.503209,3,4700.855679
-13.476791,3,4701.2933
-10.783561,4,4701.427052
-14.366172,3,4701.481663
-13.476791,3,4701.614378
-13.476791,3,4701.86996
-13.476791,3,4701.934556
-13.476791,3,4701.984787
50.503209,3,4702.117606
-13.476791,3,4702.486294
-14.496791,3,4702.728104
-13.476791,3,4702.952662
54.216439,4,4703.055175
51.523209,3,4703.341209
-13.476791,3,4703.618992
57.967614,5,4703.693122
-13.476791,3,4703.880215
-13.476791,3,4704.084363
-13.476791,3,4704.285616
57.967614,5,4704.37977
-13.476791,3,4704.601227
-14.496791,3,4704.683311
-13.476791,3,4704.898838
57.967614,5,4705.013091
-13.476791,3,4705.076684
-7.032386,5,4705.530938
-13.476791,3,4705.587589
-13.476791,3,4705.781518
51.523209,3,4706.219114
-7.425267,5,4706.507418
-13.476791,3,4706.771715
-7.032386,5,4707.330798
-14.496791,3,4707.394429
-13.476791,3,4707.632002
-13.476791,3,4707.769789
54.216439,4,4707.997297
-13.476791,3,4708.063445
54.216439,4,4708.167291
51.523209,3,4708.267022
-13.476791,3,4708.350988
54.216439,4,4708.569254
57.967614,5,4708.688262
51.523209,3,4708.857196
57.967614,5,4708.935296
54.216439,4,4709.187882
-13.476791,3,4709.639705
-13.476791,3,4709.927595
57.967614,5,4710.043508
-13.476791,3,4710.481006
57.967614,5,4710.590802
51.523209,3,4711.060755
-13.476791,3,4711.140452
-13.476791,3,4711.292859
-13.476791,3,4711.368995
57.967614,5,4711.44703
-14.496791,3,4711.537282
51.523209,3,4711.957626
50.503209,3,4712.328256
57.967614,5,4712.443068
-7.425267,5,4712.762429
-13.476791,3,4713.075177
-13.476791,3,4713.139792
53.502439,4,4713.367508
-13.476791,3,4713.436133
54.216439,4,4713.640122
-13.476791,3,4713.971262
51.523209,3,4714.124468
54.216439,4,4714.218239
54.216439,4,4714.275402
51.523209,3,4714.741386
-14.394791,3,4714.805129
-13.476791,3,4714.86068
-13.476791,3,4715.211804
54.216439,4,4715.517844
57.967614,5,4715.609601
-13.476791,3,4716.074297
51.523209,3,4716.520946
54.216439,4,4716.762625
-7.032386,5,4717.199166
57.967614,5,4717.379841
-14.496791,3,4717.463722
-13.476791,3,4717.549799
-7.032386,5,4717.990425
57.967614,5,4718.099685
54.216439,4,4718.379745
-13.476791,3,4718.464141
51.523209,3,4718.604246
-13.476791,3,4718.840311
57.967614,5,4718.945928
51.523209,3,4719.092166
54.216439,4,4719.217763
57.967614,5,4719.338
-13.476791,3,4719.569863
54.216439,4,4719.672
54.216439,4,4719.888927
54.216439,4,4719.999119
-14.496791,3,4720.45624
-13.476791,3,4720.75305
54.216439,4,4721.041693
-13.476791,3,4721.110797
-13.476791,3,4721.405592
-14.190791,3,4721.872901
-13.476791,3,4721.961551
54.216439,4,4722.05769
-14.190791,3,4722.143672
-13.476791,3,4722.202371
51.523209,3,4722.628949
51.523209,3,4723.051532
57.967614,5,4723.14975
57.967614,5,4723.228922
-13.476791,3,4723.470403
-13.552251,3,4723.582137
53.502439,4,4723.685869
57.967614,5,4723.796083
-14.190791,3,4724.00463
51.523209,3,4724.338981
54.216439,4,4724.442559
-14.190791,3,4724.57735
54.216439,4,4724.814547
-14.139791,3,4724.880154
-13.476791,3,4725.055544
57.967614,5,4725.1111
54.216439,4,4725.390521
57.967614,5,4725.47402
-14.496791,3,4725.559407
-14.394791,3,4725.624007
-13.476791,3,4725.714856
54.216439,4,4725.822542
51.523209,3,4726.034477
-13.476791,3,4726.269302
54.216439,4,4726.381153
57.967614,5,4726.489888
57.967614,5,4726.588099
57.967614,5,4726.690927
54.216439,4,4726.804091
-13.476791,3,4727.019006
-13.476791,3,4727.064564
57.967614,5,4727.16522
-13.476791,3,4727.387682
54.216439,4,4727.606754
53.29844,4,4727.709922
51.523209,3,4727.863685
57.967614,5,4727.977876
57.967614,5,4728.091452
57.967614,5,4728.204293
57.967614,5,4728.276473
54.216439,4,4728.498316
50.503209,3,4728.955106
-14.190791,3,4729.191256
-13.476791,3,4729.271881
-13.476791,3,4729.497738
-13.476791,3,4729.557372
51.523209,3,4729.675063
-13.476791,3,4729.877956
54.216439,4,4730.097783
-10.991283,4,4730.449644
-14.496791,3,4730.528351
51.523209,3,4730.941905
57.967614,5,4731.055596
57.967614,5,4731.147557
-13.476791,3,4731.223825
50.503209,3,4731.510997
54.216439,4,4731.785092
54.216439,4,4731.993647
57.967614,5,4732.113258
-13.476791,3,4732.18161
54.216439,4,4732.406294
57.967614,5,4732.49816
-13.476791,3,4732.630391
-14.496791,3,4732.712036
-13.476791,3,4732.860488
54.216439,4,4732.956669
-14.496791,3,4733.042477
-13.476791,3,4733.117564
53.502439,4,4733.215766
57.967614,5,4733.326834
54.216439,4,4733.421003
57.967614,5,4733.535167
-13.476791,3,4733.612976
54.216439,4,4733.831359
50.503209,3,4734.090065
-13.476791,3,4734.290318
54.216439,4,4734.501496
54.216439,4,4734.75593
57.967614,5,4734.849065
-14.292791,3,4734.940711
-13.476791,3,4735.021712
57.967614,5,4735.126881
54.216439,4,4735.194896
59.099294,6,4735.309109
51.523209,3,4735.609032
54.216439,4,4735.853336
54.216439,4,4735.956963
-14.394791,3,4736.18832
54.216439,4,4736.295394
54.216439,4,4736.525506
54.216439,4,4736.749851
-13.476791,3,4736.814609
54.216439,4,4736.90775
-13.552251,3,4737.000978
-13.627712,3,4737.064078
51.523209,3,4737.196312
57.967614,5,4737.291691
57.967614,5,4737.379929
-7.032386,5,4737.885715
51.523209,3,4737.989314
57.967614,5,4738.11251
51.523209,3,4738.321994
54.216439,4,4738.418262
51.523209,3,4738.849131
50.707209,3,4739.036398
-13.740902,3,4739.09402
-14.496791,3,4739.165141
57.967614,5,4739.285752
-13.476791,3,4739.396699
50.809209,3,4739.587989
54.216439,4,4739.688362
57.967614,5,4739.783158
54.216439,4,4740.001191
51.523209,3,4740.470901
54.216439,4,4740.596204
-7.032386,5,4741.193385
-7.032386,5,4741.660281
54.216439,4,4741.907478
-13.476791,3,4742.362123
57.967614,5,4742.479304
57.967614,5,4742.59076
-13.476791,3,4742.657155
-13.476791,3,4742.806359
-14.394791,3,4742.87691
-13.476791,3,4742.943011
-13.627712,3,4743.037639
-13.476791,3,4743.355528
-13.476791,3,4743.51052
-13.476791,3,4743.75106
57.967614,5,4743.87062
-13.476791,3,4744.110149
52.482439,4,4744.210016
51.523209,3,4744.720586
57.967614,5,4744.854592
-15.108791,3,4744.949033
54.216439,4,4745.199503
-13.627712,3,4745.269216
-13.476791,3,4745.350116
-7.425267,5,4745.816831
-14.496791,3,4745.926478
-13.627712,3,4746.012063
51.523209,3,4746.430644
-13.476791,3,4746.677765
-13.476791,3,4746.919643
-13.476791,3,4747.373237
51.523209,3,4747.502084
-13.476791,3,4747.967729
50.503209,3,4748.2811
-13.476791,3,4748.351197
-13.476791,3,4748.632777
-13.476791,3,4748.915064
-13.476791,3,4749.117696
-13.476791,3,4749.227496
-14.496791,3,4749.360929
57.967614,5,4749.487165
54.216439,4,4749.714054
-13.476791,3,4749.973179
-13.476791,3,4750.21366
51.523209,3,4750.31291
51.523209,3,4750.710612
57.967614,5,4750.796729
54.216439,4,4750.842297
51.523209,3,4751.241942
-13.476791,3,4751.517815
-7.032386,5,4751.957922
-13.740902,3,4752.018026
-13.476791,3,4752.365475
51.523209,3,4752.836142
-13.476791,3,4753.070786
51.523209,3,4753.509305
-13.476791,3,4753.635913
51.523209,3,4754.101988
54.216439,4,4754.329071
-13.476791,3,4754.632349
-13.476791,3,4754.874472
-13.476791,3,4754.966758
54.216439,4,4755.253355
54.216439,4,4755.35362
-13.476791,3,4755.419217
-7.032386,5,4755.859262
57.967614,5,4755.964936
51.523209,3,4756.258068
54.216439,4,4756.524838
-13.476791,3,4756.811628
57.049614,5,4756.92824
-13.476791,3,4757.023968
-13.476791,3,4757.483395
-13.476791,3,4757.695823
54.216439,4,4757.931995
57.967614,5,4758.051309
53.55344,4,4758.3482
54.216439,4,4758.644398
-13.476791,3,4758.832377
54.216439,4,4759.094335
-13.476791,3,4759.320965
50.503209,3,4759.479229
-13.552251,3,4759.582778
-13.476791,3,4759.657094
-13.476791,3,4759.711967
56.947614,5,4759.820029
54.216439,4,4759.922813
-13.476791,3,4760.01044
-13.476791,3,4760.110186
-13.476791,3,4760.379345
54.216439,4,4760.484543
-14.496791,3,4760.909473
-13.476791,3,4761.394528
57.967614,5,4761.500241
-13.476791,3,4761.79438
-13.476791,3,4762.021279
-13.476791,3,4762.095672
51.523209,3,4762.526521
54.216439,4,4762.65114
-14.190791,3,4762.877123
54.216439,4,4763.119148
54.216439,4,4763.365199
-13.476791,3,4763.440885
50.503209,3,4763.868263
-14.394791,3,4763.970426
-13.476791,3,4764.080261
50.605209,3,4764.224404
-14.139791,3,4764.282916
-13.476791,3,4764.375835
57.967614,5,4764.461287
54.216439,4,4764.52384
-13.476791,3,4764.638258
57.967614,5,4764.721457
54.216439,4,4764.789092
50.503209,3,4765.079973
54.216439,4,4765.185867
54.216439,4,4765.4358
51.523209,3,4765.762468
51.523209,3,4766.057359
-13.476791,3,4766.202701
54.216439,4,4766.307246
-7.032386,5,4766.641994
54.216439,4,4766.702989
-13.476791,3,4766.820059
-7.032386,5,4767.123409
-13.552251,3,4767.247858
54.216439,4,4767.309982
54.216439,4,4767.449261
54.216439,4,4767.510882
52.58444,4,4767.587516
-13.476791,3,4767.638107
-11.199004,4,4767.6941
50.860209,3,4767.916033
50.503209,3,4768.14015
57.967614,5,4768.196269
57.967614,5,4768.270401
51.523209,3,4768.373013
54.216439,4,4768.459204
-14.496791,3,4768.51782
54.216439,4,4768.65353
-11.199004,4,4768.710796
54.216439,4,4768.766888
54.216439,4,4768.821303
53.196439,4,4769.05711
53.29844,4,4769.299177
53.55344,4,4769.425149
-13.476791,3,4769.516166
57.967614,5,4769.585027
54.216439,4,4769.649334
50.503209,3,4769.844687
53.502439,4,4769.915604
51.523209,3,4770.205456
-13.476791,3,4770.287826
-13.476791,3,4770.436955
54.216439,4,4770.582847
-14.496791,3,4770.637944
54.216439,4,4770.785182
-13.476791,3,4770.830899
-7.848386,5,4771.132797
-13.476791,3,4771.176855
-13.476791,3,4771.330132
-13.476791,3,4771.383735
-14.496791,3,4771.437818
53.55344,4,4771.511945
54.216439,4,4771.659889
57.967614,5,4771.737906
-13.476791,3,4771.823129
54.216439,4,4771.908079
-13.476791,3,4772.177546
57.151614,5,4772.247221
57.967614,5,4772.301847
-13.627712,3,4772.347409
54.216439,4,4772.58673
57.967614,5,4772.657785
-14.496791,3,4772.713383
57.967614,5,4772.777913
54.216439,4,4772.890581
-10.991283,4,4772.971278
51.523209,3,4773.053854
-13.476791,3,4773.105455
-13.476791,3,4773.19084
-13.703172,3,4773.232655
-7.848386,5,4773.557963
54.216439,4,4773.708212
-13.476791,3,4773.761322
-7.032386,5,4774.096328
-13.476791,3,4774.251277
54.216439,4,4774.31341
-13.476791,3,4774.602094
54.216439,4,4774.639233
-13.476791,3,4774.803653
-13.476791,3,4774.850399
-14.292791,3,4775.006482
50.503209,3,4775.298958
50.809209,3,4775.399267
-13.476791,3,4775.45492
54.216439,4,4775.603569
57.967614,5,4775.666799
53.400439,4,4775.832645
-13.476791,3,4775.897239
-7.032386,5,4776.167406
57.967614,5,4776.233968
57.967614,5,4776.297817
54.216439,4,4776.363428
57.967614,5,4776.431535
-13.476791,3,4776.480121
-14.496791,3,4776.542514
54.216439,4,4776.698091
57.967614,5,4776.777401
53.196439,4,4776.923154
-13.476791,3,4776.979235
53.29844,4,4777.16139
51.523209,3,4777.434091
-13.476791,3,4777.581649
-13.476791,3,4777.662934
-13.476791,3,4777.809176
51.523209,3,4778.036567
-13.476791,3,4778.189444
54.216439,4,4778.253578
54.216439,4,4778.401726
-13.476791,3,4778.456347
57.967614,5,4778.514445
-13.476791,3,4778.69353
-7.032386,5,4779.06779
54.216439,4,4779.229173
54.216439,4,4779.384318
54.216439,4,4779.481472
57.967614,5,4779.55262
-13.476791,3,4779.71028
57.967614,5,4779.7794
54.216439,4,4779.924916
54.216439,4,4780.037772
51.523209,3,4780.267906
57.967614,5,4780.335923
53.55344,4,4780.500788
54.216439,4,4780.656343
54.216439,4,4780.7174
54.216439,4,4780.775368
51.523209,3,4781.087248
57.967614,5,4781.164221
-14.496791,3,4781.216822
-13.476791,3,4781.378103
54.216439,4,4781.516333
54.216439,4,4781.667525
54.216439,4,4781.824118
57.967614,5,4781.902231
-7.032386,5,4782.204532
-13.476791,3,4782.349376
54.216439,4,4782.494871
-13.476791,3,4782.542001
-13.476791,3,4782.59688
-7.032386,5,4782.971659
-8.211028,5,4783.05303
-13.476791,3,4783.094083
54.216439,4,4783.284452
-13.476791,3,4783.432598
50.503209,3,4783.608085
57.967614,5,4783.669693
51.523209,3,4783.749318
54.216439,4,4783.810437
-13.476791,3,4783.854204
51.523209,3,4783.935678
54.216439,4,4784.09701
-13.476791,3,4784.192496
-13.476791,3,4784.372236
-14.496791,3,4784.431545
54.216439,4,4784.577611
-13.476791,3,4784.788282
-14.394791,3,4784.886894
50.503209,3,4785.2384
54.216439,4,4785.281447
50.503209,3,4785.540378
-11.70156,4,4785.737564
54.216439,4,4785.889124
51.523209,3,4785.987185
57.967614,5,4786.056974
57.967614,5,4786.127774
50.503209,3,4786.402924
-13.476791,3,4786.476078
-13.476791,3,4786.52332
-13.476791,3,4786.577713
-13.476791,3,4786.629868
-14.394791,3,4786.702028
50.503209,3,4786.865482
-13.476791,3,4786.949163
57.967614,5,4787.017836
-13.476791,3,4787.071591
-13.476791,3,4787.12621
-13.476791,3,4787.297108
-13.476791,3,4787.448239
-13.476791,3,4787.599419
51.523209,3,4787.682663
-11.510587,4,4787.72576
-13.476791,3,4787.882701
-13.476791,3,4787.927231
57.967614,5,4787.996123
51.523209,3,4788.103618
-13.476791,3,4788.147022
-14.470251,3,4788.211792
-14.394791,3,4788.255969
-13.476791,3,4788.297517
-14.190791,3,4788.381495
-14.519172,3,4788.420316
-13.476791,3,4788.568419
50.503209,3,4788.755692
-13.476791,3,4788.927543
-13.476791,3,4789.09228
57.967614,5,4789.167976
-13.476791,3,4789.370887
-13.476791,3,4789.532574
-13.476791,3,4789.573639
51.523209,3,4789.867628
-13.476791,3,4789.907499
-13.476791,3,4790.09545
-13.476791,3,4790.137533
57.967614,5,4790.204809
-7.032386,5,4790.60843
-14.292791,3,4790.909813
-13.476791,3,4790.950485
50.503209,3,4791.239617
-14.190791,3,4791.443759
53.502439,4,4791.511523
-13.476791,3,4791.659813
-13.476791,3,4791.803853
57.967614,5,4791.87305
-13.740902,3,4791.910719
-13.476791,3,4791.962516
-13.476791,3,4792.177688
-13.476791,3,4792.468487
54.216439,4,4792.624272
57.967614,5,4792.692996
50.503209,3,4792.97461
50.503209,3,4793.255289
51.523209,3,4793.55847
-13.476791,3,4793.703223
-13.476791,3,4793.847608
-13.476791,3,4793.892703
-14.496791,3,4793.945976
-13.476791,3,4794.144018
51.523209,3,4794.232268
-13.476791,3,4794.413887
-13.476791,3,4794.565415
-13.476791,3,4794.653401
-13.476791,3,4794.694966
-13.476791,3,4794.841823
-13.476791,3,4795.132916
-13.476791,3,4795.177865
-13.476791,3,4795.227966
-14.190791,3,4795.26969
-13.476791,3,4795.310215
-13.476791,3,4795.456436
53.29844,4,4795.521149
54.216439,4,4795.589457
-13.476791,3,4795.733957
57.967614,5,4795.803903
-7.032386,5,4796.157788
-13.476791,3,4796.251795
54.216439,4,4796.403961
-13.476791,3,4796.443003
54.216439,4,4796.499776
53.196439,4,4796.645116
-7.032386,5,4796.989254
57.967614,5,4797.057541
57.967614,5,4797.125093
-13.476791,3,4797.269567
51.523209,3,4797.372817
51.523209,3,4797.654438
54.216439,4,4797.720007
57.967614,5,4797.789449
-13.476791,3,4797.933656
-13.740902,3,4797.973269
-7.032386,5,4798.304503
54.216439,4,4798.365633
50.707209,3,4798.549111
-13.476791,3,4798.627439
-13.476791,3,4798.669179
57.967614,5,4798.737964
-13.476791,3,4798.88675
-15.057791,3,4798.926316
57.967614,5,4798.997538
-13.476791,3,4799.143958
57.967614,5,4799.2119
-7.032386,5,4799.560856
-13.476791,3,4799.721346
54.216439,4,4799.86906
-13.476791,3,4800.084113
54.216439,4,4800.148452
54.216439,4,4800.307317
54.216439,4,4800.467296
57.967614,5,4800.535933
-13.476791,3,4800.593491
54.216439,4,4800.743384
54.216439,4,4800.804495
-14.139791,3,4800.860255
57.967614,5,4800.927702
51.523209,3,4801.196686
54.216439,4,4801.349446
-7.032386,5,4801.659439
57.967614,5,4801.717552
54.216439,4,4801.785186
-10.783561,4,4801.968527
-13.476791,3,4802.112637
-13.476791,3,4802.348048
-7.032386,5,4802.648064
-13.476791,3,4802.704147
57.967614,5,4802.773241
-13.476791,3,4802.8515
54.216439,4,4803.005567
-13.552251,3,4803.069199
-13.476791,3,4803.112304
56.590614,5,4803.187848
-14.496791,3,4803.254616
-13.476791,3,4803.404484
51.523209,3,4803.57674
57.967614,5,4803.631598
54.216439,4,4803.709852
53.196439,4,4803.889663
57.967614,5,4803.959271
-11.510587,4,4804.003346
51.523209,3,4804.09242
54.216439,4,4804.283581
54.216439,4,4804.734762
51.523209,3,4805.033884
54.216439,4,4805.201373
-13.476791,3,4805.34725
50.809209,3,4805.436906
57.967614,5,4805.505809
-13.476791,3,4805.601481
53.29844,4,4805.791292
54.216439,4,4805.949747
53.502439,4,4806.004933
-13.476791,3,4806.175781
54.216439,4,4806.353678
51.523209,3,4806.450348
54.216439,4,4806.628331
54.216439,4,4806.697796
-12.120726,4,4806.739368
-7.032386,5,4807.117333
57.967614,5,4807.188443
50.503209,3,4807.486568
54.216439,4,4807.669901
54.216439,4,4807.727981
54.216439,4,4807.768066
-13.476791,3,4807.856657
-13.552251,3,4807.897013
57.967614,5,4807.973274
53.400439,4,4808.054145
57.967614,5,4808.123323
56.437614,5,4808.187914
54.216439,4,4808.250518
-7.032386,5,4808.606354
51.523209,3,4808.879662
-10.783561,4,4809.084597
-7.848386,5,4809.447471
-13.476791,3,4809.531625
54.216439,4,4809.592221
-13.476791,3,4809.644822
-13.476791,3,4809.695028
54.216439,4,4809.752136
54.216439,4,4809.907434
51.523209,3,4810.187674
-7.425267,5,4810.272855
54.216439,4,4810.419097
54.216439,4,4810.577857
-13.476791,3,4810.856651
-13.476791,3,4810.897855
57.967614,5,4810.950935
-13.476791,3,4811.011192
54.216439,4,4811.158434
-13.476791,3,4811.203985
-13.476791,3,4811.312194
54.216439,4,4811.45753
54.216439,4,4811.617549
-14.496791,3,4811.657633
-13.476791,3,4811.700907
57.967614,5,4811.770606
-13.552251,3,4811.842258
54.216439,4,4811.985987
54.216439,4,4812.130999
-13.476791,3,4812.431296
54.216439,4,4812.576124
54.216439,4,4812.639215
50.503209,3,4812.915494
53.196439,4,4812.989151
51.523209,3,4813.118305
51.523209,3,4813.391067
-14.556902,3,4813.434155
-7.032386,5,4813.805814
-7.032386,5,4814.167805
-11.199004,4,4814.212392
57.967614,5,4814.281519
54.216439,4,4814.367862
-13.476791,3,4814.51444
54.216439,4,4814.67793
-13.476791,3,4814.747735
51.523209,3,4815.015986
-13.476791,3,4815.281708
-13.476791,3,4815.343441
-13.627712,3,4815.387028
-13.476791,3,4815.439677
-13.476791,3,4815.487082
57.967614,5,4815.55686
51.523209,3,4815.625529
54.216439,4,4815.687783
54.216439,4,4815.86651
54.216439,4,4815.943625
57.967614,5,4815.986715
54.216439,4,4816.046432
-13.476791,3,4816.100829
-13.476791,3,4816.165909
-13.740902,3,4816.208481
54.216439,4,4816.390408
-13.476791,3,4816.541193
-14.139791,3,4816.690311
57.967614,5,4816.757444
-13.476791,3,4817.033751
-13.476791,3,4817.090735
-13.476791,3,4817.38773
-13.476791,3,4817.531903
50.503209,3,4817.806326
54.216439,4,4817.982513
-13.627712,3,4818.023082
54.216439,4,4818.171073
-13.476791,3,4818.318047
51.523209,3,4818.416763
57.967614,5,4818.471383
50.605209,3,4818.573918
-13.476791,3,4818.623959
54.216439,4,4818.686618
-13.476791,3,4818.778368
-7.032386,5,4819.155179
53.196439,4,4819.308217
51.523209,3,4819.49021
51.523209,3,4819.616154
-7.032386,5,4819.910717
54.216439,4,4820.059183
57.967614,5,4820.117593
57.967614,5,4820.190224
57.967614,5,4820.265412
51.523209,3,4820.55022
-13.476791,3,4820.786513
57.967614,5,4820.85769
54.216439,4,4821.012282
-7.032386,5,4821.389415
-13.476791,3,4821.534645
-7.032386,5,4821.887533
54.216439,4,4821.94663
-13.476791,3,4821.989207
-13.476791,3,4822.239548
51.523209,3,4822.51383
57.967614,5,4822.578446
-14.394791,3,4822.669679
54.216439,4,4822.740786
-14.496791,3,4822.955895
-8.211028,5,4823.092213
-13.476791,3,4823.157608
54.216439,4,4823.217241
-7.032386,5,4823.493303
51.523209,3,4823.592006
-13.476791,3,4823.67048
57.967614,5,4823.741079
54.216439,4,4823.802486
50.503209,3,4824.104423
-13.703172,3,4824.14502
54.216439,4,4824.212367
57.967614,5,4824.276077
-13.476791,3,4824.335984
-13.552251,3,4824.440491
54.216439,4,4824.521291
53.29844,4,4824.574472
54.216439,4,4824.657634
-7.032386,5,4825.011959
54.216439,4,4825.075868
50.707209,3,4825.426701
54.216439,4,4825.597901
57.967614,5,4825.680556
54.216439,4,4825.769119
-13.740902,3,4825.815254
54.216439,4,4825.99724
53.196439,4,4826.061714
-13.627712,3,4826.120319
54.216439,4,4826.211908
54.216439,4,4826.387108
51.523209,3,4826.612442
-13.476791,3,4826.678058
53.400439,4,4826.825147
-13.476791,3,4826.880588
57.253614,5,4826.964444
-13.552251,3,4827.042686
-13.476791,3,4827.100417
54.216439,4,4827.262253
-13.476791,3,4827.36631
54.216439,4,4827.444048
54.216439,4,4827.616627
54.216439,4,4827.687724
54.216439,4,4827.763853
54.216439,4,4827.898459
53.502439,4,4828.067386
-13.476791,3,4828.227344
50.503209,3,4828.522715
-13.476791,3,4828.628536
51.523209,3,4828.916718
-13.476791,3,4828.966317
51.523209,3,4829.126103
54.216439,4,4829.230813
-7.032386,5,4829.617909
-13.476791,3,4829.662593
-8.211028,5,4829.875579
-11.510587,4,4829.922382
-13.476791,3,4830.077887
53.502439,4,4830.145608
-13.476791,3,4830.294143
-13.476791,3,4830.346243
51.523209,3,4830.701396
51.523209,3,4830.875269
51.523209,3,4830.980508
-10.783561,4,4831.225344
-13.476791,3,4831.277942
-13.476791,3,4831.324039
57.967614,5,4831.381417
-13.476791,3,4831.66077
-13.476791,3,4831.976411
54.216439,4,4832.054
51.523209,3,4832.314503
-13.476791,3,4832.536549
54.216439,4,4832.683139
-13.476791,3,4832.753695
-13.627712,3,4832.813537
-13.476791,3,4832.87158
57.967614,5,4832.955734
-13.627712,3,4833.011342
53.502439,4,4833.162961
51.523209,3,4833.254441
-13.476791,3,4833.342721
51.523209,3,4833.448673
-13.476791,3,4833.489938
-13.476791,3,4833.793487
54.216439,4,4833.856992
-7.032386,5,4834.213426
54.216439,4,4834.399159
57.967614,5,4834.483245
50.503209,3,4834.787848
-14.496791,3,4834.90334
-10.783561,4,4834.970374
54.216439,4,4835.159495
54.216439,4,4835.246866
54.216439,4,4835.416123
-7.032386,5,4835.803456
54.216439,4,4835.967986
-13.476791,3,4836.01466
54.216439,4,4836.177238
-11.599561,4,4836.23185
57.967614,5,4836.307969
51.523209,3,4836.401293
54.216439,4,4836.57644
54.216439,4,4836.761883
54.216439,4,4836.82346
-14.190791,3,4836.888086
-13.476791,3,4837.185096
54.216439,4,4837.246822
54.216439,4,4837.321148
-13.476791,3,4837.624739
51.523209,3,4837.921221
54.216439,4,4837.979412
-13.476791,3,4838.021016
51.523209,3,4838.339501
54.216439,4,4838.410678
53.29844,4,4838.587445
51.523209,3,4838.65962
-13.476791,3,4838.750548
-13.476791,3,4839.0619
57.049614,5,4839.144704
51.523209,3,4839.466052
-7.032386,5,4839.809829
54.216439,4,4839.871461
54.216439,4,4840.031973
54.216439,4,4840.09073
54.216439,4,4840.261624
-8.211028,5,4840.395083
54.216439,4,4840.488391
-7.032386,5,4840.852791
51.523209,3,4841.180043
50.860209,3,4841.28168
54.216439,4,4841.364381
54.216439,4,4841.511762
54.216439,4,4841.668061
51.523209,3,4841.797559
-13.476791,3,4841.837123
-13.476791,3,4841.990567
51.523209,3,4842.159664
-13.476791,3,4842.307868
54.216439,4,4842.403425
-7.032386,5,4842.476998
54.216439,4,4842.619216
57.967614,5,4842.69298
57.967614,5,4842.763615
-13.476791,3,4842.914781
-13.476791,3,4843.204149
-13.476791,3,4843.258363
-13.476791,3,4843.409881
-14.496791,3,4843.701028
-7.032386,5,4843.779789
-7.032386,5,4843.83186
54.216439,4,4843.983774
54.216439,4,4844.049356
54.216439,4,4844.192445
54.216439,4,4844.35205
54.216439,4,4844.517466
53.400439,4,4844.683323
54.216439,4,4844.757112
54.216439,4,4844.921231
51.523209,3,4845.017282
-7.032386,5,4845.372878
54.216439,4,4845.431829
51.523209,3,4845.513715
54.216439,4,4845.588408
-13.476791,3,4845.630796
57.967614,5,4845.696358
57.967614,5,4845.764677
-13.476791,3,4845.815249
-13.476791,3,4845.975948
-13.476791,3,4846.073355
50.503209,3,4846.357496
-13.476791,3,4846.399559
-7.032386,5,4846.71746
57.967614,5,4846.782083
51.523209,3,4846.984854
-14.292791,3,4847.039471
53.502439,4,4847.10359
50.809209,3,4847.300321
51.523209,3,4847.578575
56.947614,5,4847.640673
-13.476791,3,4847.848614
53.502439,4,4847.907281
-7.032386,5,4848.304515
54.216439,4,4848.373353
54.216439,4,4848.431969
-13.476791,3,4848.722126
51.523209,3,4849.015634
51.523209,3,4849.319571
-11.510587,4,4849.35767
54.216439,4,4849.417929
54.216439,4,4849.480056
-10.783561,4,4849.698457
54.216439,4,4849.786942
54.216439,4,4849.84455
-13.740902,3,4849.885625
54.216439,4,4849.949755
53.502439,4,4850.107826
-7.032386,5,4850.400727
51.523209,3,4850.681721
54.216439,4,4850.753587
-13.476791,3,4850.8441
-14.496791,3,4851.093359
54.216439,4,4851.166149
54.216439,4,4851.259626
-13.476791,3,4851.300008
-7.032386,5,4851.643611
54.216439,4,4851.80633
-7.032386,5,4852.094715
54.216439,4,4852.238185
51.523209,3,4852.523496
54.216439,4,4852.667396
54.216439,4,4852.735596
54.216439,4,4852.90449
51.523209,3,4853.031235
54.216439,4,4853.100692
54.216439,4,4853.262128
54.216439,4,4853.419298
-7.032386,5,4853.482071
-13.476791,3,4853.771618
54.216439,4,4853.934947
57.967614,5,4854.007611
51.523209,3,4854.287945
53.400439,4,4854.352771
53.29844,4,4854.436727
-10.991283,4,4854.650994
-14.190791,3,4854.947426
-7.032386,5,4855.238133
54.216439,4,4855.39539
-13.740902,3,4855.439473
-10.783561,4,4855.536911
54.216439,4,4855.599361
51.523209,3,4855.698092
54.216439,4,4855.848072
54.216439,4,4856.033037
57.967614,5,4856.088122
-13.476791,3,4856.233889
54.216439,4,4856.297026
50.605209,3,4856.572096
51.523209,3,4856.780836
51.523209,3,4857.079938
54.216439,4,4857.145065
54.216439,4,4857.300327
51.523209,3,4857.413768
54.216439,4,4857.56453
-13.476791,3,4857.629796
53.400439,4,4857.781709
53.196439,4,4857.997863
57.967614,5,4858.068509
54.216439,4,4858.148309
54.216439,4,4858.2103
51.523209,3,4858.391142
50.503209,3,4858.676728
-14.190791,3,4858.719315
54.216439,4,4858.868633
57.967614,5,4858.936902
-13.476791,3,4859.046676
54.216439,4,4859.197825
54.216439,4,4859.355749
54.216439,4,4859.54021
-13.476791,3,4859.581811
50.503209,3,4859.864499
53.400439,4,4859.940293
57.967614,5,4859.999421
54.216439,4,4860.154454
54.216439,4,4860.314606
54.216439,4,4860.387763
51.523209,3,4860.662517
54.216439,4,4860.820837
-13.476791,3,4860.944284
57.967614,5,4861.00194
-7.848386,5,4861.33378
57.967614,5,4861.389436
54.216439,4,4861.430636
-13.476791,3,4861.487784
-13.703172,3,4861.527606
51.523209,3,4861.82281
-7.032386,5,4862.091268
53.502439,4,4862.285125
-13.476791,3,4862.387825
-7.032386,5,4862.686827
54.216439,4,4862.834748
54.216439,4,4862.988434
54.216439,4,4863.14017
54.216439,4,4863.234723
-13.476791,3,4863.537858
-14.190791,3,4863.579912
54.216439,4,4863.729452
54.216439,4,4863.896844
54.216439,4,4864.054619
54.216439,4,4864.219256
51.523209,3,4864.507656
54.216439,4,4864.696054
54.216439,4,4864.814354
-7.032386,5,4865.143263
54.216439,4,4865.204767
-13.476791,3,4865.352576
57.967614,5,4865.515462
54.216439,4,4865.587253
57.967614,5,4865.659852
-13.476791,3,4865.808292
51.523209,3,4865.897802
51.523209,3,4866.116379
-14.394791,3,4866.1615
51.523209,3,4866.355547
-13.476791,3,4866.447186
-13.703172,3,4866.492357
54.216439,4,4866.587819
54.216439,4,4866.736711
-7.032386,5,4867.041199
57.967614,5,4867.097123
-13.476791,3,4867.414436
54.216439,4,4867.476532
54.216439,4,4867.541626
54.216439,4,4867.693167
-13.476791,3,4867.753836
57.967614,5,4867.820321
-13.476791,3,4867.865098
54.216439,4,4868.006466
-13.476791,3,4868.056286
-14.496791,3,4868.235595
51.523209,3,4868.507745
54.216439,4,4868.58236
57.967614,5,4868.648506
-13.476791,3,4868.827742
-13.476791,3,4868.910885
54.216439,4,4869.067132
-11.406726,4,4869.117299
57.967614,5,4869.193914
-14.496791,3,4869.364099
57.967614,5,4869.436327
54.216439,4,4869.615786
54.216439,4,4869.659351
54.216439,4,4869.721433
-14.139791,3,4869.927977
-13.476791,3,4870.083458
54.216439,4,4870.147907
-13.740902,3,4870.188475
-13.627712,3,4870.230049
-13.476791,3,4870.294113
51.523209,3,4870.405518
54.216439,4,4870.57511
54.216439,4,4870.667876
53.29844,4,4870.755002
54.216439,4,4870.899514
54.216439,4,4870.970636
54.216439,4,4871.011235
54.216439,4,4871.212278
-13.476791,3,4871.469375
57.967614,5,4871.526893
-13.476791,3,4871.675134
54.216439,4,4871.730508
57.967614,5,4871.806483
-13.476791,3,4871.883231
51.523209,3,4872.062589
54.216439,4,4872.21702
54.216439,4,4872.293131
-13.476791,3,4872.441221
54.216439,4,4872.51405
57.967614,5,4872.582896
54.216439,4,4872.771698
54.216439,4,4872.833702
-13.476791,3,4873.111531
-11.199004,4,4873.187995
51.523209,3,4873.277711
54.216439,4,4873.427866
54.216439,4,4873.494956
-13.476791,3,4873.538349
57.967614,5,4873.609962
-7.032386,5,4873.938396
57.967614,5,4873.99399
51.523209,3,4874.277034
54.216439,4,4874.424349
57.967614,5,4874.492504
-13.740902,3,4874.541863
-13.476791,3,4874.844675
-13.476791,3,4874.896781
54.216439,4,4875.054298
53.29844,4,4875.209852
-13.476791,3,4875.296478
-13.627712,3,4875.352139
54.216439,4,4875.511527
54.216439,4,4875.654348
-13.476791,3,4875.707022
-13.627712,3,4875.780632
-13.476791,3,4875.947778
-8.407468,5,4876.016874
51.523209,3,4876.317686
53.55344,4,4876.46982
-13.627712,3,4876.526062
51.523209,3,4876.812072
-13.476791,3,4876.903306
-7.032386,5,4877.190856
-7.032386,5,4877.499658
50.503209,3,4877.77467
54.216439,4,4877.851403
-13.476791,3,4878.044538
54.216439,4,4878.088137
57.967614,5,4878.155167
54.216439,4,4878.207124
-13.703172,3,4878.249712
54.216439,4,4878.334221
54.216439,4,4878.452473
-13.476791,3,4878.495008
54.216439,4,4878.567111
51.523209,3,4878.662955
54.216439,4,4878.745249
54.216439,4,4878.905114
-13.476791,3,4878.992641
57.967614,5,4879.059777
57.967614,5,4879.125426
50.605209,3,4879.422853
57.967614,5,4879.497955
-13.476791,3,4879.833812
54.216439,4,4880.002698
51.523209,3,4880.280825
-8.407468,5,4880.340034
-10.783561,4,4880.52959
-13.476791,3,4880.570124
54.216439,4,4880.729404
54.216439,4,4880.794526
57.967614,5,4880.86173
54.216439,4,4881.012343
-10.783561,4,4881.155739
54.216439,4,4881.219333
57.967614,5,4881.289914
-7.032386,5,4881.573974
54.216439,4,4881.644103
59.099294,6,4881.707234
-7.032386,5,4882.035396
-7.032386,5,4882.389923
57.967614,5,4882.444648
54.216439,4,4882.594132
-14.139791,3,4882.743831
54.216439,4,4882.80693
-13.476791,3,4882.871528
57.967614,5,4882.936557
-13.476791,3,4882.990774
-13.703172,3,4883.029029
-7.032386,5,4883.430465
51.523209,3,4883.744096
54.216439,4,4883.832731
57.967614,5,4883.903395
57.967614,5,4883.969977
54.216439,4,4884.071371
-13.476791,3,4884.115957
-10.783561,4,4884.336329
-13.476791,3,4884.427227
-7.032386,5,4884.815409
54.216439,4,4884.960261
57.967614,5,4885.026112
54.216439,4,4885.184375
57.967614,5,4885.243904
54.216439,4,4885.390673
54.216439,4,4885.457762
54.216439,4,4885.513527
54.216439,4,4885.680413
54.216439,4,4885.831982
51.523209,3,4886.104341
51.523209,3,4886.354673
57.967614,5,4886.425304
-13.476791,3,4886.518361
-13.476791,3,4886.563444
54.216439,4,4886.619803
51.523209,3,4886.90606
54.216439,4,4887.063743
57.967614,5,4887.135382
57.967614,5,4887.190891
57.967614,5,4887.262232
54.216439,4,4887.350656
54.216439,4,4887.42527
-13.476791,3,4887.511967
-13.476791,3,4887.802483
54.216439,4,4887.867666
-13.476791,3,4888.145437
54.216439,4,4888.294435
-13.476791,3,4888.586442
54.216439,4,4888.739603
54.216439,4,4888.875744
54.216439,4,4889.062201
54.216439,4,4889.214667
-13.476791,3,4889.259948
54.216439,4,4889.317051
54.216439,4,4889.38171
-13.476791,3,4889.664791
-13.627712,3,4889.71982
54.216439,4,4889.814461
-13.476791,3,4889.881434
51.523209,3,4890.174843
54.008717,4,4890.394051
-7.425267,5,4890.497624
54.216439,4,4890.689812
57.967614,5,4890.783236
54.216439,4,4890.83584
51.523209,3,4890.961796
-13.627712,3,4891.04643
57.967614,5,4891.108556
-14.723172,3,4891.155175
54.216439,4,4891.213299
54.216439,4,4891.277397
54.216439,4,4891.439421
54.216439,4,4891.53163
54.216439,4,4891.693891
54.216439,4,4891.774093
-13.476791,3,4892.112297
54.216439,4,4892.177028
54.216439,4,4892.240276
54.216439,4,4892.316371
-7.032386,5,4892.614308
54.216439,4,4892.746861
-13.476791,3,4892.870306
53.196439,4,4892.944158
-13.476791,3,4893.249834
54.216439,4,4893.381802
54.216439,4,4893.456426
54.216439,4,4893.626305
-13.476791,3,4893.679025
-14.496791,3,4893.735452
54.216439,4,4893.825147
-13.476791,3,4893.973413
54.216439,4,4894.126021
54.216439,4,4894.187024
54.216439,4,4894.229458
54.216439,4,4894.288332
-13.476791,3,4894.33037
-13.627712,3,4894.382458
54.216439,4,4894.448266
54.216439,4,4894.526109
-13.476791,3,4894.617986
54.216439,4,4894.677791
54.216439,4,4894.863094
54.216439,4,4895.061133
54.216439,4,4895.213764
57.967614,5,4895.303963
-13.476791,3,4895.389356
-11.199004,4,4895.474576
54.216439,4,4895.564717
54.216439,4,4895.722023
54.216439,4,4895.781772
54.216439,4,4895.941446
-13.627712,3,4896.000333
-13.552251,3,4896.121281
54.216439,4,4896.277557
54.216439,4,4896.338187
-13.476791,3,4896.395286
54.216439,4,4896.537417
54.216439,4,4896.608026
54.216439,4,4896.683302
54.216439,4,4896.842973
-7.032386,5,4897.127648
54.216439,4,4897.19808
51.523209,3,4897.484887
-14.292791,3,4897.527439
-11.406726,4,4897.583102
57.967614,5,4897.660151
53.196439,4,4897.726064
54.216439,4,4897.78318
51.523209,3,4898.079171
54.216439,4,4898.142256
57.967614,5,4898.199344
-13.703172,3,4898.237524
54.216439,4,4898.303623
54.216439,4,4898.495329
54.216439,4,4898.652781
54.216439,4,4898.711742
54.216439,4,4898.857827
-13.627712,3,4899.04191
54.216439,4,4899.180173
54.216439,4,4899.325483
54.216439,4,4899.416493
-14.496791,3,4899.457065
-14.496791,3,4899.736028
54.216439,4,4899.879245
-13.476791,3,4899.922521
-11.510587,4,4899.963566
54.216439,4,4900.149585
57.967614,5,4900.213651
54.216439,4,4900.370896
54.216439,4,4900.54321
54.216439,4,4900.734364
54.216439,4,4900.805547
-13.476791,3,4901.106898
54.216439,4,4901.174014
-13.476791,3,4901.253824
54.216439,4,4901.40808
54.216439,4,4901.572618
54.216439,4,4901.727406
-13.476791,3,4901.785702
51.523209,3,4902.079267
57.967614,5,4902.149863
54.216439,4,4902.310709
54.216439,4,4902.478538
-10.991283,4,4902.797192
54.216439,4,4902.957473
54.216439,4,4903.011591
57.967614,5,4903.069993
54.216439,4,4903.211908
57.967614,5,4903.280749
54.216439,4,4903.43057
57.967614,5,4903.507161
54.216439,4,4903.578334
-10.783561,4,4903.671504
-14.292791,3,4903.761123
54.216439,4,4903.820166
57.967614,5,4903.8898
54.216439,4,4903.952502
54.216439,4,4904.099453
-13.740902,3,4904.143188
54.216439,4,4904.212303
54.216439,4,4904.372114
54.216439,4,4904.513565
-13.476791,3,4904.556182
-13.703172,3,4904.599596
57.967614,5,4904.669285
50.605209,3,4904.928752
51.523209,3,4905.301964
-13.476791,3,4905.344358
54.216439,4,4905.392303
57.967614,5,4905.455729
54.216439,4,4905.632666
57.967614,5,4905.714966
54.216439,4,4905.784714
57.967614,5,4905.840802
54.216439,4,4905.904451
54.216439,4,4906.081104
-14.519172,3,4906.123965
51.523209,3,4906.442549
54.216439,4,4906.608348
54.216439,4,4906.7962
59.099294,6,4906.856176
54.216439,4,4907.015769
-13.476791,3,4907.057866
54.216439,4,4907.20764
54.216439,4,4907.266456
54.216439,4,4907.391946
54.216439,4,4907.576264
54.216439,4,4907.660957
54.216439,4,4907.77935
-7.032386,5,4908.116826
53.55344,4,4908.287539
50.707209,3,4908.550077
54.216439,4,4908.703395
54.216439,4,4908.778593
54.216439,4,4908.82473
54.216439,4,4908.875492
54.216439,4,4909.046934
54.216439,4,4909.12561
-11.406726,4,4909.176691
57.967614,5,4909.252077
-11.406726,4,4909.301386
54.216439,4,4909.453615
57.967614,5,4909.510622
54.216439,4,4909.759653
54.216439,4,4909.834819
54.216439,4,4909.894045
54.216439,4,4910.082081
59.099294,6,4910.137374
54.216439,4,4910.282938
-7.032386,5,4910.656373
54.216439,4,4910.726776
54.216439,4,4910.874724
57.967614,5,4910.945101
-7.032386,5,4911.240364
-13.740902,3,4911.282557
54.216439,4,4911.430842
56.947614,5,4911.500449
-13.476791,3,4911.542722
-10.783561,4,4911.81626
54.216439,4,4911.976882
51.523209,3,4912.101514
-7.695386,5,4912.401299
54.216439,4,4912.513738
54.216439,4,4912.59092
54.216439,4,4912.746815
54.216439,4,4912.897111
-13.476791,3,4912.93874
54.216439,4,4913.03481
54.216439,4,4913.200611
54.216439,4,4913.359355
-7.032386,5,4913.664393
-13.740902,3,4913.704839
57.967614,5,4913.775506
54.216439,4,4913.827304
54.216439,4,4913.89647
54.216439,4,4913.967146
54.216439,4,4914.113642
54.216439,4,4914.25711
57.967614,5,4914.313292
51.523209,3,4914.57236
54.216439,4,4914.719498
-13.740902,3,4914.762578
53.400439,4,4914.950515
51.523209,3,4915.232971
51.523209,3,4915.613293
53.55344,4,4915.761992
54.216439,4,4915.916427
54.216439,4,4915.978134
-13.476791,3,4916.022281
-13.552251,3,4916.092292
-13.476791,3,4916.134718
57.967614,5,4916.194336
51.523209,3,4916.294154
-7.818147,5,4916.490538
-13.476791,3,4916.531907
51.523209,3,4916.764574
-13.476791,3,4916.953534
51.523209,3,4917.247965
57.967614,5,4917.313768
57.967614,5,4917.378334
-13.476791,3,4917.421147
57.967614,5,4917.493866
54.216439,4,4917.560395
-13.476791,3,4917.621705
-13.476791,3,4917.666491
51.523209,3,4917.75142
57.967614,5,4917.826794
54.216439,4,4917.890723
54.216439,4,4918.038342
54.216439,4,4918.113598
-11.199004,4,4918.191336
54.216439,4,4918.35817
51.523209,3,4918.712391
51.523209,3,4918.781669
57.967614,5,4918.853655
-7.032386,5,4919.14877
-13.740902,3,4919.193521
54.216439,4,4919.359554
54.216439,4,4919.434802
54.216439,4,4919.509774
-7.032386,5,4919.786442
54.216439,4,4919.852445
54.216439,4,4920.04322
-10.783561,4,4920.186793
51.523209,3,4920.472591
50.503209,3,4920.764898
-13.476791,3,4920.808418
-13.476791,3,4920.963722
50.809209,3,4921.253262
54.216439,4,4921.355274
-13.476791,3,4921.425981
54.216439,4,4921.574562
54.216439,4,4921.795232
-13.476791,3,4921.837899
54.216439,4,4921.991696
53.29844,4,4922.09287
54.216439,4,4922.158554
-8.407468,5,4922.213161
-13.476791,3,4922.267309
51.523209,3,4922.433396
54.216439,4,4922.584974
-7.032386,5,4922.943472
54.216439,4,4923.009565
54.216439,4,4923.161344
51.523209,3,4923.302156
50.860209,3,4923.450852
54.216439,4,4923.623798
-13.476791,3,4923.772576
54.216439,4,4923.951893
51.523209,3,4924.104309
-7.032386,5,4924.386502
-13.476791,3,4924.445735
-13.476791,3,4924.502415
-13.476791,3,4924.553344
57.967614,5,4924.611472
-13.627712,3,4924.666597
-13.476791,3,4924.710416
57.967614,5,4924.783386
57.967614,5,4924.852079
-13.476791,3,4924.894294
54.216439,4,4925.067449
54.216439,4,4925.152
54.216439,4,4925.226433
54.216439,4,4925.389744
54.216439,4,4925.548197
-13.627712,3,4925.611444
-13.476791,3,4925.765594
-13.476791,3,4925.807911
51.523209,3,4926.048124
57.967614,5,4926.117247
54.216439,4,4926.18854
-14.403902,3,4926.227805
51.523209,3,4926.514621
51.523209,3,4926.785656
54.216439,4,4926.96863
-10.783561,4,4927.175246
-13.476791,3,4927.218322
54.216439,4,4927.282457
50.605209,3,4927.537279
-14.139791,3,4927.601994
54.216439,4,4927.761402
57.049614,5,4927.794947
-13.703172,3,4927.834043
54.216439,4,4927.904246
54.216439,4,4927.947323
54.216439,4,4928.017464
-7.032386,5,4928.317417
54.216439,4,4928.480587
54.216439,4,4928.660889
54.216439,4,4928.834236
-13.476791,3,4928.983294
54.216439,4,4929.151047
54.216439,4,4929.210165
54.216439,4,4929.380374
-13.476791,3,4929.428009
54.216439,4,4929.576419
-13.476791,3,4929.810403
57.967614,5,4929.874651
-11.199004,4,4929.927768
53.55344,4,4930.083608
-13.476791,3,4930.170239
53.55344,4,4930.369764
54.216439,4,4930.429369
54.216439,4,4930.582238
54.216439,4,4930.731197
-13.476791,3,4930.774132
57.967614,5,4930.847895
54.216439,4,4931.081545
53.55344,4,4931.229781
54.216439,4,4931.398167
-11.510587,4,4931.435742
54.216439,4,4931.594632
54.216439,4,4931.657756
54.216439,4,4931.81391
54.216439,4,4931.88154
57.151614,5,4931.951677
54.216439,4,4932.119383
54.216439,4,4932.26716
54.216439,4,4932.416501
57.967614,5,4932.486629
54.216439,4,4932.643626
54.216439,4,4932.706758
54.216439,4,4932.848485
54.216439,4,4932.915092
-11.44656,4,4932.967552
57.967614,5,4933.027836
51.523209,3,4933.309477
-13.476791,3,4933.368569
54.216439,4,4933.524905
54.216439,4,4933.683317
57.967614,5,4933.749452
54.216439,4,4933.899701
-7.032386,5,4934.28016
51.523209,3,4934.478309
54.216439,4,4934.677925
54.216439,4,4934.741614
54.216439,4,4934.892761
57.967614,5,4934.96238
54.216439,4,4935.025494
54.216439,4,4935.176209
54.216439,4,4935.326262
57.967614,5,4935.39999
54.216439,4,4935.470346
57.967614,5,4935.542175
-7.425267,5,4935.626377
-13.476791,3,4935.728805
-13.627712,3,4935.778093
54.216439,4,4935.845897
-11.510587,4,4935.889479
-13.476791,3,4936.181408
54.216439,4,4936.242107
-13.476791,3,4936.511699
57.967614,5,4936.5638
57.967614,5,4936.623629
51.523209,3,4936.920909
-13.476791,3,4936.987559
57.967614,5,4937.056931
57.049614,5,4937.125611
54.216439,4,4937.190289
54.216439,4,4937.254229
-7.032386,5,4937.553847
51.523209,3,4937.840696
54.216439,4,4937.903809
51.523209,3,4938.181542
-7.032386,5,4938.561436
54.216439,4,4938.728846
-13.703172,3,4938.766558
54.216439,4,4938.919983
57.967614,5,4938.987643
53.29844,4,4939.136311
-13.476791,3,4939.203341
54.216439,4,4939.372777
54.216439,4,4939.435768
51.523209,3,4939.625723
-13.476791,3,4939.773166
51.523209,3,4939.948187
-13.476791,3,4939.991795
54.216439,4,4940.049897
-7.032386,5,4940.347085
57.967614,5,4940.40509
54.216439,4,4940.478723
-7.032386,5,4940.819491
54.216439,4,4940.981101
-7.032386,5,4941.345146
53.55344,4,4941.527938
54.216439,4,4941.674886
54.216439,4,4941.732969
54.216439,4,4941.799816
57.967614,5,4941.857322
51.523209,3,4942.114877
51.523209,3,4942.282994
57.967614,5,4942.359674
54.216439,4,4942.49683
-14.139791,3,4942.562072
54.216439,4,4942.673845
54.216439,4,4942.831055
57.967614,5,4942.887079
51.523209,3,4943.180785
51.523209,3,4943.450285
54.216439,4,4943.524285
54.216439,4,4943.584409
54.216439,4,4943.717053
-13.627712,3,4943.762151
51.523209,3,4944.042656
57.967614,5,4944.107291
54.216439,4,4944.174528
57.967614,5,4944.242727
57.967614,5,4944.321832
-11.199004,4,4944.507802
51.523209,3,4944.79803
-13.476791,3,4944.896044
-13.703172,3,4944.938879
54.216439,4,4945.018241
53.502439,4,4945.080421
-11.510587,4,4945.119465
54.216439,4,4945.260247
54.216439,4,4945.402631
54.216439,4,4945.593665
-13.740902,3,4945.631789
57.967614,5,4945.697378
57.967614,5,4945.753523
54.216439,4,4945.820373
54.216439,4,4945.986133
54.216439,4,4946.048753
54.216439,4,4946.195759
54.216439,4,4946.256865
-13.627712,3,4946.295038
57.967614,5,4946.359612
-7.032386,5,4946.635217
57.967614,5,4946.695299
-13.552251,3,4946.751507
54.216439,4,4946.80548
54.216439,4,4946.957142
51.523209,3,4947.192228
-13.476791,3,4947.232275
57.967614,5,4947.298849
51.523209,3,4947.459721
-10.783561,4,4947.589404
54.216439,4,4947.745634
-7.032386,5,4948.106009
57.967614,5,4948.185636
57.967614,5,4948.242552
54.008717,4,4948.383659
54.216439,4,4948.449832
54.216439,4,4948.602934
-13.627712,3,4948.658559
57.967614,5,4948.72973
51.523209,3,4949.091983
-13.476791,3,4949.148077
57.967614,5,4949.215371
57.967614,5,4949.283731
54.216439,4,4949.350512
-13.476791,3,4949.441142
54.216439,4,4949.601648
57.967614,5,4949.677717
-13.552251,3,4949.750206
-13.476791,3,4949.792274
-13.476791,3,4950.086754
-13.627712,3,4950.143833
-13.703172,3,4950.184984
54.216439,4,4950.332837
-10.783561,4,4950.554062
50.809209,3,4950.759756
57.967614,5,4950.819847
-13.627712,3,4950.858891
50.860209,3,4950.948194
-13.476791,3,4951.002027
54.216439,4,4951.130133
54.216439,4,4951.183882
51.523209,3,4951.464833
51.523209,3,4951.574451
-13.552251,3,4951.648899
-13.740902,3,4951.690535
54.216439,4,4951.839638
-13.476791,3,4951.989449
-11.406726,4,4952.03791
54.216439,4,4952.191816
54.216439,4,4952.256478
54.216439,4,4952.403723
51.523209,3,4952.561867
54.216439,4,4952.63581
54.216439,4,4952.871821
57.967614,5,4952.939492
51.523209,3,4953.099819
-13.476791,3,4953.321231
54.216439,4,4953.473165
51.523209,3,4953.762538
54.216439,4,4953.81565
-14.139791,3,4953.868702
51.523209,3,4954.130516
51.523209,3,4954.354995
54.216439,4,4954.417862
-13.476791,3,4954.460433
57.967614,5,4954.518216
-7.032386,5,4954.883988
54.216439,4,4955.033961
-13.476791,3,4955.33514
-11.406726,4,4955.390267
-13.476791,3,4955.702915
51.523209,3,4955.789545
57.967614,5,4955.858657
54.216439,4,4956.050682
54.216439,4,4956.196407
-7.032386,5,4956.466523
54.216439,4,4956.582388
54.216439,4,4956.76614
57.967614,5,4956.834757
54.216439,4,4956.994187
51.523209,3,4957.188932
54.216439,4,4957.316082
57.967614,5,4957.386393
-13.476791,3,4957.485745
-14.139791,3,4957.775637
-7.032386,5,4958.131791
-7.032386,5,4958.486748
57.967614,5,4958.560413
51.523209,3,4958.84798
-13.627712,3,4958.903143
-11.497561,4,4959.126097
54.216439,4,4959.200707
54.216439,4,4959.270766
57.967614,5,4959.322325
-13.552251,3,4959.39292
-13.627712,3,4959.461022
-13.476791,3,4959.610134
51.523209,3,4959.890069
-13.627712,3,4959.962205
57.967614,5,4960.033867
57.967614,5,4960.104042
54.216439,4,4960.277469
-7.032386,5,4960.574468
-13.476791,3,4960.876381
-13.476791,3,4960.933034
-13.476791,3,4961.022578
-13.552251,3,4961.084637
54.216439,4,4961.261031
51.523209,3,4961.557512
-13.476791,3,4961.836584
-7.032386,5,4962.119721
57.049614,5,4962.191888
54.216439,4,4962.265905
-13.476791,3,4962.321244
54.216439,4,4962.394389
54.216439,4,4962.546719
-13.476791,3,4962.591558
54.216439,4,4962.654145
-11.510587,4,4962.697706
54.216439,4,4962.824461
54.216439,4,4963.0466
-13.476791,3,4963.211675
-13.476791,3,4963.270915
51.523209,3,4963.393846
54.216439,4,4963.546021
57.967614,5,4963.648558
54.216439,4,4963.907763
-13.476791,3,4963.96444
54.216439,4,4964.204416
50.707209,3,4964.341361
-8.407468,5,4964.468266
51.523209,3,4964.771085
54.216439,4,4964.821849
54.216439,4,4965.015442
51.523209,3,4965.304603
-13.476791,3,4965.373734
-7.032386,5,4965.675317
57.967614,5,4965.743972
54.216439,4,4965.80742
54.216439,4,4965.877864
54.216439,4,4965.963031
54.216439,4,4966.044172
53.502439,4,4966.189618
51.523209,3,4966.424698
54.216439,4,4966.613499
57.967614,5,4966.677251
-13.552251,3,4966.735584
57.967614,5,4966.802945
54.216439,4,4966.887769
-7.032386,5,4967.255514
54.216439,4,4967.414588
51.523209,3,4967.706953
51.523209,3,4967.998038
-13.476791,3,4968.286039
54.216439,4,4968.428302
54.216439,4,4968.516509
-13.476791,3,4968.559463
54.216439,4,4968.638294
-13.476791,3,4968.721185
-13.476791,3,4968.804347
54.216439,4,4968.954716
-13.476791,3,4969.044817
51.523209,3,4969.336261
-13.476791,3,4969.39739
-13.476791,3,4969.485583
53.29844,4,4969.64433
54.216439,4,4969.793011
57.967614,5,4969.871143
51.523209,3,4969.966863
-13.476791,3,4970.057238
54.216439,4,4970.125674
-7.032386,5,4970.410672
54.216439,4,4970.558736
54.216439,4,4970.728076
-13.476791,3,4970.77243
-7.032386,5,4971.15268
54.216439,4,4971.309865
54.216439,4,4971.475983
57.967614,5,4971.54994
-14.292791,3,4971.719842
51.523209,3,4971.861745
51.523209,3,4971.945125
51.523209,3,4972.243836
51.523209,3,4972.554408
-13.476791,3,4972.845192
54.216439,4,4972.996218
57.967614,5,4973.051311
51.523209,3,4973.363941
-13.476791,3,4973.539512
57.967614,5,4973.610883
-13.476791,3,4973.675479
57.967614,5,4973.735632
54.216439,4,4973.897955
54.216439,4,4974.0655
-13.476791,3,4974.214616
51.523209,3,4974.40416
-10.783561,4,4974.587833
-13.476791,3,4974.64659
-13.476791,3,4974.702527
54.216439,4,4974.852736
-13.476791,3,4975.153521
54.216439,4,4975.302616
54.216439,4,4975.378129
-13.476791,3,4975.664617
-13.627712,3,4975.705276
54.216439,4,4975.776941
-11.510587,4,4975.820704
57.967614,5,4975.885321
-13.476791,3,4976.184282
54.216439,4,4976.249757
57.967614,5,4976.318157
51.523209,3,4976.515459
54.216439,4,4976.585282
-11.199004,4,4976.748703
57.967614,5,4976.805778
51.523209,3,4976.990716
53.400439,4,4977.074109
51.523209,3,4977.366781
-13.476791,3,4977.429917
-7.032386,5,4977.767394
-13.476791,3,4977.861035
50.707209,3,4978.12183
51.523209,3,4978.400083
54.216439,4,4978.558765
54.216439,4,4978.69851
54.216439,4,4978.851472
-13.476791,3,4978.940092
51.523209,3,4979.199589
-13.476791,3,4979.476863
-10.783561,4,4979.640363
-13.476791,3,4979.697134
-13.476791,3,4979.746974
53.29844,4,4979.813598
-13.476791,3,4979.893573
-7.032386,5,4980.180588
54.216439,4,4980.251951
51.523209,3,4980.369888
51.523209,3,4980.652667
57.967614,5,4980.72289
54.216439,4,4980.871076
54.216439,4,4981.018173
-7.032386,5,4981.328662
-13.552251,3,4981.399896
-7.032386,5,4981.720312
54.216439,4,4981.797446
-7.032386,5,4982.090703
57.967614,5,4982.155866
54.216439,4,4982.21011
54.216439,4,4982.385449
54.216439,4,4982.428573
54.216439,4,4982.491029
54.216439,4,4982.586198
-13.476791,3,4982.774376
54.216439,4,4982.836483
57.967614,5,4982.902288
54.216439,4,4983.060755
57.049614,5,4983.12991
-13.476791,3,4983.178529
-10.991283,4,4983.225116
-7.032386,5,4983.638345
54.216439,4,4983.784097
-13.476791,3,4983.836213
54.216439,4,4984.008691
-13.476791,3,4984.083163
57.967614,5,4984.15315
53.196439,4,4984.339831
54.216439,4,4984.539574
57.967614,5,4984.632354
54.216439,4,4984.861605
54.216439,4,4985.067379
57.967614,5,4985.145769
54.216439,4,4985.304077
-13.476791,3,4985.527941
-10.783561,4,4985.749845
-13.476791,3,4985.908453
54.216439,4,4985.952529
-13.476791,3,4986.112887
51.523209,3,4986.21959
54.216439,4,4986.34127
54.216439,4,4986.428377
51.523209,3,4986.491623
51.523209,3,4986.774318
51.523209,3,4987.096781
-13.476791,3,4987.247159
54.216439,4,4987.308301
54.216439,4,4987.380962
-13.476791,3,4987.474831
57.967614,5,4987.543476
57.967614,5,4987.6166
-13.627712,3,4987.659683
-13.476791,3,4987.812447
-13.476791,3,4988.00467
-13.476791,3,4988.280519
54.216439,4,4988.441562
-13.476791,3,4988.495636
51.523209,3,4988.808536
54.216439,4,4988.87766
-7.032386,5,4989.190017
53.196439,4,4989.35447
-13.476791,3,4989.547098
54.216439,4,4989.708929
53.400439,4,4989.808989
-13.476791,3,4989.86244
54.216439,4,4990.002944
-13.476791,3,4990.148739
-7.032386,5,4990.44257
54.216439,4,4990.526862
57.967614,5,4990.583928
54.216439,4,4990.743814
-7.032386,5,4991.048869
51.523209,3,4991.336054
54.216439,4,4991.39518
57.967614,5,4991.462626
-13.476791,3,4991.649943
56.947614,5,4991.721277
51.523209,3,4992.042828
-13.476791,3,4992.370708
54.216439,4,4992.427427
-13.476791,3,4992.574765
-13.476791,3,4992.724123
-14.496791,3,4992.777285
-13.476791,3,4992.941493
51.523209,3,4993.031418
-13.476791,3,4993.224665
-13.476791,3,4993.42094
-7.032386,5,4993.715413
54.216439,4,4993.881298
57.967614,5,4993.948427
57.967614,5,4994.005168
-13.476791,3,4994.296788
-7.032386,5,4994.615715
-13.476791,3,4994.667749
-13.476791,3,4994.763157
54.216439,4,4994.824957
51.523209,3,4995.104931
-13.476791,3,4995.293089
51.523209,3,4995.390273
54.216439,4,4995.515639
54.216439,4,4995.576435
50.707209,3,4995.892149
57.967614,5,4995.961835
54.216439,4,4996.112974
54.216439,4,4996.274916
54.216439,4,4996.328552
-13.476791,3,4996.511702
-7.818147,5,4996.573802
-11.510587,4,4996.6169
-10.783561,4,4996.667981
-13.476791,3,4996.846953
54.216439,4,4996.91802
54.216439,4,4996.989947
54.216439,4,4997.131071
-13.476791,3,4997.315047
51.523209,3,4997.539774
-13.476791,3,4997.613921
-14.496791,3,4997.841876
-13.740902,3,4997.881943
-13.476791,3,4998.054516
57.967614,5,4998.12479
57.967614,5,4998.196221
-13.476791,3,4998.270809
-13.703172,3,4998.31301
51.523209,3,4998.41018
54.216439,4,4998.485367
-13.476791,3,4998.658842
-13.740902,3,4998.698029
54.216439,4,4998.874987
-8.052386,5,4999.250863
51.523209,3,4999.495721
54.216439,4,4999.655911
-14.190791,3,4999.713248
-13.476791,3,4999.767248
-13.476791,3,5000.068266
54.216439,4,5000.130833
-13.476791,3,5000.1732
-13.476791,3,5000.349926
54.216439,4,5000.412984
54.216439,4,5000.601438
54.216439,4,5000.751619
-13.476791,3,5001.053947
54.216439,4,5001.168872
54.216439,4,5001.235811
50.503209,3,5001.321465
-13.476791,3,5001.472037
57.967614,5,5001.539673
51.523209,3,5001.816288
54.216439,4,5001.884385
-7.032386,5,5002.306504
54.216439,4,5002.384647
-13.740902,3,5002.428545
-10.991283,4,5002.695909
-13.476791,3,5002.870602
-13.476791,3,5003.088822
54.216439,4,5003.233876
54.216439,4,5003.307643
-13.476791,3,5003.396044
54.216439,4,5003.434318
54.216439,4,5003.49796
54.216439,4,5003.779922
-7.032386,5,5004.141076
54.216439,4,5004.349692
57.967614,5,5004.408872
-13.476791,3,5004.450785
-13.476791,3,5004.515619
-13.476791,3,5004.808049
51.523209,3,5004.901761
-13.476791,3,5005.030145
-13.476791,3,5005.326021
-13.476791,3,5005.374592
-13.476791,3,5005.428942
51.523209,3,5005.706382
-10.783561,4,5005.796394
51.523209,3,5006.095923
57.967614,5,5006.162048
-13.476791,3,5006.388579
-13.476791,3,5006.468175
51.523209,3,5006.569751
-13.476791,3,5006.754558
53.400439,4,5006.906266
-13.476791,3,5007.08205
54.216439,4,5007.183795
54.216439,4,5007.242497
-13.476791,3,5007.4198
-13.476791,3,5007.463193
-13.476791,3,5007.633619
-10.783561,4,5007.853676
-7.032386,5,5008.208491
-7.032386,5,5008.513917
54.216439,4,5008.591101
57.967614,5,5008.646604
54.216439,4,5008.836385
-7.695386,5,5009.180026
51.523209,3,5009.292062
51.523209,3,5009.374879
51.523209,3,5009.579722
51.523209,3,5009.904074
57.967614,5,5009.970931
-14.496791,3,5010.141932
-11.510587,4,5010.183486
-13.476791,3,5010.483807
-13.476791,3,5010.663036
54.216439,4,5010.810688
-13.476791,3,5010.967612
54.216439,4,5011.039662
-13.476791,3,5011.092439
54.216439,4,5011.163054
-13.476791,3,5011.357019
-13.476791,3,5011.514919
57.967614,5,5011.592192
54.216439,4,5011.653787
-13.476791,3,5011.908341
-13.476791,3,5011.965046
-14.496791,3,5012.017739
54.216439,4,5012.169766
54.216439,4,5012.256195
54.216439,4,5012.327879
-13.476791,3,5012.640214
54.216439,4,5012.804693
54.216439,4,5012.896864
54.216439,4,5013.057609
51.523209,3,5013.155827
57.967614,5,5013.217512
-7.032386,5,5013.612482
-13.476791,3,5013.761575
51.523209,3,5013.841134
-13.476791,3,5014.124025
-13.627712,3,5014.165604
54.216439,4,5014.240818
57.967614,5,5014.309941
-13.476791,3,5014.496009
51.523209,3,5014.797046
51.523209,3,5015.092137
54.216439,4,5015.237988
54.216439,4,5015.393652
54.216439,4,5015.472006
-13.476791,3,5015.650863
53.502439,4,5015.90673
54.216439,4,5016.063608
54.216439,4,5016.208327
54.216439,4,5016.26705
-7.032386,5,5016.585943
57.967614,5,5016.652272
54.216439,4,5016.791057
54.216439,4,5016.870384
-7.032386,5,5017.350065
53.55344,4,5017.410668
51.523209,3,5017.674907
54.216439,4,5017.743219
54.216439,4,5017.805817
51.523209,3,5018.077163
54.216439,4,5018.313236
59.099294,6,5018.34328
57.967614,5,5018.417821
54.216439,4,5018.598093
54.216439,4,5018.668105
-7.032386,5,5019.06636
54.216439,4,5019.211026
54.216439,4,5019.288956
54.216439,4,5019.40405
54.216439,4,5019.479039
57.967614,5,5019.537831
57.967614,5,5019.608544
54.216439,4,5019.73742
57.967614,5,5019.808205
54.216439,4,5019.973225
-13.476791,3,5020.025924
54.216439,4,5020.196076
57.967614,5,5020.269717
54.216439,4,5020.353004
57.967614,5,5020.425863
53.196439,4,5020.584641
54.216439,4,5020.732081
54.216439,4,5020.92108
51.523209,3,5021.243315
54.216439,4,5021.480929
54.216439,4,5021.548707
54.216439,4,5021.702039
57.967614,5,5021.771347
57.967614,5,5021.851078
54.216439,4,5022.001414
57.967614,5,5022.071035
-10.783561,4,5022.120625
54.216439,4,5022.308072
-7.032386,5,5022.61448
54.216439,4,5022.739075
54.216439,4,5022.886741
56.947614,5,5022.954472
54.216439,4,5023.132782
51.523209,3,5023.269863
54.216439,4,5023.432891
54.216439,4,5023.631043
-7.032386,5,5023.969623
54.216439,4,5024.013192
56.947614,5,5024.084152
54.216439,4,5024.126409
54.216439,4,5024.345258
54.216439,4,5024.50294
50.605209,3,5024.769982
54.216439,4,5024.851516
-13.476791,3,5024.913535
-7.032386,5,5025.221735
54.216439,4,5025.327605
-13.476791,3,5025.490061
57.967614,5,5025.5697
57.967614,5,5025.630601
54.216439,4,5025.781062
-11.199004,4,5025.836414
-13.476791,3,5025.988179
54.216439,4,5026.134594
-7.032386,5,5026.462229
54.216439,4,5026.637101
54.216439,4,5026.71014
54.216439,4,5026.891224
51.523209,3,5026.983124
54.216439,4,5027.09888
-7.032386,5,5027.446337
54.216439,4,5027.634385
54.216439,4,5027.688181
-7.032386,5,5028.067858
-13.476791,3,5028.157823
51.523209,3,5028.460281
54.216439,4,5028.616529
53.29844,4,5028.729806
-13.476791,3,5028.884609
54.216439,4,5028.923173
54.008717,4,5029.022288
57.967614,5,5029.100831
54.216439,4,5029.256653
54.216439,4,5029.331809
51.523209,3,5029.415309
54.216439,4,5029.560534
54.216439,4,5029.791866
-10.783561,4,5029.886889
-13.476791,3,5030.099822
54.216439,4,5030.270963
54.216439,4,5030.390008
54.216439,4,5030.513878
54.216439,4,5030.579618
54.216439,4,5030.726742
-13.476791,3,5030.817494
-13.476791,3,5030.962637
54.216439,4,5031.116639
-13.476791,3,5031.172961
57.967614,5,5031.245287
51.523209,3,5031.519669
-10.783561,4,5031.701432
57.967614,5,5031.771253
-7.032386,5,5032.054038
-13.627712,3,5032.130185
51.523209,3,5032.220378
54.216439,4,5032.403817
54.216439,4,5032.561584
-13.476791,3,5032.770027
-13.476791,3,5032.824627
-13.476791,3,5032.971414
51.523209,3,5033.18708
-13.476791,3,5033.332019
53.196439,4,5033.406157
54.216439,4,5033.590626
53.502439,4,5033.744876
53.29844,4,5033.899831
51.523209,3,5034.183778
54.216439,4,5034.246969
-13.476791,3,5034.33621
54.216439,4,5034.397301
54.216439,4,5034.462341
53.196439,4,5034.523542
57.967614,5,5034.589627
-11.510587,4,5034.629686
-7.818147,5,5034.815027
-13.476791,3,5035.012953
54.216439,4,5035.196528
51.523209,3,5035.379813
54.216439,4,5035.536878
57.967614,5,5035.604483
-13.476791,3,5035.77241
-13.476791,3,5036.090327
50.809209,3,5036.394968
54.216439,4,5036.471439
54.216439,4,5036.541553
54.216439,4,5036.605158
-13.476791,3,5036.753886
-13.476791,3,5036.97531
54.216439,4,5037.050978
54.216439,4,5037.203756
54.216439,4,5037.345425
54.216439,4,5037.50246
-7.032386,5,5037.878823
57.253614,5,5037.947103
53.29844,4,5038.102503
-14.139791,3,5038.254701
54.216439,4,5038.318626
-13.476791,3,5038.510481
-13.476791,3,5038.678066
51.523209,3,5038.777772
54.216439,4,5038.835899
-13.476791,3,5039.01434
-7.032386,5,5039.327966
-13.476791,3,5039.62229
51.523209,3,5039.920531
-13.476791,3,5039.975729
-13.476791,3,5040.02291
54.216439,4,5040.18169
57.253614,5,5040.252927
57.967614,5,5040.325535
54.216439,4,5040.509077
-13.476791,3,5040.56088
57.967614,5,5040.617181
51.523209,3,5040.816096
54.216439,4,5040.881873
57.967614,5,5040.954955
-13.476791,3,5041.120387
54.216439,4,5041.181818
-7.032386,5,5041.454682
54.008717,4,5041.549902
57.967614,5,5041.61756
-13.476791,3,5041.763775
54.216439,4,5041.909953
-13.476791,3,5042.065456
51.523209,3,5042.328968
-13.476791,3,5042.48689
57.967614,5,5042.548604
-13.476791,3,5042.703851
57.967614,5,5042.77498
54.216439,4,5043.055007
54.216439,4,5043.206377
51.523209,3,5043.51621
57.967614,5,5043.639985
51.523209,3,5043.94142
-13.476791,3,5044.002041
54.216439,4,5044.121892
54.216439,4,5044.179629
-13.476791,3,5044.344761
54.216439,4,5044.511602
-7.032386,5,5044.818008
54.216439,4,5044.989695
-14.190791,3,5045.095842
-13.476791,3,5045.285211
51.523209,3,5045.446743
-13.552251,3,5045.496128
57.967614,5,5045.572875
-13.476791,3,5045.626601
57.967614,5,5045.696695
-13.476791,3,5045.781905
50.809209,3,5046.165653
-13.476791,3,5046.35091
57.967614,5,5046.420062
-14.292791,3,5046.474046
51.523209,3,5046.661038
-13.627712,3,5046.738552
50.605209,3,5046.852517
54.216439,4,5046.960242
57.967614,5,5047.049945
-13.476791,3,5047.209988
57.967614,5,5047.280144
51.523209,3,5047.48052
-13.476791,3,5047.547165
57.967614,5,5047.61484
-13.476791,3,5047.815258
-13.476791,3,5047.872612
-10.783561,4,5047.961741
-13.476791,3,5048.098348
-13.476791,3,5048.139955
-13.476791,3,5048.357787
-7.032386,5,5048.680078
-7.032386,5,5049.117779
51.523209,3,5049.392626
-13.476791,3,5049.596522
-13.476791,3,5049.635705
-13.476791,3,5049.782824
-7.032386,5,5050.058305
-13.476791,3,5050.241484
-13.476791,3,5050.423854
-13.476791,3,5050.511875
-13.476791,3,5050.685947
-13.476791,3,5050.739748
57.967614,5,5050.809712
57.967614,5,5050.870329
-13.476791,3,5050.950089
-13.476791,3,5051.014715
57.967614,5,5051.071038
-13.476791,3,5051.216369
-13.476791,3,5051.394162
-13.476791,3,5051.440753
-13.476791,3,5051.602774
-7.032386,5,5051.885549
-7.032386,5,5052.263088
-13.476791,3,5052.445375
53.502439,4,5052.596532
-13.476791,3,5052.865315
-13.476791,3,5052.922081
-13.476791,3,5053.20609
-13.476791,3,5053.399837
51.523209,3,5053.495155
57.967614,5,5053.558777
57.967614,5,5053.614896
-7.032386,5,5053.969904
51.523209,3,5054.253435
-13.703172,3,5054.294321
-8.407468,5,5054.358404
54.216439,4,5054.506831
-13.476791,3,5054.560941
53.502439,4,5054.628229
-13.476791,3,5054.787553
-13.476791,3,5054.843304
-7.032386,5,5055.154236
57.967614,5,5055.227139
57.967614,5,5055.293707
54.216439,4,5055.444318
-13.476791,3,5055.61127
54.216439,4,5055.764131
54.216439,4,5055.823143
57.967614,5,5055.901262
-13.476791,3,5056.067111
51.523209,3,5056.193027
51.523209,3,5056.467326
51.523209,3,5056.738589
57.967614,5,5056.802861
51.523209,3,5057.087135
51.523209,3,5057.364451
51.523209,3,5057.641522
54.216439,4,5057.796994
51.523209,3,5058.079678
-13.476791,3,5058.393441
54.216439,4,5058.469697
57.967614,5,5058.527142
-14.292791,3,5058.776338
54.216439,4,5058.92084
53.29844,4,5059.069963
-13.476791,3,5059.223479
-13.476791,3,5059.279931
-13.703172,3,5059.319766
54.216439,4,5059.443977
-14.470251,3,5059.560306
57.967614,5,5059.631478
51.523209,3,5059.764848
-13.476791,3,5059.940898
54.216439,4,5060.006204
-13.476791,3,5060.061069
51.523209,3,5060.362108
53.400439,4,5060.512425
-13.476791,3,5060.556266
-13.476791,3,5060.62195
51.523209,3,5060.718087
57.967614,5,5060.787217
54.216439,4,5060.825318
-13.476791,3,5061.102233
-13.476791,3,5061.146319
54.216439,4,5061.198784
53.196439,4,5061.380187
54.216439,4,5061.525688
54.216439,4,5061.671663
57.967614,5,5061.738306
-13.476791,3,5061.803526
-13.476791,3,5061.989735
-13.476791,3,5062.076591
-13.476791,3,5062.223499
51.523209,3,5062.510036
-13.476791,3,5062.680153
54.216439,4,5062.763586
-13.476791,3,5062.848466
57.967614,5,5062.916559
-13.476791,3,5063.061657
57.967614,5,5063.128781
-10.783561,4,5063.216162
54.216439,4,5063.301396
-13.740902,3,5063.343802
54.216439,4,5063.428792
54.216439,4,5063.592105
-13.476791,3,5063.687598
51.523209,3,5063.998751
51.523209,3,5064.2352
57.967614,5,5064.320101
-13.476791,3,5064.382132
-14.496791,3,5064.609742
54.216439,4,5064.776782
57.967614,5,5064.878645
-13.476791,3,5065.08199
-13.476791,3,5065.150783
54.216439,4,5065.232293
50.809209,3,5065.436554
-13.476791,3,5065.668529
51.523209,3,5065.984727
-13.476791,3,5066.181315
-13.476791,3,5066.225946
-14.139791,3,5066.400066
53.29844,4,5066.5647
53.400439,4,5066.63896
57.967614,5,5066.702972
54.216439,4,5066.885084
-13.476791,3,5067.056573
54.216439,4,5067.206876
-13.476791,3,5067.357884
-13.476791,3,5067.41357
-13.476791,3,5067.571608
-13.476791,3,5067.755761
-7.032386,5,5068.103484
-13.476791,3,5068.248185
57.967614,5,5068.320144
57.967614,5,5068.378559
54.216439,4,5068.543026
-13.476791,3,5068.692938
-13.476791,3,5068.755486
57.967614,5,5068.8267
-14.394791,3,5069.024504
57.967614,5,5069.097257
-13.476791,3,5069.147509
57.967614,5,5069.219768
51.523209,3,5069.356731
54.216439,4,5069.51105
54.216439,4,5069.670125
54.216439,4,5069.730273
-13.476791,3,5069.803408
54.216439,4,5069.842821
51.523209,3,5070.018512
54.216439,4,5070.17155
-13.476791,3,5070.344864
54.216439,4,5070.494759
-14.621172,3,5070.533999
57.967614,5,5070.594758
-13.476791,3,5070.660864
-10.783561,4,5070.960944
57.967614,5,5071.018437
-13.476791,3,5071.077733
-13.476791,3,5071.183771
-13.476791,3,5071.391283
-13.476791,3,5071.687915
51.523209,3,5071.948671
-13.476791,3,5072.037086
54.216439,4,5072.087815
54.216439,4,5072.288933
-13.476791,3,5072.343529
57.967614,5,5072.41243
54.216439,4,5072.571654
54.216439,4,5072.649827
51.523209,3,5072.91838
-13.627712,3,5072.959951
-10.783561,4,5073.159091
-13.476791,3,5073.349892
-13.476791,3,5073.396518
51.523209,3,5073.498041
-13.476791,3,5073.58782
54.216439,4,5073.772993
51.523209,3,5074.078306
-13.476791,3,5074.389812
54.216439,4,5074.541289
-13.476791,3,5074.692084
54.216439,4,5074.877675
54.216439,4,5075.036047
-13.476791,3,5075.218174
57.967614,5,5075.283137
54.216439,4,5075.447355
54.216439,4,5075.597066
54.216439,4,5075.760588
51.523209,3,5075.851755
-13.476791,3,5075.908709
54.216439,4,5075.947411
51.523209,3,5076.230799
54.216439,4,5076.420511
-13.476791,3,5076.512412
-14.292791,3,5076.723128
-13.476791,3,5076.768696
51.523209,3,5076.96606
-13.476791,3,5077.141453
57.967614,5,5077.201827
57.967614,5,5077.271941
-7.032386,5,5077.667472
-13.476791,3,5077.840976
-13.552251,3,5077.91145
-13.476791,3,5078.074558
-13.703172,3,5078.118707
57.967614,5,5078.179081
-12.173587,4,5078.22155
57.967614,5,5078.294123
57.304614,5,5078.372016
-7.032386,5,5078.78299
-7.032386,5,5079.083169
57.967614,5,5079.152197
-13.476791,3,5079.326679
-14.139791,3,5079.611224
54.216439,4,5079.776123
-13.476791,3,5079.84476
-13.476791,3,5079.886825
54.216439,4,5079.946975
51.523209,3,5080.261612
51.523209,3,5080.392874
54.216439,4,5080.438449
51.523209,3,5080.528955
54.216439,4,5080.59455
-13.476791,3,5080.641506
-13.476791,3,5080.791292
-13.476791,3,5081.00217
-13.476791,3,5081.156425
54.216439,4,5081.230534
-13.476791,3,5081.275764
-13.476791,3,5081.333196
51.523209,3,5081.544511
-14.394791,3,5081.829786
-7.032386,5,5082.138527
-13.476791,3,5082.32507
54.216439,4,5082.484541
51.523209,3,5082.568663
-14.139791,3,5082.758608
-13.476791,3,5082.820914
57.967614,5,5082.891455
57.967614,5,5082.96109
54.216439,4,5083.030814
54.216439,4,5083.186977
-7.032386,5,5083.472776
-13.476791,3,5083.513869
57.049614,5,5083.585003
57.151614,5,5083.643602
-13.476791,3,5083.704224
51.523209,3,5083.987529
-13.476791,3,5084.186059
-13.476791,3,5084.228257
-13.476791,3,5084.383186
57.967614,5,5084.455826
54.216439,4,5084.516687
-13.476791,3,5084.676094
-13.476791,3,5084.738273
-14.215251,3,5084.826458
-13.476791,3,5085.009815
-13.476791,3,5085.218019
53.55344,4,5085.382476
-13.476791,3,5085.668952
57.967614,5,5085.726556
54.216439,4,5085.784645
-13.476791,3,5085.853868
-7.032386,5,5086.158638
-13.476791,3,5086.305143
-13.476791,3,5086.34687
54.216439,4,5086.424132
-13.552251,3,5086.541617
-13.476791,3,5086.694421
54.216439,4,5086.843071
-13.476791,3,5086.999984
-13.476791,3,5087.15169
-13.476791,3,5087.301201
-13.476791,3,5087.487962
54.216439,4,5087.553296
-13.476791,3,5087.700068
57.967614,5,5087.761418
-13.476791,3,5087.934973
-13.476791,3,5087.9956
-13.476791,3,5088.177691
-13.476791,3,5088.305897
-13.476791,3,5088.465153
-13.476791,3,5088.521111
-13.476791,3,5088.577888
-13.476791,3,5088.796964
-13.476791,3,5088.985819
54.216439,4,5089.164411
-13.476791,3,5089.340942
57.967614,5,5089.436195
51.523209,3,5089.624443
-13.476791,3,5089.822908
-13.476791,3,5089.897216
-13.476791,3,5089.937424
-13.476791,3,5090.161735
-13.476791,3,5090.361229
54.216439,4,5090.417647
-13.476791,3,5090.591325
-7.032386,5,5091.003722
-13.476791,3,5091.183023
51.523209,3,5091.286423
57.967614,5,5091.346938
-13.476791,3,5091.494968
54.216439,4,5091.568212
-13.476791,3,5091.622838
-7.032386,5,5091.930251
-13.627712,3,5092.005189
54.216439,4,5092.202293
-13.476791,3,5092.391914
53.400439,4,5092.465647
57.967614,5,5092.524541
51.523209,3,5092.845938
54.216439,4,5093.037088
-8.211028,5,5093.083956
57.967614,5,5093.153994
57.967614,5,5093.227215
51.523209,3,5093.539107
54.216439,4,5093.689191
-13.552251,3,5093.888766
54.216439,4,5094.038447
51.523209,3,5094.336451
-13.476791,3,5094.496174
-13.476791,3,5094.552961
57.967614,5,5094.620957
-13.476791,3,5094.769178
-13.476791,3,5094.824924
53.502439,4,5094.887921
51.523209,3,5095.175242
54.216439,4,5095.315074
54.216439,4,5095.499841
57.967614,5,5095.570067
54.216439,4,5095.685766
54.216439,4,5095.792084
-13.476791,3,5095.938306
-13.476791,3,5096.110648
54.216439,4,5096.315213
54.216439,4,5096.372853
51.523209,3,5096.626925
57.967614,5,5096.6927
57.967614,5,5096.760309
54.216439,4,5096.876565
57.967614,5,5096.930631
-13.476791,3,5097.163685
54.216439,4,5097.305482
53.400439,4,5097.456361
-13.476791,3,5097.647573
-13.476791,3,5097.702094
-14.139791,3,5097.874063
57.967614,5,5097.941851
51.523209,3,5098.165185
57.967614,5,5098.236388
54.216439,4,5098.390833
-11.199004,4,5098.444493
51.523209,3,5098.736256
59.099294,6,5098.793375
57.967614,5,5098.863094
57.967614,5,5098.92576
54.216439,4,5098.986143
-13.476791,3,5099.134228
57.967614,5,5099.208084
54.216439,4,5099.365603
54.216439,4,5099.432206
57.967614,5,5099.4863
54.216439,4,5099.665676
-13.476791,3,5099.755321
54.216439,4,5099.849947
54.216439,4,5099.998078
54.216439,4,5100.114773
53.29844,4,5100.174926
51.523209,3,5100.470679
54.216439,4,5100.543793
-13.476791,3,5100.721079
57.967614,5,5100.777184
57.967614,5,5100.844284
-13.476791,3,5101.050749
-7.032386,5,5101.422424
57.967614,5,5101.500561
57.967614,5,5101.560157
-7.032386,5,5101.848982
54.216439,4,5101.993757
-13.476791,3,5102.135557
-13.476791,3,5102.320178
-13.476791,3,5102.504017
-13.476791,3,5102.557095
-13.476791,3,5102.59865
-13.476791,3,5102.780005
-13.476791,3,5102.974538
-13.476791,3,5103.140677
54.216439,4,5103.28317
-13.476791,3,5103.337241
-13.476791,3,5103.376815
-13.476791,3,5103.52394
57.967614,5,5103.590454
-14.190791,3,5103.784633
57.967614,5,5103.852737
-8.211028,5,5103.976053
-13.476791,3,5104.150643
54.216439,4,5104.235633
54.216439,4,5104.391629
50.809209,3,5104.458889
50.503209,3,5104.805493
57.967614,5,5104.875627
-14.292791,3,5104.969895
-13.476791,3,5105.032314
54.216439,4,5105.112368
-13.476791,3,5105.294903
-13.476791,3,5105.343085
51.523209,3,5105.618483
-13.476791,3,5105.673608
-13.476791,3,5105.820916
-13.476791,3,5105.985735
57.967614,5,5106.052458
57.967614,5,5106.121761
-13.476791,3,5106.165372
-13.476791,3,5106.44719
-13.476791,3,5106.722136
54.216439,4,5106.868768
-13.476791,3,5106.91171
-13.476791,3,5106.967292
-13.476791,3,5107.258575
57.049614,5,5107.328344
54.216439,4,5107.486717
-7.032386,5,5107.779986
-13.476791,3,5107.822058
-13.476791,3,5107.968074
-13.476791,3,5108.23038
-13.476791,3,5108.41168
-13.476791,3,5108.464743
-13.476791,3,5108.611053
-13.476791,3,5108.770038
-13.476791,3,5108.963382
-13.476791,3,5109.016086
51.523209,3,5109.284342
51.523209,3,5109.552899
-13.476791,3,5109.766877
-13.476791,3,5110.064873
-13.476791,3,5110.243479
57.967614,5,5110.315438
51.523209,3,5110.503077
-13.476791,3,5110.648431
51.523209,3,5110.991536
-13.476791,3,5111.044538
54.216439,4,5111.19033
-13.476791,3,5111.398971
57.967614,5,5111.466462
-13.476791,3,5111.653254
-7.032386,5,5111.936984
-13.476791,3,5112.117735
-13.476791,3,5112.226258
-7.032386,5,5112.530571
-13.476791,3,5112.705781
57.967614,5,5112.780544
-7.032386,5,5112.957673
51.523209,3,5113.076864
-13.476791,3,5113.165509
57.967614,5,5113.235227
-13.552251,3,5113.318585
57.967614,5,5113.450355
-13.552251,3,5113.539948
-10.991283,4,5113.757143
-13.476791,3,5113.931044
-14.292791,3,5114.080299
57.967614,5,5114.139898
51.523209,3,5114.45488
-13.476791,3,5114.612214
-13.476791,3,5114.804457
-13.476791,3,5114.85003
-13.476791,3,5114.966245
-10.783561,4,5115.088047
51.523209,3,5115.382718
-13.476791,3,5115.435462
-7.032386,5,5115.716619
-13.627712,3,5115.773237
-13.476791,3,5115.813828
-13.476791,3,5116.096271
57.967614,5,5116.153398
54.216439,4,5116.215968
-13.476791,3,5116.324136
-14.496791,3,5116.366314
51.523209,3,5116.496683
-13.476791,3,5116.551829
-13.476791,3,5116.616466
-13.476791,3,5116.678602
-13.476791,3,5116.85308
-13.476791,3,5117.034197
-13.476791,3,5117.181145
-7.695386,5,5117.457063
57.967614,5,5117.526586
51.523209,3,5117.799139
-13.476791,3,5118.01588
-13.476791,3,5118.161613
-11.199004,4,5118.218575
-13.476791,3,5118.266298
-13.476791,3,5118.431238
51.523209,3,5118.706754
57.967614,5,5118.779137
51.523209,3,5118.881904
-14.190791,3,5118.921969
-13.476791,3,5118.96405
50.503209,3,5119.247629
-7.032386,5,5119.575948
-13.476791,3,5119.883146
-13.476791,3,5119.960902
-13.476791,3,5120.153399
-13.476791,3,5120.200167
-13.476791,3,5120.248161
-7.032386,5,5120.618208
-13.476791,3,5120.680925
-7.032386,5,5120.981923
50.503209,3,5121.266354
57.967614,5,5121.343751
-13.476791,3,5121.383816
57.967614,5,5121.442958
-13.476791,3,5121.495727
-13.476791,3,5121.702252
-13.476791,3,5121.751064
-13.476791,3,5121.931969
-13.476791,3,5121.982348
-7.032386,5,5122.294095
-13.476791,3,5122.334648
-13.476791,3,5122.623086
-13.740902,3,5122.669154
51.523209,3,5122.939203
51.523209,3,5123.214961
51.523209,3,5123.302925
-13.476791,3,5123.593149
-13.476791,3,5123.65646
-13.476791,3,5123.901991
-13.476791,3,5124.045946
-13.476791,3,5124.215712
-13.476791,3,5124.260015
51.523209,3,5124.355297
-14.190791,3,5124.507445
-13.476791,3,5124.654228
-13.476791,3,5124.792176
-13.476791,3,5124.943038
-13.476791,3,5124.994443
54.216439,4,5125.160828
57.967614,5,5125.233682
-13.476791,3,5125.276249
-13.476791,3,5125.486669
-13.476791,3,5125.57693
-7.032386,5,5125.975286
-13.476791,3,5126.151758
-13.476791,3,5126.205579
-13.476791,3,5126.38094
51.523209,3,5126.48127
-13.476791,3,5126.679971
-13.476791,3,5126.82881
51.523209,3,5127.023304
-13.476791,3,5127.20674
-13.476791,3,5127.353193
-13.476791,3,5127.404317
-13.476791,3,5127.45539
-7.032386,5,5127.80097
-13.476791,3,5128.068111
-13.476791,3,5128.265465
54.216439,4,5128.411433
51.523209,3,5128.679959
-13.476791,3,5128.721525
-13.476791,3,5128.915747
-13.476791,3,5128.968093
-13.476791,3,5129.125246
54.216439,4,5129.184337
-13.476791,3,5129.350005
-13.476791,3,5129.402497
54.216439,4,5129.550316
-7.032386,5,5129.895792
51.523209,3,5130.101502
-13.476791,3,5130.24321
51.523209,3,5130.415335
54.216439,4,5130.57201
-13.476791,3,5130.847644
-8.407468,5,5130.934299
-13.476791,3,5131.224892
-13.476791,3,5131.371421
-13.476791,3,5131.540019
-13.476791,3,5131.589587
53.400439,4,5131.733746
-13.476791,3,5131.780877
-13.476791,3,5131.816973
-13.476791,3,5131.987099
-13.476791,3,5132.158455
-7.032386,5,5132.533386
-13.476791,3,5132.585521
-14.190791,3,5132.768807
53.196439,4,5132.92891
51.523209,3,5133.076211
-13.476791,3,5133.242915
51.523209,3,5133.625815
-13.552251,3,5133.68065
51.523209,3,5133.953731
54.216439,4,5134.103292
-13.476791,3,5134.188936
54.216439,4,5134.282576
-7.032386,5,5134.557415
-13.552251,3,5134.656729
-13.476791,3,5134.717834
-7.032386,5,5135.010632
-13.476791,3,5135.179863
-13.476791,3,5135.26861
-13.627712,3,5135.325213
57.967614,5,5135.382437
-13.476791,3,5135.538378
-13.476791,3,5135.812734
-13.476791,3,5135.851792
57.967614,5,5135.919907
-13.476791,3,5135.976511
51.523209,3,5136.067177
-13.476791,3,5136.37405
-13.476791,3,5136.551203
54.216439,4,5136.696873
57.967614,5,5136.750464
-13.476791,3,5136.813575
51.523209,3,5136.93701
54.216439,4,5136.994122
57.967614,5,5137.061113
54.216439,4,5137.133255
-11.406726,4,5137.20396
-13.476791,3,5137.24565
-14.190791,3,5137.319862
-13.476791,3,5137.386103
51.523209,3,5137.69017
54.216439,4,5137.752773
-13.476791,3,5137.865022
-13.476791,3,5137.906228
-13.476791,3,5137.945789
57.967614,5,5138.016378
-13.476791,3,5138.104022
51.523209,3,5138.382618
-13.476791,3,5138.471473
-13.476791,3,5138.677206
54.216439,4,5138.825662
-13.476791,3,5138.93831
-8.211028,5,5139.017249
-13.476791,3,5139.204054
-7.032386,5,5139.643156
51.523209,3,5139.912793
-13.476791,3,5139.971878
-13.476791,3,5140.115364
-14.496791,3,5140.158025
54.216439,4,5140.233278
-13.476791,3,5140.308978
51.523209,3,5140.59266
54.216439,4,5140.747075
-13.476791,3,5140.908936
50.860209,3,5141.187503
-13.476791,3,5141.275082
-7.032386,5,5141.595347
57.967614,5,5141.650921
-13.476791,3,5141.833315
-13.476791,3,5141.988214
-13.476791,3,5142.191206
-13.476791,3,5142.313471
-13.476791,3,5142.518559
-13.476791,3,5142.61852
-13.476791,3,5142.877362
54.216439,4,5143.035159
-13.627712,3,5143.092965
-13.476791,3,5143.268258
57.967614,5,5143.36264
-13.476791,3,5143.407732
-13.476791,3,5143.621378
-13.476791,3,5143.941116
-13.740902,3,5143.982193
-13.476791,3,5144.034352
54.216439,4,5144.118427
51.523209,3,5144.418477
-13.476791,3,5144.487343
-7.032386,5,5144.916942
-13.476791,3,5145.002159
-13.476791,3,5145.15788
51.523209,3,5145.266852
56.947614,5,5145.346183
-10.991283,4,5145.552112
-13.703172,3,5145.5953
-13.476791,3,5145.899577
-13.476791,3,5145.959336
-13.476791,3,5146.144726
54.216439,4,5146.300444
-13.476791,3,5146.587496
57.967614,5,5146.645144
57.967614,5,5146.713336
-13.476791,3,5146.991203
51.523209,3,5147.238673
-13.476791,3,5147.317358
57.967614,5,5147.387972
51.523209,3,5147.675136
-13.476791,3,5147.779212
-13.476791,3,5147.982805
-13.476791,3,5148.04025
51.523209,3,5148.311745
51.523209,3,5148.584273
57.967614,5,5148.658156
51.523209,3,5148.941692
57.967614,5,5148.99743
-13.476791,3,5149.03752
-13.476791,3,5149.224843
57.967614,5,5149.293625
51.523209,3,5149.581902
-13.476791,3,5149.727662
-13.740902,3,5149.768236
-13.703172,3,5149.815814
-14.496791,3,5150.123007
54.216439,4,5150.22874
-13.476791,3,5150.270405
-7.032386,5,5150.621722
-13.476791,3,5150.70188
-13.476791,3,5150.87805
-15.006791,3,5151.153843
-13.476791,3,5151.354472
-13.476791,3,5151.402579
51.523209,3,5151.6808
-13.476791,3,5151.746807
-7.032386,5,5152.107674
51.523209,3,5152.283779
57.967614,5,5152.356524
57.151614,5,5152.425791
-13.476791,3,5152.614831
-13.476791,3,5152.76109
57.967614,5,5152.816519
-13.476791,3,5153.108738
-13.476791,3,5153.163341
-13.476791,3,5153.312665
-14.394791,3,5153.462777
51.523209,3,5153.764656
57.967614,5,5153.836856
-14.496791,3,5154.028695
-13.476791,3,5154.21838
-7.032386,5,5154.513335
54.216439,4,5154.586747
51.523209,3,5154.689941
-13.476791,3,5155.002688
-13.476791,3,5155.174544
-13.476791,3,5155.262493
-13.476791,3,5155.470589
-13.476791,3,5155.650105
51.523209,3,5155.73462
51.523209,3,5155.871163
-13.476791,3,5156.06235
-14.292791,3,5156.25185
-13.476791,3,5156.551686
-13.476791,3,5156.698061
51.523209,3,5157.03766
57.967614,5,5157.093745
-13.476791,3,5157.352522
-13.476791,3,5157.662044
-13.476791,3,5157.839355
-13.476791,3,5157.928672
51.523209,3,5158.205306
-7.032386,5,5158.623677
-13.476791,3,5158.664228
-7.032386,5,5158.842711
-13.740902,3,5158.884282
-14.496791,3,5158.970102
-14.139791,3,5159.057748
51.523209,3,5159.260018
-13.476791,3,5159.320902
-13.476791,3,5159.530089
-13.476791,3,5159.573836
-13.476791,3,5159.726263
-7.032386,5,5160.028242
-13.476791,3,5160.195383
-13.476791,3,5160.238493
51.523209,3,5160.432454
-13.552251,3,5160.476565
-13.476791,3,5160.523522
-13.476791,3,5160.671325
-13.476791,3,5160.721401
-13.476791,3,5161.003134
-13.476791,3,5161.057443
-13.476791,3,5161.231067
-13.476791,3,5161.283716
51.523209,3,5161.546274
-13.476791,3,5161.588527
-13.476791,3,5161.738604
-13.476791,3,5161.823729
51.523209,3,5162.098884
-13.476791,3,5162.148987
-13.476791,3,5162.303936
-13.476791,3,5162.39017
-7.032386,5,5162.668568
-14.139791,3,5162.726192
57.967614,5,5162.792499
-13.476791,3,5163.010015
-13.476791,3,5163.100008
51.523209,3,5163.235278
-13.476791,3,5163.449219
-13.476791,3,5163.508058
51.523209,3,5163.615232
51.523209,3,5163.749113
57.967614,5,5163.815341
-13.476791,3,5164.003726
-13.476791,3,5164.071337
-13.476791,3,5164.114921
-13.476791,3,5164.192859
57.967614,5,5164.265339
-13.476791,3,5164.306502
-13.476791,3,5164.478947
-13.476791,3,5164.520149
-7.032386,5,5164.806535
57.967614,5,5164.864624
-13.476791,3,5165.062796
-13.476791,3,5165.228241
-13.476791,3,5165.292868
-13.476791,3,5165.345962
-13.476791,3,5165.494528
-13.476791,3,5165.764794
51.523209,3,5165.947423
-13.476791,3,5166.037149
51.523209,3,5166.320101
-13.476791,3,5166.476106
-13.476791,3,5166.528505
-13.476791,3,5166.619168
57.967614,5,5166.688434
-13.476791,3,5166.881518
-13.476791,3,5166.945115
57.967614,5,5167.025517
-14.190791,3,5167.225541
-13.476791,3,5167.263596
-13.476791,3,5167.41519
-13.476791,3,5167.689182
-13.476791,3,5167.745295
51.523209,3,5167.826457
51.523209,3,5168.205565
57.967614,5,5168.271443
-13.476791,3,5168.494876
57.304614,5,5168.564485
57.967614,5,5168.6361
51.523209,3,5168.79875
-13.476791,3,5168.950791
-13.476791,3,5169.140097
-13.476791,3,5169.315988
-13.476791,3,5169.608518
-13.476791,3,5169.703092
-13.476791,3,5169.77938
-13.476791,3,5169.978559
-13.476791,3,5170.156639
-14.394791,3,5170.300518
-14.190791,3,5170.575635
57.151614,5,5170.642751
-7.032386,5,5171.000813
51.523209,3,5171.267323
57.967614,5,5171.337953
-13.476791,3,5171.424264
57.967614,5,5171.500105
51.523209,3,5171.665181
-14.266251,3,5171.710242
-13.476791,3,5171.765372
51.523209,3,5172.04248
51.523209,3,5172.132353
51.523209,3,5172.364304
-13.476791,3,5172.438442
51.523209,3,5172.712956
51.523209,3,5172.807753
-13.476791,3,5172.86007
-13.476791,3,5173.055905
54.216439,4,5173.115182
-7.032386,5,5173.387288
-13.476791,3,5173.474827
-13.476791,3,5173.561475
-13.476791,3,5173.763002
54.216439,4,5173.824332
-13.476791,3,5173.967123
-13.476791,3,5174.057385
-13.476791,3,5174.227012
-13.476791,3,5174.403841
-13.476791,3,5174.461974
-13.476791,3,5174.606207
57.967614,5,5174.685723
-7.032386,5,5175.047788
51.523209,3,5175.116692
-13.476791,3,5175.311746
51.523209,3,5175.585401
-13.476791,3,5175.888621
51.523209,3,5176.063266
-13.476791,3,5176.307094
-7.032386,5,5176.566746
57.967614,5,5176.630135
-13.476791,3,5176.798908
-13.476791,3,5176.982117
51.523209,3,5177.060956
57.967614,5,5177.131001
-13.476791,3,5177.308394
-7.032386,5,5177.672571
-13.476791,3,5177.84212
57.967614,5,5177.908371
51.523209,3,5178.18084
-13.476791,3,5178.319185
-13.476791,3,5178.475024
-13.476791,3,5178.621847
-13.476791,3,5178.767678
51.523209,3,5178.87777
-13.476791,3,5179.078106
-13.476791,3,5179.225291
-13.476791,3,5179.4085
-13.476791,3,5179.57719
51.523209,3,5179.685632
-14.292791,3,5179.7614
51.523209,3,5179.920924
-13.476791,3,5180.090509
-13.476791,3,5180.13157
-13.476791,3,5180.314444
-13.476791,3,5180.357043
54.216439,4,5180.431725
-13.476791,3,5180.599424
-14.139791,3,5180.742979
-13.476791,3,5180.913266
-7.032386,5,5181.246249
-14.190791,3,5181.292565
-13.476791,3,5181.492904
57.967614,5,5181.556726
-14.139791,3,5181.76635
57.967614,5,5181.820096
-13.476791,3,5182.108925
-14.139791,3,5182.260947
-13.476791,3,5182.406408
-14.496791,3,5182.565276
57.967614,5,5182.635885
-14.190791,3,5182.809405
51.523209,3,5183.002874
-13.476791,3,5183.094185
51.523209,3,5183.370883
-13.476791,3,5183.539285
-13.476791,3,5183.605841
-13.476791,3,5183.779997
52.380439,4,5183.924115
-13.476791,3,5183.963683
51.523209,3,5184.068951
-7.818147,5,5184.252653
56.947614,5,5184.324754
54.216439,4,5184.37884
57.967614,5,5184.456025
-13.476791,3,5184.654512
51.523209,3,5184.748211
-13.552251,3,5184.823851
-13.476791,3,5185.104187
-13.476791,3,5185.218338
-13.476791,3,5185.497779
-13.476791,3,5185.588623
-13.476791,3,5185.768332
-7.032386,5,5186.047033
51.523209,3,5186.326604
-13.476791,3,5186.47266
-7.032386,5,5186.920319
-11.510587,4,5186.957911
-13.476791,3,5187.102643
57.967614,5,5187.168743
-13.476791,3,5187.220343
-13.740902,3,5187.257416
-13.476791,3,5187.402791
51.523209,3,5187.67882
-13.476791,3,5187.746294
-13.476791,3,5187.890285
51.523209,3,5188.036788
51.523209,3,5188.118407
-13.627712,3,5188.173019
-13.476791,3,5188.316324
57.967614,5,5188.382122
-13.476791,3,5188.463668
-13.476791,3,5188.621842
54.216439,4,5188.766668
57.967614,5,5188.837911
51.523209,3,5189.197306
-13.476791,3,5189.38297
51.523209,3,5189.575344
-13.476791,3,5189.848823
-13.476791,3,5189.896399
57.967614,5,5189.95019
51.523209,3,5190.237743
51.523209,3,5190.511844
51.523209,3,5190.58014
-7.425267,5,5190.665423
-13.476791,3,5190.814452
54.216439,4,5190.964387
54.216439,4,5191.033155
57.967614,5,5191.101255
54.216439,4,5191.171784
51.523209,3,5191.454279
-13.476791,3,5191.648962
-13.476791,3,5191.690032
54.216439,4,5191.838102
-13.476791,3,5192.045162
-14.190791,3,5192.10757
-13.476791,3,5192.28639
-13.476791,3,5192.438612
51.523209,3,5192.538985
54.216439,4,5192.595072
-13.476791,3,5192.636172
51.523209,3,5192.731436
-13.476791,3,5192.941345
-14.394791,3,5193.241958
54.216439,4,5193.396324
-7.848386,5,5193.767746
-13.476791,3,5193.946871
-13.476791,3,5194.015992
57.967614,5,5194.085312
-13.552251,3,5194.131509
-13.476791,3,5194.423753
54.216439,4,5194.585602
-13.476791,3,5194.762663
-13.476791,3,5195.026563
53.196439,4,5195.17572
57.967614,5,5195.244524
51.523209,3,5195.342083
-13.476791,3,5195.542857
-13.476791,3,5195.761023
57.967614,5,5195.828674
57.967614,5,5195.896816
-13.476791,3,5196.19936
54.216439,4,5196.262098
-13.476791,3,5196.405997
57.967614,5,5196.461951
57.967614,5,5196.516514
54.216439,4,5196.662899
57.967614,5,5196.72834
-11.510587,4,5196.866896
59.099294,6,5196.945065
54.216439,4,5197.008186
57.967614,5,5197.081327
54.216439,4,5197.224009
-14.292791,3,5197.278578
54.216439,4,5197.33669
51.523209,3,5197.610981
57.151614,5,5197.672587
-13.476791,3,5197.759084
51.523209,3,5198.02758
57.967614,5,5198.095653
-14.139791,3,5198.308831
-13.476791,3,5198.35245
-14.190791,3,5198.49868
51.523209,3,5198.641482
-7.032386,5,5199.000268
-13.476791,3,5199.163026
-13.476791,3,5199.342597
57.967614,5,5199.410748
59.099294,6,5199.457111
-11.497561,4,5199.628927
51.523209,3,5199.926028
57.967614,5,5199.99838
57.967614,5,5200.068476
-13.476791,3,5200.344141
-13.476791,3,5200.484777
-13.476791,3,5200.630071
-10.991283,4,5200.706719
-13.476791,3,5200.883134
-14.139791,3,5201.185741
-13.476791,3,5201.460828
-13.476791,3,5201.670783
57.967614,5,5201.738843
-13.476791,3,5201.910595
54.216439,4,5202.056192
-14.292791,3,5202.366101
-13.476791,3,5202.528898
-13.476791,3,5202.740489
-13.476791,3,5203.052824
57.967614,5,5203.127739
54.216439,4,5203.192285
54.216439,4,5203.348172
54.216439,4,5203.448827
-13.476791,3,5203.600128
54.216439,4,5203.744602
54.216439,4,5203.785671
54.216439,4,5203.963192
53.196439,4,5204.030286
-13.476791,3,5204.206913
57.967614,5,5204.273904
57.304614,5,5204.329
57.967614,5,5204.404965
-13.476791,3,5204.554521
54.216439,4,5204.618168
-13.476791,3,5204.665768
-7.032386,5,5205.031302
54.216439,4,5205.11696
51.523209,3,5205.38805
54.216439,4,5205.465677
-7.032386,5,5205.743386
-13.476791,3,5205.964674
53.55344,4,5206.006339
-13.476791,3,5206.06356
57.967614,5,5206.121171
-13.476791,3,5206.419044
-13.476791,3,5206.474205
-13.476791,3,5206.751369
54.216439,4,5206.841562
51.523209,3,5207.09468
54.216439,4,5207.284396
57.967614,5,5207.340121
54.216439,4,5207.487493
-13.476791,3,5207.703252
51.523209,3,5207.966387
-13.476791,3,5208.149341
57.151614,5,5208.213719
-13.476791,3,5208.313356
54.216439,4,5208.498802
54.216439,4,5208.570288
-13.476791,3,5208.612887
-13.476791,3,5208.78789
-13.476791,3,5208.977915
57.967614,5,5209.048028
54.216439,4,5209.201305
-13.476791,3,5209.255307
54.216439,4,5209.39904
51.523209,3,5209.554149
51.523209,3,5209.824758
-13.476791,3,5209.866571
57.967614,5,5209.936969
-13.476791,3,5209.98258
-13.476791,3,5210.041028
57.967614,5,5210.105334
-13.476791,3,5210.251644
57.967614,5,5210.318902
51.523209,3,5210.674338
54.216439,4,5210.820338
-13.476791,3,5210.872603
57.967614,5,5210.938907
-7.032386,5,5211.308389
57.967614,5,5211.36723
54.216439,4,5211.436455
-13.476791,3,5211.476999
-11.44656,4,5211.565477
57.967614,5,5211.622421
57.967614,5,5211.702465
51.523209,3,5212.066061
51.523209,3,5212.326712
-13.740902,3,5212.365951
51.523209,3,5212.456873
51.523209,3,5212.533474
-13.476791,3,5212.592362
-13.476791,3,5212.6469
-13.476791,3,5212.799031
-13.476791,3,5212.854769
57.967614,5,5212.920367
-13.476791,3,5212.977989
57.967614,5,5213.054108
-11.199004,4,5213.130475
-13.740902,3,5213.170274
-13.476791,3,5213.319129
-13.740902,3,5213.362675
50.860209,3,5213.650103
57.967614,5,5213.721382
-13.476791,3,5213.897056
-13.476791,3,5214.046375
-7.032386,5,5214.364178
-13.476791,3,5214.413665
54.216439,4,5214.477779
54.216439,4,5214.627752
-13.476791,3,5214.782035
-13.476791,3,5214.821535
51.523209,3,5215.048957
54.216439,4,5215.198604
54.216439,4,5215.253723
51.523209,3,5215.410928
-13.476791,3,5215.57742
-13.476791,3,5215.864341
-13.476791,3,5215.908555
54.216439,4,5215.981249
-13.476791,3,5216.126965
-13.476791,3,5216.349356
-13.476791,3,5216.393867
-7.848386,5,5216.695777
-13.476791,3,5216.775098
-13.476791,3,5216.866067
54.216439,4,5216.932714
57.967614,5,5216.995093
57.967614,5,5217.06311
-13.476791,3,5217.259023
-7.032386,5,5217.562416
-13.476791,3,5217.705481
-13.476791,3,5217.851186
-13.476791,3,5217.890243
51.523209,3,5218.16125
51.523209,3,5218.281702
-13.627712,3,5218.356294
-13.476791,3,5218.551317
-13.476791,3,5218.724137
-13.476791,3,5218.906061
51.523209,3,5219.190722
-13.476791,3,5219.2435
-13.476791,3,5219.285296
-13.476791,3,5219.376122
-13.476791,3,5219.428815
51.523209,3,5219.722199
-14.292791,3,5219.76875
-13.476791,3,5219.861668
-13.476791,3,5220.045381
-14.366172,3,5220.088349
54.216439,4,5220.235617
-14.190791,3,5220.282198
-13.476791,3,5220.323274
-13.476791,3,5220.414891
-13.476791,3,5220.595628
-7.032386,5,5220.892546
-13.476791,3,5221.190436
57.049614,5,5221.288157
51.523209,3,5221.560301
-7.032386,5,5221.924674
-13.476791,3,5222.118671
-13.476791,3,5222.300696
-7.746386,5,5222.711802
54.216439,4,5222.781582
54.216439,4,5222.88678
-13.476791,3,5223.002475
-13.476791,3,5223.06755
-13.476791,3,5223.248806
-13.476791,3,5223.338968
51.523209,3,5223.66139
51.523209,3,5223.751775
-13.476791,3,5223.901043
54.216439,4,5223.961075
-14.496791,3,5224.251173
-13.476791,3,5224.510346
-7.032386,5,5224.82669
-13.476791,3,5224.920206
-13.740902,3,5224.963006
54.216439,4,5225.117968
54.216439,4,5225.269377
-13.476791,3,5225.412315
-14.139791,3,5225.614297
-13.476791,3,5225.788938
51.523209,3,5226.069187
54.216439,4,5226.124817
-13.476791,3,5226.423018
51.523209,3,5226.606588
-13.476791,3,5226.692295
-13.476791,3,5226.902122
53.502439,4,5227.048372
51.523209,3,5227.132293
-13.476791,3,5227.219098
-13.476791,3,5227.267707
54.216439,4,5227.353768
-13.476791,3,5227.568528
-13.476791,3,5227.746955
57.967614,5,5227.820957
51.523209,3,5227.97292
51.523209,3,5228.075886
-13.476791,3,5228.128735
-13.476791,3,5228.273607
54.216439,4,5228.426969
51.523209,3,5228.574705
-13.476791,3,5228.664022
-13.476791,3,5228.840867
-7.032386,5,5229.147167
57.967614,5,5229.223169
51.523209,3,5229.476738
51.523209,3,5229.76036
-13.476791,3,5229.855994
50.605209,3,5230.160659
-13.476791,3,5230.460118
-13.703172,3,5230.503255
51.523209,3,5230.625841
54.216439,4,5230.69675
-14.190791,3,5230.776841
51.523209,3,5231.087586
-13.476791,3,5231.136674
-13.476791,3,5231.175705
-13.476791,3,5231.318659
57.967614,5,5231.386806
-13.476791,3,5231.428888
-13.476791,3,5231.471852
-13.476791,3,5231.764679
57.967614,5,5231.837824
-7.032386,5,5232.17086
-13.476791,3,5232.217444
57.967614,5,5232.290102
51.523209,3,5232.584059
-13.476791,3,5232.620745
57.967614,5,5232.696396
57.967614,5,5232.761976
57.967614,5,5232.817759
-13.476791,3,5232.985527
57.967614,5,5233.054483
57.967614,5,5233.134342
-13.476791,3,5233.178085
-13.476791,3,5233.221666
-13.476791,3,5233.304787
-13.476791,3,5233.458536
57.967614,5,5233.536133
51.523209,3,5233.635591
50.707209,3,5233.738797
-13.476791,3,5233.888687
-13.476791,3,5234.182243
-13.476791,3,5234.349233
-13.476791,3,5234.558328
54.216439,4,5234.61346
57.253614,5,5234.69847
-13.476791,3,5234.849548
-14.496791,3,5235.012254
50.707209,3,5235.116089
-13.476791,3,5235.263448
53.400439,4,5235.423623
-13.476791,3,5235.571335
-7.032386,5,5235.956652
-13.476791,3,5236.019474
-7.818147,5,5236.069215
-13.476791,3,5236.247733
51.523209,3,5236.533588
-13.476791,3,5236.678509
51.523209,3,5236.993321
-7.032386,5,5237.391902
-11.497561,4,5237.593851
54.216439,4,5237.641927
-14.496791,3,5237.788591
-14.496791,3,5238.008919
-13.703172,3,5238.050977
54.216439,4,5238.197128
-13.476791,3,5238.340322
-13.476791,3,5238.48824
-13.476791,3,5238.573379
-7.032386,5,5238.860529
51.523209,3,5239.161203
-13.476791,3,5239.205266
57.967614,5,5239.276067
57.967614,5,5239.346073
51.523209,3,5239.540837
54.216439,4,5239.634197
-13.476791,3,5239.780515
51.523209,3,5240.156168
-13.476791,3,5240.248449
-13.476791,3,5240.421637
51.523209,3,5240.734299
51.523209,3,5241.062514
57.967614,5,5241.130202
-13.476791,3,5241.421764
57.967614,5,5241.487332
54.216439,4,5241.56047
-13.476791,3,5241.753796
-8.407468,5,5241.814881
57.967614,5,5241.878714
57.967614,5,5241.933793
57.967614,5,5242.002467
-13.740902,3,5242.050686
-7.425267,5,5242.132297
54.216439,4,5242.277561
53.400439,4,5242.433759
51.523209,3,5242.786712
54.216439,4,5242.851432
54.216439,4,5243.060463
54.216439,4,5243.217132
-13.476791,3,5243.370641
-13.476791,3,5243.600535
53.502439,4,5243.643605
57.967614,5,5243.710359
-13.476791,3,5243.908414
54.216439,4,5243.974846
54.216439,4,5244.025955
-13.476791,3,5244.072013
-13.476791,3,5244.270282
-7.032386,5,5244.633467
54.216439,4,5244.704066
-13.476791,3,5244.853124
53.55344,4,5244.921304
54.216439,4,5245.07361
-7.818147,5,5245.1593
-13.476791,3,5245.310891
57.967614,5,5245.383504
54.216439,4,5245.536824
54.216439,4,5245.705177
-13.476791,3,5245.762315
-13.476791,3,5245.997323
-10.783561,4,5246.231872
-14.139791,3,5246.448311
-13.703172,3,5246.487859
-11.406726,4,5246.538954
57.967614,5,5246.595035
57.967614,5,5246.663959
-13.476791,3,5246.982926
-7.032386,5,5247.367722
51.523209,3,5247.655428
-13.476791,3,5247.831614
54.216439,4,5247.996114
-13.476791,3,5248.140782
51.523209,3,5248.230433
-13.476791,3,5248.273292
-10.783561,4,5248.489058
57.967614,5,5248.562555
-13.476791,3,5248.720076
-13.476791,3,5248.891416
-7.032386,5,5249.230776
54.216439,4,5249.391508
-14.496791,3,5249.454598
51.523209,3,5249.64515
-13.476791,3,5249.82773
-13.476791,3,5250.016075
-13.476791,3,5250.183326
-7.032386,5,5250.484385
-13.476791,3,5250.531476
-7.032386,5,5250.930215
51.523209,3,5251.214629
-13.476791,3,5251.25423
57.967614,5,5251.324861
-14.394791,3,5251.539613
-8.407468,5,5251.666659
-13.476791,3,5251.815124
-13.476791,3,5252.164495
57.967614,5,5252.225201
51.523209,3,5252.547146
57.967614,5,5252.611343
-13.476791,3,5252.798126
-13.476791,3,5252.864524
54.216439,4,5253.033803
-14.496791,3,5253.211303
-14.292791,3,5253.2511
-13.476791,3,5253.352162
51.523209,3,5253.657372
-13.476791,3,5253.810579
51.523209,3,5253.986737
51.523209,3,5254.257805
-13.476791,3,5254.434833
-13.476791,3,5254.501432
-13.476791,3,5254.660499
-13.703172,3,5254.710747
57.967614,5,5254.77946
57.967614,5,5254.846572
-13.476791,3,5254.908316
-13.476791,3,5255.107481
-14.292791,3,5255.164551
-13.476791,3,5255.458969
51.523209,3,5255.737937
57.967614,5,5255.809069
-13.476791,3,5255.864002
-7.032386,5,5256.168742
-13.476791,3,5256.359116
-13.476791,3,5256.441283
-13.476791,3,5256.48303
-13.476791,3,5256.54063
-13.476791,3,5256.758231
-14.366172,3,5256.802285
-13.476791,3,5256.891913
57.967614,5,5256.963022
-13.476791,3,5257.116074
57.967614,5,5257.182177
-13.476791,3,5257.223237
51.523209,3,5257.500333
-13.476791,3,5257.545904
-14.394791,3,5257.593973
54.216439,4,5257.743758
-14.190791,3,5257.841375
-13.476791,3,5258.104702
-13.703172,3,5258.142761
51.523209,3,5258.258433
-13.476791,3,5258.313011
-13.476791,3,5258.485996
57.967614,5,5258.560833
51.523209,3,5258.855464
-13.476791,3,5258.913558
-13.476791,3,5259.115442
-13.476791,3,5259.277536
-13.476791,3,5259.484144
57.967614,5,5259.538719
-8.052386,5,5259.814103
-13.476791,3,5259.856657
-13.476791,3,5260.028651
-13.476791,3,5260.225557
-13.476791,3,5260.52561
-13.476791,3,5260.686207
-13.476791,3,5260.847353
-13.476791,3,5261.018446
-13.476791,3,5261.061018
51.523209,3,5261.157789
-13.476791,3,5261.334792
57.967614,5,5261.404877
51.523209,3,5261.528338
-14.190791,3,5261.572878
51.523209,3,5261.655581
-13.476791,3,5261.706696
57.967614,5,5261.776606
57.967614,5,5261.843755
-13.476791,3,5262.043495
-13.476791,3,5262.237789
-13.476791,3,5262.384066
51.523209,3,5262.493552
-13.476791,3,5262.643587
-13.476791,3,5262.698701
-7.032386,5,5262.96123
54.216439,4,5263.148172
-14.394791,3,5263.245554
57.967614,5,5263.307326
-13.476791,3,5263.367431
-13.476791,3,5263.425602
54.216439,4,5263.575443
-13.476791,3,5263.784179
57.049614,5,5263.853184
-14.496791,3,5264.027155
-13.476791,3,5264.308778
-13.476791,3,5264.364361
-13.476791,3,5264.543123
-13.476791,3,5264.749362
-13.476791,3,5264.811105
-13.476791,3,5264.97255
57.967614,5,5265.053933
54.216439,4,5265.208676
-13.476791,3,5265.375545
-13.476791,3,5265.557178
57.967614,5,5265.627277
-7.032386,5,5265.907816
-13.476791,3,5266.10865
-14.292791,3,5266.198012
-13.476791,3,5266.391939
57.967614,5,5266.470442
-13.476791,3,5266.561608
-13.476791,3,5266.6253
-13.476791,3,5266.793005
-13.476791,3,5266.839282
-13.476791,3,5266.986062
-13.476791,3,5267.193484
-13.740902,3,5267.232036
-13.476791,3,5267.277279
54.216439,4,5267.4226
-13.476791,3,5267.698622
-13.476791,3,5267.84952
51.523209,3,5267.976187
-13.476791,3,5268.167181
-13.476791,3,5268.207247
-13.476791,3,5268.400194
54.216439,4,5268.547717
-13.476791,3,5268.741028
-13.476791,3,5268.972179
-13.476791,3,5269.011803
-13.476791,3,5269.195512
-13.476791,3,5269.238376
-13.476791,3,5269.37551
-13.476791,3,5269.669759
51.523209,3,5269.761449
-13.476791,3,5269.817526
-13.476791,3,5269.859575
51.523209,3,5270.136462
54.216439,4,5270.199194
-13.476791,3,5270.414324
51.523209,3,5270.509689
-13.476791,3,5270.550718
57.049614,5,5270.620986
-13.476791,3,5270.733082
-13.476791,3,5270.785676
-11.199004,4,5270.878431
-13.476791,3,5270.918607
51.523209,3,5270.990321
-13.476791,3,5271.082528
-13.476791,3,5271.243602
50.809209,3,5271.521234
-13.476791,3,5271.81987
-13.476791,3,5271.860654
57.967614,5,5271.917303
51.523209,3,5272.019685
-13.476791,3,5272.060419
51.523209,3,5272.358912
-7.032386,5,5272.675432
-13.476791,3,5272.821412
-13.703172,3,5272.862957
-13.476791,3,5273.014614
51.523209,3,5273.297547
-13.476791,3,5273.442382
-13.476791,3,5273.485433
-13.476791,3,5273.544588
-13.476791,3,5273.691815
-13.476791,3,5273.859254
-13.476791,3,5274.005487
51.523209,3,5274.085517
-13.476791,3,5274.291271
-13.476791,3,5274.35141
50.605209,3,5274.428214
51.523209,3,5274.63653
-13.476791,3,5274.784046
-13.476791,3,5274.97307
-13.476791,3,5275.140695
-13.476791,3,5275.292951
-13.476791,3,5275.359032
51.523209,3,5275.633704
-14.190791,3,5275.798952
-13.476791,3,5275.878281
57.967614,5,5275.948509
-13.476791,3,5276.091834
-13.476791,3,5276.212127
-13.476791,3,5276.359446
51.523209,3,5276.635016
57.967614,5,5276.707594
-7.032386,5,5276.969546
51.523209,3,5277.216821
-13.476791,3,5277.516255
-13.476791,3,5277.66331
-14.496791,3,5277.740433
-13.476791,3,5277.926115
-13.476791,3,5278.072886
-14.190791,3,5278.138985
51.523209,3,5278.420563
-13.476791,3,5278.566172
51.523209,3,5278.749037
-14.139791,3,5278.817783
-13.476791,3,5278.875951
-13.476791,3,5278.937046
-13.476791,3,5279.161624
54.216439,4,5279.301646
-13.476791,3,5279.63346
57.967614,5,5279.774863
50.809209,3,5280.185082
51.523209,3,5280.371137
-13.476791,3,5280.761541
-13.476791,3,5280.843787
-13.476791,3,5281.29921
-14.496791,3,5281.805463
51.523209,3,5282.475931
-13.476791,3,5282.590621
-13.476791,3,5282.933914
-13.476791,3,5283.022917
-13.476791,3,5283.650734
-13.476791,3,5284.089736
-13.476791,3,5284.4836
-13.476791,3,5284.563453
-7.032386,5,5285.186932
57.967614,5,5285.331449
51.523209,3,5286.067756
-13.476791,3,5286.173774
-13.476791,3,5286.51925
-13.476791,3,5286.855328
-13.476791,3,5287.173728
-13.476791,3,5287.637847
-13.740902,3,5287.716267
51.523209,3,5288.283619
-13.476791,3,5288.382798
-13.740902,3,5288.455073
-13.476791,3,5288.656673
51.523209,3,5289.252216
-13.476791,3,5289.561832
-7.032386,5,5290.161484
-13.476791,3,5290.269796
51.523209,3,5290.869382
-13.476791,3,5291.061906
-13.476791,3,5291.669755
-7.032386,5,5292.458274
-13.476791,3,5292.55648
-14.292791,3,5292.833089
-7.032386,5,5293.608444
-13.476791,3,5294.021896
-8.407468,5,5294.175351
-14.394791,3,5294.585171
-13.476791,3,5294.931499
-13.476791,3,5295.01416
-13.476791,3,5295.580403
-13.476791,3,5295.834043
-13.476791,3,5295.904524
51.523209,3,5296.428817
-13.476791,3,5296.916665
-13.476791,3,5297.302284
51.523209,3,5297.867772
-7.032386,5,5298.59355
-13.476791,3,5298.670591
57.967614,5,5298.785584
-13.476791,3,5299.267191
-13.476791,3,5299.370876
-11.406726,4,5299.469102
57.967614,5,5299.586271
-13.476791,3,5299.66179
50.707209,3,5300.381333
57.967614,5,5300.508777
-13.476791,3,5300.667624
57.967614,5,5300.795059
-13.476791,3,5301.080299
51.523209,3,5301.644284
-7.032386,5,5302.395423
-13.476791,3,5302.462215
-13.476791,3,5302.534551
57.967614,5,5302.662242
-13.740902,3,5302.738544
-13.476791,3,5302.967075
51.523209,3,5303.186408
-13.476791,3,5303.555465
57.967614,5,5303.719196
-7.032386,5,5304.253443
-13.476791,3,5304.608675
-13.476791,3,5304.719093
51.523209,3,5305.163401
-14.190791,3,5305.451887
-13.476791,3,5305.738378
-13.476791,3,5306.198228
57.967614,5,5306.358492
-7.032386,5,5307.001279
51.523209,3,5307.53657
-14.190791,3,5307.906212
-8.211028,5,5308.080729
-13.476791,3,5308.350516
-13.476791,3,5308.594687
-13.476791,3,5308.828899
-14.190791,3,5308.913765
57.967614,5,5309.055479
-13.476791,3,5309.441056
-14.292791,3,5309.709748
-13.476791,3,5309.840537
51.523209,3,5310.410741
-13.476791,3,5310.717347
49.687209,3,5311.320746
-13.476791,3,5311.681042
57.967614,5,5311.810951
57.967614,5,5311.978398
-13.476791,3,5312.059575
57.967614,5,5312.189722
-13.476791,3,5312.278415
-13.476791,3,5312.592365
-13.476791,3,5312.926085
-13.476791,3,5313.00121
54.216439,4,5313.299353
51.523209,3,5313.666879
-13.476791,3,5313.740975
-11.199004,4,5313.819798
-13.476791,3,5313.990674
-13.476791,3,5314.203755
-13.476791,3,5314.356718
51.523209,3,5314.460888
-14.496791,3,5314.682053
-8.052386,5,5315.048859
-13.476791,3,5315.203574
57.967614,5,5315.273418
51.523209,3,5315.561818
-13.476791,3,5315.862252
-13.476791,3,5315.950591
-13.476791,3,5316.135045
-7.032386,5,5316.452131
-13.476791,3,5316.598642
50.860209,3,5316.781151
-13.476791,3,5316.972682
50.605209,3,5317.172851
-13.476791,3,5317.373442
51.523209,3,5317.474725
57.967614,5,5317.529665
-14.394791,3,5317.726667
-7.032386,5,5318.102403
51.523209,3,5318.191805
-13.476791,3,5318.238595
-13.476791,3,5318.436268
-13.476791,3,5318.52812
-13.476791,3,5318.672279
-13.476791,3,5318.973577
-13.476791,3,5319.288662
-13.476791,3,5319.470699
-13.476791,3,5319.647682
-13.476791,3,5319.853912
-13.476791,3,5320.004601
51.523209,3,5320.245929
-13.476791,3,5320.341549
-13.703172,3,5320.388045
-8.052386,5,5320.662452
-13.476791,3,5320.727641
-13.476791,3,5320.768565
-13.476791,3,5320.822633
51.523209,3,5320.921447
-14.292791,3,5320.968752
-13.476791,3,5321.156152
-13.476791,3,5321.330562
51.523209,3,5321.49906
-7.032386,5,5321.80362
-13.476791,3,5321.855145
-13.476791,3,5321.894957
-13.476791,3,5321.961662
-13.476791,3,5322.048982
-13.476791,3,5322.100562
-13.476791,3,5322.392084
-13.476791,3,5322.496699
51.523209,3,5322.712126
51.523209,3,5322.994571
-13.476791,3,5323.191521
51.523209,3,5323.328034
57.967614,5,5323.394495
-13.476791,3,5323.541685
-7.950386,5,5323.820454
51.523209,3,5323.911001
51.523209,3,5324.000926
57.967614,5,5324.057412
-13.476791,3,5324.272903
-13.476791,3,5324.337825
-13.476791,3,5324.507208
50.605209,3,5324.80105
-13.476791,3,5324.84471
-13.476791,3,5324.928978
51.447749,3,5325.172211
51.523209,3,5325.243876
50.503209,3,5325.403824
-14.496791,3,5325.449786
57.967614,5,5325.505688
-13.476791,3,5325.654922
51.523209,3,5325.915228
-13.476791,3,5326.097994
-14.190791,3,5326.177122
-13.476791,3,5326.218604
-13.476791,3,5326.363725
-13.476791,3,5326.424829
57.967614,5,5326.495486
-7.032386,5,5326.791184
-13.476791,3,5326.846938
-13.476791,3,5326.934796
-13.476791,3,5327.134004
-13.476791,3,5327.312577
-13.476791,3,5327.504421
-7.032386,5,5327.79934
-13.627712,3,5327.868411
-13.476791,3,5327.959234
-13.627712,3,5328.005819
51.523209,3,5328.290482
-13.476791,3,5328.445724
-13.476791,3,5328.672057
51.523209,3,5328.923517
51.523209,3,5329.189249
-13.476791,3,5329.233545
-13.703172,3,5329.276074
-13.476791,3,5329.359539
-13.476791,3,5329.401674
57.967614,5,5329.469713
57.967614,5,5329.545172
-13.476791,3,5329.609797
-11.510587,4,5329.652468
-13.476791,3,5329.802356
57.967614,5,5329.85796
-7.032386,5,5330.156556
-13.476791,3,5330.375552
57.967614,5,5330.449291
-13.476791,3,5330.591385
57.049614,5,5330.646159
-15.516791,3,5330.69701
57.967614,5,5330.755774
-13.476791,3,5330.945318
51.523209,3,5331.298095
-13.476791,3,5331.340795
54.216439,4,5331.495701
-14.496791,3,5331.670981
51.523209,3,5331.951927
-13.476791,3,5332.13193
59.099294,6,5332.19966
57.967614,5,5332.268621
51.523209,3,5332.459163
-13.476791,3,5332.500414
57.967614,5,5332.57259
-13.476791,3,5332.655672
-13.476791,3,5332.733911
-13.476791,3,5332.785602
-13.552251,3,5332.862874
54.216439,4,5332.925731
-13.476791,3,5333.079362
-13.476791,3,5333.142649
57.967614,5,5333.206253
51.523209,3,5333.287308
-13.476791,3,5333.370493
-13.476791,3,5333.416106
-13.476791,3,5333.595743
-7.032386,5,5334.01934
-13.476791,3,5334.301847
51.523209,3,5334.588507
51.523209,3,5334.877923
51.523209,3,5335.229422
-13.476791,3,5335.408898
57.967614,5,5335.465766
-13.476791,3,5335.519316
-13.476791,3,5335.813567
-13.476791,3,5335.960879
51.523209,3,5336.24214
-13.476791,3,5336.280437
51.523209,3,5336.573505
-13.476791,3,5336.870994
51.523209,3,5337.080223
-13.476791,3,5337.167974
-7.032386,5,5337.539671
50.860209,3,5337.716639
-13.476791,3,5337.868932
-13.476791,3,5338.018231
56.947614,5,5338.096434
-13.476791,3,5338.230507
51.523209,3,5338.492799
-13.476791,3,5338.544757
-13.476791,3,5338.762716
51.523209,3,5339.054566
-13.476791,3,5339.207803
57.967614,5,5339.28934
51.523209,3,5339.564499
-13.476791,3,5339.717031
-13.476791,3,5339.79049
51.523209,3,5340.07046
57.967614,5,5340.13753
-13.552251,3,5340.208177
-13.476791,3,5340.417917
-13.476791,3,5340.570735
57.151614,5,5340.640851
-13.476791,3,5340.704142
54.216439,4,5340.778736
-13.476791,3,5340.939481
-13.476791,3,5340.999638
-13.476791,3,5341.089504
-13.476791,3,5341.236728
-13.627712,3,5341.316686
57.967614,5,5341.388843
-13.476791,3,5341.469373
51.523209,3,5341.636994
51.523209,3,5341.905302
-13.476791,3,5342.075908
-13.476791,3,5342.275723
57.967614,5,5342.345742
-13.476791,3,5342.554619
51.523209,3,5342.927736
-13.703172,3,5342.979752
-7.032386,5,5343.360875
-13.476791,3,5343.403511
-13.476791,3,5343.539834
54.216439,4,5343.65072
-13.476791,3,5343.866124
-14.139791,3,5344.08847
-13.740902,3,5344.135602
-13.476791,3,5344.281902
-13.476791,3,5344.598126
-14.496791,3,5344.753706
-13.476791,3,5344.79568
-13.476791,3,5344.836633
-13.627712,3,5344.878171
-13.476791,3,5345.192144
51.523209,3,5345.389329
-13.476791,3,5345.560705
-13.476791,3,5345.60178
-13.476791,3,5345.684448
51.523209,3,5345.973643
-13.476791,3,5346.251359
-13.476791,3,5346.522211
51.523209,3,5346.615685
51.523209,3,5346.895559
51.523209,3,5347.096867
-13.476791,3,5347.269595
51.523209,3,5347.533944
-13.476791,3,5347.584627
-13.476791,3,5347.62721
-13.552251,3,5347.687348
-13.476791,3,5347.835791
-13.476791,3,5347.987474
-13.476791,3,5348.134252
-14.139791,3,5348.300804
-7.032386,5,5348.610808
57.967614,5,5348.6677
51.523209,3,5348.756607
-13.476791,3,5348.946893
-13.476791,3,5348.989246
-13.476791,3,5349.138398
-13.476791,3,5349.192181
57.967614,5,5349.266072
-13.476791,3,5349.415604
-14.496791,3,5349.460478
-13.476791,3,5349.647556
-13.476791,3,5349.79459
51.523209,3,5349.903682
-13.476791,3,5349.958849
-13.476791,3,5350.016519
57.967614,5,5350.08791
-13.476791,3,5350.301876
51.523209,3,5350.584132
-13.476791,3,5350.669784
54.216439,4,5350.818821
-13.476791,3,5350.878552
51.523209,3,5351.181893
-13.476791,3,5351.234641
-7.032386,5,5351.54879
51.523209,3,5351.823961
-13.552251,3,5351.937566
-13.476791,3,5351.984279
-14.394791,3,5352.174377
57.967614,5,5352.242958
-13.476791,3,5352.391434
-13.476791,3,5352.460737
-13.476791,3,5352.608999
-13.476791,3,5352.690967
-13.476791,3,5352.732952
-13.476791,3,5352.926185
57.967614,5,5352.998595
-7.032386,5,5353.377412
-13.476791,3,5353.427498
51.523209,3,5353.634083
-13.476791,3,5353.846147
-13.476791,3,5353.995524
51.523209,3,5354.09372
57.967614,5,5354.164607
-13.476791,3,5354.217736
-13.476791,3,5354.436458
-13.476791,3,5354.73303
-13.476791,3,5354.852965
-13.476791,3,5355.007344
-13.476791,3,5355.154634
-14.394791,3,5355.338915
-13.476791,3,5355.526189
51.523209,3,5355.81312
57.967614,5,5355.884134
57.967614,5,5355.956063
57.967614,5,5356.023301
-13.476791,3,5356.247721
57.967614,5,5356.315431
51.523209,3,5356.619132
51.523209,3,5356.753255
-13.476791,3,5356.907714
-13.476791,3,5357.119168
-13.476791,3,5357.1676
-13.476791,3,5357.321558
-13.476791,3,5357.39889
51.523209,3,5357.712846
57.967614,5,5357.794211
-13.476791,3,5357.899516
51.523209,3,5357.994982
-13.476791,3,5358.038079
-13.476791,3,5358.226432
-13.476791,3,5358.535766
-13.476791,3,5358.861627
-13.476791,3,5359.045662
-13.476791,3,5359.143421
-13.476791,3,5359.197843
-7.032386,5,5359.583223
-13.476791,3,5359.753951
51.523209,3,5360.033255
-13.476791,3,5360.07845
-7.032386,5,5360.479886
-13.476791,3,5360.77488
-13.476791,3,5361.089022
-13.476791,3,5361.394325
57.967614,5,5361.519543
-13.476791,3,5361.744125
-13.476791,3,5361.823613
-7.032386,5,5362.249356
-13.476791,3,5362.345741
51.523209,3,5362.852825
56.947614,5,5362.946673
-13.476791,3,5363.224306
-14.394791,3,5363.477305
57.967614,5,5363.581554
-13.476791,3,5363.645415
-13.476791,3,5364.139877
57.967614,5,5364.269193
-13.476791,3,5364.721956
-13.476791,3,5364.821016
-13.476791,3,5365.091412
57.967614,5,5365.190681
-13.476791,3,5365.641302
-13.476791,3,5366.004897
-13.476791,3,5366.31416
-15.210791,3,5366.645291
-13.476791,3,5366.925511
-13.476791,3,5367.159369
54.216439,4,5367.227753
-13.476791,3,5367.278605
-13.476791,3,5367.318156
-14.190791,3,5367.38835
-14.190791,3,5367.54885
-13.476791,3,5367.734672
-13.476791,3,5367.802771
-13.476791,3,5368.03898
-14.139791,3,5368.230607
-13.476791,3,5368.288159
-13.476791,3,5368.433561
51.523209,3,5368.682117
51.523209,3,5368.788364
-7.818147,5,5368.862942
-13.476791,3,5368.905268
-13.476791,3,5369.116339
-13.476791,3,5369.165661
-13.476791,3,5369.310603
51.523209,3,5369.571015
-13.476791,3,5369.745301
57.967614,5,5369.814788
54.216439,4,5369.85866
-13.476791,3,5370.003238
57.967614,5,5370.064523
54.216439,4,5370.246381
-13.476791,3,5370.442709
51.523209,3,5370.547683
-13.476791,3,5370.690613
54.216439,4,5370.751574
-13.476791,3,5370.921982
-13.476791,3,5370.963007
-13.476791,3,5371.139782
-13.476791,3,5371.307769
-13.476791,3,5371.596638
-13.476791,3,5371.744197
54.216439,4,5371.88914
-13.476791,3,5372.034554
54.216439,4,5372.218677
-7.032386,5,5372.529883
-13.476791,3,5372.695574
54.216439,4,5372.8417
57.967614,5,5372.899568
51.523209,3,5373.162682
-7.032386,5,5373.441211
51.523209,3,5373.7216
-13.476791,3,5373.899498
-13.476791,3,5373.940828
-11.199004,4,5373.995614
-7.032386,5,5374.340923
54.216439,4,5374.522463
-13.552251,3,5374.582884
54.216439,4,5374.652246
-13.476791,3,5374.932784
-7.032386,5,5375.325502
51.447749,3,5375.567113
57.049614,5,5375.626567
54.216439,4,5375.689959
57.967614,5,5375.754921
-7.032386,5,5376.121803
-13.476791,3,5376.216097
54.216439,4,5376.35912
-13.476791,3,5376.415957
-7.032386,5,5376.79399
54.216439,4,5376.983965
51.523209,3,5377.085339
51.523209,3,5377.193914
-14.190791,3,5377.389015
59.099294,6,5377.452641
-13.476791,3,5377.610902
54.216439,4,5377.771629
51.523209,3,5378.067103
-13.476791,3,5378.222782
51.523209,3,5378.543761
-13.476791,3,5378.73334
-13.476791,3,5378.890719
-13.476791,3,5378.979792
54.216439,4,5379.13531
-13.476791,3,5379.201367
57.967614,5,5379.265905
-10.783561,4,5379.314807
-13.476791,3,5379.505407
51.523209,3,5379.805202
-13.476791,3,5380.119792
54.216439,4,5380.316346
54.216439,4,5380.436168
-7.425267,5,5380.727839
-13.476791,3,5380.899094
-14.139791,3,5381.240865
-13.476791,3,5381.534644
-13.627712,3,5381.580783
-13.476791,3,5381.884321
-13.476791,3,5382.067102
-13.740902,3,5382.117355
-13.476791,3,5382.172497
51.523209,3,5382.467183
-13.476791,3,5382.55708
54.216439,4,5382.618213
51.523209,3,5382.931585
-13.552251,3,5382.979313
57.967614,5,5383.035155
54.216439,4,5383.108097
-13.476791,3,5383.152063
-13.476791,3,5383.295131
59.099294,6,5383.354295
54.216439,4,5383.500628
50.707209,3,5383.785902
-13.476791,3,5383.972725
54.216439,4,5384.128074
-13.476791,3,5384.178902
-13.476791,3,5384.329875
-13.703172,3,5384.377343
-13.476791,3,5384.567052
-13.627712,3,5384.611877
54.216439,4,5384.771212
54.216439,4,5384.835802
54.216439,4,5385.018627
-13.476791,3,5385.279537
59.099294,6,5385.343029
-13.476791,3,5385.406938
59.099294,6,5385.474422
57.967614,5,5385.531414
-14.394791,3,5385.833286
-13.740902,3,5385.882772
51.523209,3,5386.22033
-14.394791,3,5386.377038
54.216439,4,5386.455528
57.304614,5,5386.512892
-13.476791,3,5386.797801
59.099294,6,5386.856325
-13.476791,3,5386.999264
-13.476791,3,5387.298358
54.216439,4,5387.361874
-13.476791,3,5387.66377
-13.476791,3,5387.816933
-13.476791,3,5387.879557
54.216439,4,5387.941433
51.523209,3,5388.219929
51.523209,3,5388.319003
-14.394791,3,5388.475202
54.216439,4,5388.654394
51.523209,3,5388.944568
-13.476791,3,5389.117805
-13.476791,3,5389.419482
-13.476791,3,5389.618379
59.099294,6,5389.692487
58.510704,6,5389.791931
-13.476791,3,5389.959452
54.216439,4,5390.048656
54.216439,4,5390.274117
54.216439,4,5390.420779
-13.476791,3,5390.477102
54.216439,4,5390.563432
-13.476791,3,5390.621853
-13.703172,3,5390.6669
-13.476791,3,5390.828868
-13.476791,3,5390.989212
51.523209,3,5391.264207
-13.476791,3,5391.588939
53.400439,4,5391.786519
-10.991283,4,5391.99423
54.216439,4,5392.138913
-7.032386,5,5392.485519
54.216439,4,5392.637668
57.967614,5,5392.707924
-13.476791,3,5392.916972
54.216439,4,5393.073371
54.216439,4,5393.155118
57.967614,5,5393.223581
54.216439,4,5393.373246
-13.476791,3,5393.548807
53.29844,4,5393.606028
-13.476791,3,5393.662694
51.523209,3,5393.964547
59.099294,6,5394.032833
-13.476791,3,5394.326821
54.216439,4,5394.483775
51.523209,3,5394.579097
59.099294,6,5394.649488
54.216439,4,5394.724268
-13.476791,3,5394.870857
-13.476791,3,5395.044362
51.523209,3,5395.141194
-14.190791,3,5395.33527
54.216439,4,5395.492328
-13.476791,3,5395.659915
54.216439,4,5395.811261
-13.476791,3,5396.029295
51.523209,3,5396.283612
-13.476791,3,5396.444374
-13.476791,3,5396.484534
57.967614,5,5396.563941
-13.476791,3,5396.877849
54.216439,4,5397.073738
-13.740902,3,5397.118416
-13.627712,3,5397.181756
54.216439,4,5397.243931
54.216439,4,5397.31698
51.523209,3,5397.416816
59.099294,6,5397.486078
-14.292791,3,5397.576916
54.216439,4,5397.620106
-13.552251,3,5397.71472
59.099294,6,5397.77187
57.967614,5,5397.842015
57.967614,5,5397.900124
-13.476791,3,5398.07413
-14.394791,3,5398.118282
54.216439,4,5398.279706
51.523209,3,5398.536467
57.967614,5,5398.605375
-13.476791,3,5398.758395
-13.476791,3,5398.918765
-7.032386,5,5399.251099
-13.476791,3,5399.325365
50.605209,3,5399.566009
-13.476791,3,5399.725763
51.523209,3,5400.013803
-13.476791,3,5400.322739
-13.476791,3,5400.528321
-13.476791,3,5400.732677
57.967614,5,5400.811478
54.216439,4,5400.869262
-13.476791,3,5401.049985
-13.476791,3,5401.228676
-13.476791,3,5401.282362
-13.476791,3,5401.429213
-7.950386,5,5401.784349
-13.476791,3,5401.997534
-13.476791,3,5402.155789
-13.476791,3,5402.326924
54.216439,4,5402.474275
-13.476791,3,5402.64408
57.967614,5,5402.714092
-7.032386,5,5403.051299
57.967614,5,5403.129476
51.523209,3,5403.40153
53.400439,4,5403.566223
-10.783561,4,5403.62288
51.523209,3,5403.874622
-10.783561,4,5404.115453
54.216439,4,5404.277359
-13.476791,3,5404.490859
-13.476791,3,5404.639691
59.099294,6,5404.69983
-13.476791,3,5404.917937
54.216439,4,5405.099926
51.523209,3,5405.193989
54.216439,4,5405.269394
-14.190791,3,5405.327027
54.216439,4,5405.413891
54.216439,4,5405.479071
-13.476791,3,5405.681301
-7.818147,5,5405.765682
54.216439,4,5405.823223
-13.476791,3,5406.00946
-13.627712,3,5406.059199
59.099294,6,5406.117066
-13.627712,3,5406.171923
51.523209,3,5406.449988
-11.199004,4,5406.51465
-13.476791,3,5406.65937
59.099294,6,5406.729028
59.099294,6,5406.797478
51.523209,3,5406.901249
-14.292791,3,5407.04878
-14.139791,3,5407.114432
-13.476791,3,5407.165844
-10.783561,4,5407.216845
59.099294,6,5407.276415
-13.476791,3,5407.45191
-14.292791,3,5407.602929
59.099294,6,5407.671095
-14.139791,3,5407.846861
-13.476791,3,5407.994748
51.523209,3,5408.212085
-13.476791,3,5408.303242
54.216439,4,5408.447068
-11.406726,4,5408.526376
-13.476791,3,5408.582318
-13.476791,3,5408.727452
54.216439,4,5408.823045
57.967614,5,5408.880191
-13.476791,3,5409.05151
-13.476791,3,5409.20763
53.502439,4,5409.26872
50.605209,3,5409.36573
-13.476791,3,5409.519904
59.099294,6,5409.577588
-13.476791,3,5409.755758
-13.476791,3,5409.811888
54.216439,4,5409.960341
-13.476791,3,5410.247015
54.216439,4,5410.289969
54.216439,4,5410.329089
-13.476791,3,5410.379435
51.523209,3,5410.662264
57.967614,5,5410.73501
-13.476791,3,5410.884237
-13.476791,3,5411.06931
54.216439,4,5411.253281
-13.476791,3,5411.295628
54.216439,4,5411.365377
53.196439,4,5411.51449
51.523209,3,5411.792179
54.216439,4,5411.833442
-13.476791,3,5412.031233
-13.476791,3,5412.246557
-7.032386,5,5412.527293
-13.476791,3,5412.579944
51.523209,3,5412.666782
-13.476791,3,5412.717885
57.151614,5,5412.785486
57.967614,5,5412.850387
-13.476791,3,5412.891196
54.216439,4,5413.037798
51.523209,3,5413.333982
54.216439,4,5413.484616
-13.476791,3,5413.562398
54.216439,4,5413.703644
-13.476791,3,5413.848888
59.099294,6,5413.9182
-13.476791,3,5414.12557
-13.476791,3,5414.411082
-13.476791,3,5414.583375
-13.476791,3,5414.729351
-13.476791,3,5415.048447
51.523209,3,5415.151044
57.967614,5,5415.219649
51.523209,3,5415.503196
54.216439,4,5415.650055
-13.476791,3,5415.836328
-13.476791,3,5416.056155
51.523209,3,5416.310299
59.099294,6,5416.365097
51.523209,3,5416.542629
54.216439,4,5416.66173
-13.476791,3,5416.830301
-13.476791,3,5416.978491
-14.394791,3,5417.133516
-13.476791,3,5417.342572
58.436294,6,5417.38317
58.436294,6,5417.447406
51.523209,3,5417.542012
54.216439,4,5417.693755
59.099294,6,5417.721792
54.216439,4,5417.954135
59.099294,6,5418.009408
-13.476791,3,5418.256483
57.967614,5,5418.310075
57.967614,5,5418.375206
-10.783561,4,5418.616909
-13.476791,3,5418.823459
-13.476791,3,5419.025227
59.099294,6,5419.054713
54.216439,4,5419.113373
51.523209,3,5419.282149
54.216439,4,5419.399411
51.523209,3,5419.541881
54.216439,4,5419.613655
59.099294,6,5419.669767
-13.476791,3,5419.811916
54.216439,4,5420.184694
-13.476791,3,5420.485439
-13.476791,3,5420.837445
50.503209,3,5421.278445
59.099294,6,5421.407297
-11.406726,4,5421.479641
-13.476791,3,5421.741884
54.216439,4,5422.075392
54.216439,4,5422.590065
54.216439,4,5422.881061
54.216439,4,5423.196438
-11.510587,4,5423.274511
51.523209,3,5423.457814
51.523209,3,5423.798789
59.099294,6,5423.907575
-13.476791,3,5424.157748
-13.476791,3,5424.619745
54.216439,4,5424.823668
-13.476791,3,5424.935677
51.523209,3,5425.121157
54.216439,4,5425.27349
51.523209,3,5425.476613
-13.476791,3,5425.799432
51.523209,3,5426.403536
54.216439,4,5426.51677
-13.476791,3,5426.610057
59.099294,6,5426.696791
-13.476791,3,5427.2327
51.523209,3,5427.735071
54.216439,4,5428.053378
51.523209,3,5428.361925
-7.818147,5,5428.709988
54.216439,4,5429.005392
54.216439,4,5429.151332
51.523209,3,5429.69536
-13.476791,3,5430.03132
54.216439,4,5430.163225
-13.476791,3,5430.446319
-13.476791,3,5430.7746
54.216439,4,5431.232289
53.29844,4,5431.455116
59.099294,6,5431.590146
-14.190791,3,5431.900326
51.523209,3,5432.087421
54.216439,4,5432.221833
54.216439,4,5432.317478
-13.476791,3,5432.614621
59.099294,6,5432.748559
50.809209,3,5433.24313
54.216439,4,5433.395477
54.216439,4,5433.623382
-13.627712,3,5433.736779
-13.740902,3,5433.82565
59.099294,6,5433.889923
54.216439,4,5434.255672
54.216439,4,5434.513105
51.523209,3,5434.858515
59.099294,6,5434.997982
54.216439,4,5435.084848
-13.476791,3,5435.457171
-13.476791,3,5435.758191
-13.476791,3,5436.05729
54.216439,4,5436.234194
51.523209,3,5436.443554
54.216439,4,5436.703487
-13.476791,3,5437.041595
54.216439,4,5437.49642
51.523209,3,5437.980288
-13.476791,3,5438.309739
51.523209,3,5438.664903
51.523209,3,5438.805113
54.216439,4,5439.311381
59.099294,6,5439.40572
-13.476791,3,5439.670455
54.216439,4,5439.869457
53.502439,4,5440.329226
51.523209,3,5440.514786
54.216439,4,5440.883833
58.436294,6,5440.955767
59.099294,6,5441.064753
54.216439,4,5441.177004
-14.139791,3,5441.444084
54.216439,4,5441.851608
59.099294,6,5441.926836
-13.476791,3,5442.274444
54.216439,4,5442.486775
-13.476791,3,5442.723695
-13.476791,3,5442.855962
54.216439,4,5443.239999
53.29844,4,5443.656076
59.099294,6,5443.717032
51.523209,3,5444.222859
-10.783561,4,5444.418576
54.216439,4,5444.536773
54.216439,4,5444.873165
-10.783561,4,5445.087409
-7.666476,6,5445.352761
53.196439,4,5445.443388
-14.454902,3,5445.500455
59.099294,6,5445.610697
-13.476791,3,5446.109048
54.216439,4,5446.246753
54.216439,4,5446.616271
54.216439,4,5447.002064
-13.740902,3,5447.078713
59.099294,6,5447.173993
-13.476791,3,5447.492236
51.523209,3,5447.671347
-13.476791,3,5447.976012
54.216439,4,5448.061647
59.099294,6,5448.204782
-13.476791,3,5448.373332
58.283294,6,5448.464399
54.216439,4,5448.754641
-13.740902,3,5448.82531
54.216439,4,5449.059909
54.216439,4,5449.263319
54.216439,4,5449.484756
51.523209,3,5450.054252
59.099294,6,5450.117269
54.216439,4,5450.585238
-13.627712,3,5450.667331
59.099294,6,5450.827077
54.216439,4,5451.021342
54.216439,4,5451.273644
50.707209,3,5451.420395
54.216439,4,5451.759637
54.216439,4,5452.044492
-13.476791,3,5452.274736
51.523209,3,5452.602308
54.216439,4,5452.699376
-14.394791,3,5452.966259
54.216439,4,5453.258991
54.216439,4,5453.654537
54.216439,4,5453.957872
59.099294,6,5454.08363
-13.476791,3,5454.440423
54.216439,4,5454.611638
54.216439,4,5455.132707
-13.476791,3,5455.381556
-13.740902,3,5455.446446
50.605209,3,5455.598662
-13.476791,3,5455.991502
51.523209,3,5456.53393
54.216439,4,5456.631763
59.099294,6,5456.739016
59.099294,6,5456.862974
-14.190791,3,5457.228157
59.099294,6,5457.287707
-13.476791,3,5457.471877
-13.476791,3,5457.780163
59.099294,6,5457.936157
51.523209,3,5458.090187
51.523209,3,5458.629259
-13.476791,3,5458.901407
-13.476791,3,5459.123389
-13.476791,3,5459.497475
51.523209,3,5460.144728
54.216439,4,5460.29343
59.099294,6,5460.33406
54.216439,4,5460.525286
-13.476791,3,5460.772458
53.55344,4,5460.831562
-13.476791,3,5461.137933
57.967614,5,5461.205553
-13.627712,3,5461.251988
59.099294,6,5461.295868
54.216439,4,5461.449931
54.216439,4,5461.520361
-6.489296,6,5461.826178
51.523209,3,5462.003956
-13.476791,3,5462.146266
-10.783561,4,5462.274339
59.099294,6,5462.340541
54.216439,4,5462.537249
54.216439,4,5462.679957
54.216439,4,5462.72153
54.216439,4,5462.891826
54.216439,4,5463.037757
-10.783561,4,5463.09236
54.216439,4,5463.163397
54.216439,4,5463.323917
54.216439,4,5463.438982
54.216439,4,5463.638806
54.216439,4,5463.757204
54.216439,4,5463.927351
-5.900706,6,5464.315798
51.523209,3,5464.70837
-10.783561,4,5464.940331
59.099294,6,5464.979997
53.55344,4,5465.16325
-13.476791,3,5465.327518
54.216439,4,5465.486857
-11.406726,4,5465.548949
54.216439,4,5465.755099
54.216439,4,5465.866737
54.216439,4,5466.01939
-13.703172,3,5466.05639
54.216439,4,5466.206394
53.196439,4,5466.332658
54.008717,4,5466.444027
-13.740902,3,5466.487822
54.216439,4,5466.632405
54.216439,4,5466.705119
-11.199004,4,5466.766845
54.216439,4,5466.831914
-13.476791,3,5466.874038
59.099294,6,5466.926527
54.216439,4,5467.103917
54.216439,4,5467.310838
54.216439,4,5467.417384
-13.703172,3,5467.460545
54.216439,4,5467.542832
59.099294,6,5467.610532
54.216439,4,5467.844192
59.099294,6,5467.912716
54.216439,4,5468.078336
54.216439,4,5468.149416
54.216439,4,5468.21801
54.216439,4,5468.287882
-5.900706,6,5468.681727
54.216439,4,5468.832334
54.216439,4,5468.937546
54.216439,4,5468.993486
59.099294,6,5469.024625
54.216439,4,5469.272573
54.216439,4,5469.345577
-13.740902,3,5469.388757
54.216439,4,5469.558048
54.216439,4,5469.715857
54.216439,4,5469.827869
59.099294,6,5469.867108
-11.199004,4,5470.095858
54.216439,4,5470.156043
54.216439,4,5470.332874
53.196439,4,5470.486905
54.216439,4,5470.602596
54.216439,4,5470.662677
-11.510587,4,5470.704593
54.216439,4,5470.852343
54.216439,4,5470.981877
-10.783561,4,5471.080653
-11.510587,4,5471.128443
54.216439,4,5471.337188
54.216439,4,5471.532048
54.216439,4,5471.762974
54.216439,4,5471.96034
54.216439,4,5472.022309
51.523209,3,5472.272409
54.216439,4,5472.473164
54.216439,4,5472.682503
57.78954,7,5472.738206
54.216439,4,5472.805103
59.099294,6,5472.842173
54.216439,4,5472.911699
57.78954,7,5472.96667
54.216439,4,5473.069926
54.216439,4,5473.139636
-13.476791,3,5473.194224
54.216439,4,5473.32195
54.216439,4,5473.428391
54.216439,4,5473.580275
54.216439,4,5473.680197
-11.406726,4,5473.73563
51.523209,3,5473.825763
54.216439,4,5473.970762
54.216439,4,5474.115768
-13.476791,3,5474.268566
54.216439,4,5474.396812
59.099294,6,5474.467537
51.523209,3,5474.730161
59.099294,6,5474.770542
-13.476791,3,5474.921663
54.216439,4,5475.071753
54.216439,4,5475.233704
-8.657233,7,5475.656775
54.216439,4,5475.85184
-13.552251,3,5475.993409
54.216439,4,5476.135746
59.099294,6,5476.184322
53.55344,4,5476.256034
-12.015004,4,5476.520198
59.099294,6,5476.588172
54.216439,4,5476.675536
51.523209,3,5476.777416
54.216439,4,5477.10605
51.523209,3,5477.329717
54.216439,4,5477.388017
54.216439,4,5477.568609
51.523209,3,5477.756114
53.29844,4,5477.875099
53.196439,4,5478.107215
54.216439,4,5478.262655
54.216439,4,5478.324357
59.099294,6,5478.367926
54.216439,4,5478.508283
54.216439,4,5478.575318
-7.032386,5,5478.93967
59.099294,6,5478.971886
-13.476791,3,5479.127335
59.099294,6,5479.170715
54.216439,4,5479.403479
54.216439,4,5479.448351
54.216439,4,5479.685326
54.216439,4,5479.84199
53.55344,4,5479.960539
54.216439,4,5480.069361
-13.476791,3,5480.360154
57.78954,7,5480.39922
54.216439,4,5480.441978
54.216439,4,5480.560863
54.216439,4,5480.715587
-10.783561,4,5480.991713
54.216439,4,5481.03679
54.216439,4,5481.140359
54.216439,4,5481.244092
54.216439,4,5481.402808
54.216439,4,5481.467309
54.216439,4,5481.670449
57.967614,5,5481.740994
54.216439,4,5481.89514
54.216439,4,5481.960323
54.216439,4,5482.073165
54.216439,4,5482.136586
54.216439,4,5482.193956
54.216439,4,5482.350254
54.216439,4,5482.588955
57.78954,7,5482.645575
54.216439,4,5482.801592
54.216439,4,5482.956212
59.099294,6,5483.002291
54.216439,4,5483.165414
59.099294,6,5483.203233
54.216439,4,5483.371828
54.216439,4,5483.518474
59.099294,6,5483.585067
54.216439,4,5483.641781
54.216439,4,5483.798083
57.78954,7,5483.879077
53.502439,4,5483.994303
54.216439,4,5484.053072
54.216439,4,5484.199996
54.216439,4,5484.258428
54.216439,4,5484.434351
-13.476791,3,5484.577373
54.216439,4,5484.745894
59.099294,6,5484.792721
51.523209,3,5484.895002
51.523209,3,5485.137097
54.216439,4,5485.328049
-13.627712,3,5485.367928
54.216439,4,5485.515874
54.216439,4,5485.700226
-13.476791,3,5485.758683
54.216439,4,5485.91963
54.008717,4,5486.19189
59.099294,6,5486.259306
-13.476791,3,5486.335449
54.216439,4,5486.42888
54.216439,4,5486.495185
57.304614,5,5486.585396
57.967614,5,5486.630383
54.216439,4,5486.776404
54.216439,4,5486.886852
54.216439,4,5487.002255
-13.552251,3,5487.076228
-13.476791,3,5487.230634
-13.476791,3,5487.402448
54.216439,4,5487.531838
57.78954,7,5487.563866
54.216439,4,5487.684932
-13.476791,3,5487.841106
-13.627712,3,5487.89965
53.55344,4,5488.071064
54.216439,4,5488.178213
-11.510587,4,5488.222224
54.216439,4,5488.341988
53.196439,4,5488.499578
54.216439,4,5488.686113
54.216439,4,5488.793061
54.216439,4,5489.056346
54.216439,4,5489.197283
57.78954,7,5489.276809
51.523209,3,5489.500789
-7.818147,5,5489.637671
-14.139791,3,5489.74443
54.216439,4,5490.038934
53.55344,4,5490.182306
51.523209,3,5490.576568
54.216439,4,5491.001133
54.216439,4,5491.301231
54.216439,4,5491.656787
-13.476791,3,5491.941916
51.523209,3,5492.349648
54.216439,4,5492.700118
53.55344,4,5492.990736
57.78954,7,5493.074959
-13.476791,3,5493.298322
54.216439,4,5493.543259
54.216439,4,5493.794139
54.216439,4,5494.105456
54.216439,4,5494.586465
54.216439,4,5494.909037
-13.552251,3,5495.03937
59.099294,6,5495.183584
-11.199004,4,5495.293677
54.216439,4,5495.542794
54.216439,4,5495.69558
54.216439,4,5496.096928
51.523209,3,5496.410463
57.78954,7,5496.485183
54.216439,4,5496.630888
-13.476791,3,5496.74633
53.29844,4,5497.182957
-13.740902,3,5497.262399
54.216439,4,5497.542464
54.216439,4,5497.888217
54.216439,4,5498.179198
57.78954,7,5498.276762
-13.476791,3,5498.555384
54.216439,4,5498.912113
57.78954,7,5498.998663
59.099294,6,5499.069288
54.216439,4,5499.104948
54.216439,4,5499.25994
54.216439,4,5499.464272
-13.476791,3,5499.66888
56.87154,7,5499.739059
54.216439,4,5499.803975
57.796704,6,5499.880393
-13.476791,3,5500.05979
54.216439,4,5500.150646
59.099294,6,5500.190702
54.216439,4,5500.433203
54.216439,4,5500.545452
-13.476791,3,5500.717168
54.216439,4,5500.834913
54.216439,4,5500.984849
-13.476791,3,5501.180603
59.099294,6,5501.227799
-13.476791,3,5501.268993
54.216439,4,5501.419368
-13.476791,3,5501.477282
54.216439,4,5501.626987
-13.476791,3,5501.679488
59.099294,6,5501.7427
54.216439,4,5501.906501
54.216439,4,5501.952048
54.216439,4,5502.107225
54.216439,4,5502.323316
54.216439,4,5502.46227
54.216439,4,5502.62011
-13.476791,3,5502.67196
57.049614,5,5502.739189
54.216439,4,5502.927159
-5.900706,6,5503.229582
-13.476791,3,5503.283321
54.216439,4,5503.344022
54.216439,4,5503.544765
54.216439,4,5503.60825
54.216439,4,5503.760228
54.216439,4,5503.832174
54.216439,4,5503.940599
57.151614,5,5503.994919
-13.627712,3,5504.042237
54.216439,4,5504.242172
-13.476791,3,5504.289864
54.216439,4,5504.444568
-13.476791,3,5504.498655
54.216439,4,5504.604389
54.216439,4,5504.668123
-13.476791,3,5504.872416
-5.900706,6,5505.074336
-13.142587,4,5505.11868
54.216439,4,5505.222265
-13.476791,3,5505.381866
54.216439,4,5505.530303
-13.476791,3,5505.681862
51.523209,3,5505.96656
59.099294,6,5506.00923
-13.476791,3,5506.15582
54.216439,4,5506.204414
54.216439,4,5506.446295
59.099294,6,5506.486162
54.216439,4,5506.540404
59.099294,6,5506.597248
-14.621172,3,5506.637166
-13.476791,3,5506.786303
-13.552251,3,5506.854974
59.099294,6,5506.916751
58.385294,6,5506.988706
54.216439,4,5507.050474
51.523209,3,5507.121259
-14.190791,3,5507.295279
54.216439,4,5507.438131
51.523209,3,5507.606068
54.216439,4,5507.706477
51.523209,3,5507.890689
54.216439,4,5508.032287
-13.740902,3,5508.073175
57.049614,5,5508.260472
-5.900706,6,5508.675519
-13.740902,3,5508.718042
-13.476791,3,5508.867923
54.216439,4,5509.016272
54.216439,4,5509.242054
54.216439,4,5509.359327
-13.476791,3,5509.530495
54.216439,4,5509.607122
54.216439,4,5509.77438
51.523209,3,5509.96793
51.523209,3,5510.267231
57.967614,5,5510.326303
-13.476791,3,5510.378941
-13.476791,3,5510.432815
51.523209,3,5510.721813
54.216439,4,5510.869632
-13.476791,3,5510.924432
-13.476791,3,5511.100404
-13.476791,3,5511.286471
-7.666476,6,5511.383273
-13.476791,3,5511.585253
54.216439,4,5511.791138
54.216439,4,5511.969589
54.216439,4,5512.140677
-13.476791,3,5512.342064
59.099294,6,5512.429323
51.523209,3,5512.729969
54.216439,4,5512.935143
54.216439,4,5513.149106
59.099294,6,5513.217153
-13.476791,3,5513.473135
54.216439,4,5513.742687
54.216439,4,5513.813552
-13.476791,3,5513.964101
54.216439,4,5514.185201
51.523209,3,5514.578921
59.099294,6,5514.625591
59.099294,6,5514.685772
54.216439,4,5514.729963
-13.476791,3,5514.909101
59.099294,6,5514.967421
-13.476791,3,5515.192888
-13.476791,3,5515.367849
-13.476791,3,5515.555659
-14.190791,3,5515.76481
-13.476791,3,5515.955691
-10.783561,4,5516.090587
51.523209,3,5516.314133
51.523209,3,5516.416172
-13.476791,3,5516.47887
-13.476791,3,5516.628291
54.216439,4,5516.817043
51.523209,3,5516.903883
59.099294,6,5516.973686
54.216439,4,5517.168313
54.216439,4,5517.218145
50.860209,3,5517.310046
59.099294,6,5517.345942
-13.476791,3,5517.496316
54.216439,4,5517.684936
53.55344,4,5517.797565
-14.139791,3,5517.850042
53.400439,4,5518.03968
-13.476791,3,5518.189077
59.099294,6,5518.236445
54.216439,4,5518.443518
54.216439,4,5518.513631
58.385294,6,5518.573691
54.216439,4,5518.690726
54.216439,4,5518.7575
54.216439,4,5518.935866
54.216439,4,5519.106562
-11.510587,4,5519.147344
54.216439,4,5519.25953
-13.476791,3,5519.535679
54.216439,4,5519.775565
-13.476791,3,5519.936081
53.196439,4,5519.982368
54.216439,4,5520.021215
-11.199004,4,5520.100823
-13.476791,3,5520.253477
54.216439,4,5520.321337
-14.190791,3,5520.485022
-13.627712,3,5520.549981
54.216439,4,5520.678025
51.523209,3,5520.790021
54.216439,4,5521.050207
54.216439,4,5521.172946
-13.476791,3,5521.378241
-13.476791,3,5521.599639
51.523209,3,5521.737793
59.099294,6,5521.811125
51.523209,3,5521.940925
-13.476791,3,5522.13529
54.216439,4,5522.347656
-11.199004,4,5522.421069
54.216439,4,5522.549477
-13.476791,3,5522.710672
-13.476791,3,5522.903396
54.216439,4,5523.020704
-12.428587,4,5523.062051
54.216439,4,5523.280952
54.216439,4,5523.487204
59.099294,6,5523.54493
-13.476791,3,5523.700701
54.216439,4,5523.825568
-11.199004,4,5524.094751
53.196439,4,5524.30448
54.216439,4,5524.420561
53.29844,4,5524.617058
-13.476791,3,5524.777858
-14.139791,3,5524.978838
59.099294,6,5525.049898
54.216439,4,5525.218792
59.099294,6,5525.264855
-13.476791,3,5525.470834
-13.476791,3,5525.659485
54.216439,4,5525.830652
-14.341712,3,5525.887666
54.216439,4,5526.147719
59.099294,6,5526.232458
59.099294,6,5526.293208
54.216439,4,5526.337354
54.216439,4,5526.507453
-13.740902,3,5526.550586
54.216439,4,5526.716792
-13.476791,3,5526.890011
53.29844,4,5527.134702
-13.476791,3,5527.286739
54.216439,4,5527.53233
54.216439,4,5527.721009
51.523209,3,5528.021101
54.216439,4,5528.144295
-13.476791,3,5528.335596
-13.476791,3,5528.512753
-13.476791,3,5528.691639
54.216439,4,5528.889131
51.523209,3,5529.187486
51.523209,3,5529.258227
-11.510587,4,5529.302845
54.216439,4,5529.38464
54.216439,4,5529.469244
59.099294,6,5529.511235
-13.476791,3,5529.692424
54.216439,4,5529.875492
57.78954,7,5529.939135
-13.476791,3,5530.13585
54.216439,4,5530.229063
-13.476791,3,5530.386759
51.523209,3,5530.604326
59.099294,6,5530.679052
-13.476791,3,5530.866992
-13.476791,3,5531.085625
54.216439,4,5531.33086
51.523209,3,5531.558694
59.099294,6,5531.632865
54.216439,4,5531.718935
54.216439,4,5531.87982
54.216439,4,5532.094027
-13.476791,3,5532.15461
57.12654,7,5532.219923
54.216439,4,5532.428551
54.216439,4,5532.464638
54.216439,4,5532.57504
54.216439,4,5532.729045
51.523209,3,5532.8461
54.216439,4,5532.967993
-13.476791,3,5533.118696
54.216439,4,5533.279767
54.216439,4,5533.436239
54.216439,4,5533.564796
59.099294,6,5533.625547
54.216439,4,5533.764955
54.216439,4,5533.906224
53.29844,4,5534.061276
59.099294,6,5534.132581
54.216439,4,5534.336296
-13.476791,3,5534.488932
54.216439,4,5534.694581
59.099294,6,5534.73092
54.216439,4,5534.790676
54.216439,4,5535.048143
54.216439,4,5535.161022
54.216439,4,5535.261047
51.523209,3,5535.360949
54.216439,4,5535.597447
54.216439,4,5535.802829
-13.476791,3,5535.978298
51.523209,3,5536.242416
-10.783561,4,5536.45694
-13.476791,3,5536.510943
51.523209,3,5536.631111
59.099294,6,5536.660903
54.216439,4,5536.739525
56.87154,7,5536.797784
57.78954,7,5536.853821
57.78954,7,5536.923724
-13.476791,3,5537.113562
51.523209,3,5537.425187
59.099294,6,5537.45537
54.216439,4,5537.662437
54.216439,4,5537.850347
51.523209,3,5537.932453
54.216439,4,5538.131003
54.216439,4,5538.306964
54.216439,4,5538.512324
59.099294,6,5538.586234
54.216439,4,5538.752537
54.216439,4,5538.968137
-13.476791,3,5539.128415
54.216439,4,5539.285902
57.78954,7,5539.347549
-13.476791,3,5539.505949
59.099294,6,5539.557024
51.523209,3,5539.652464
54.216439,4,5539.85407
57.78954,7,5539.912364
54.216439,4,5540.068811
51.523209,3,5540.174072
54.216439,4,5540.293689
54.216439,4,5540.483938
-13.476791,3,5540.540136
-13.476791,3,5540.695948
-13.703172,3,5540.738097
59.099294,6,5540.807502
51.523209,3,5540.999153
54.216439,4,5541.156021
-13.476791,3,5541.361282
-13.476791,3,5541.554564
54.216439,4,5541.667078
-13.476791,3,5541.81649
59.099294,6,5541.885931
54.216439,4,5542.075591
-13.476791,3,5542.250514
54.216439,4,5542.352538
58.079294,6,5542.411671
-13.476791,3,5542.622588
54.216439,4,5542.785658
54.216439,4,5542.841256
51.523209,3,5543.040852
-13.627712,3,5543.084014
51.523209,3,5543.302644
-13.703172,3,5543.343399
53.502439,4,5543.595739
-13.476791,3,5543.808974
-13.476791,3,5543.864728
59.099294,6,5543.924337
54.216439,4,5544.074191
-14.647712,3,5544.131485
51.523209,3,5544.223437
-13.476791,3,5544.374392
49.840209,3,5544.724298
-14.292791,3,5544.820743
54.216439,4,5545.060591
-13.476791,3,5545.25238
-8.211028,5,5545.335607
54.216439,4,5545.401042
59.099294,6,5545.473493
58.436294,6,5545.527948
51.523209,3,5545.772607
-13.476791,3,5545.830806
-13.476791,3,5545.885075
51.523209,3,5546.167046
-11.199004,4,5546.314604
-13.476791,3,5546.4807
54.216439,4,5546.58607
54.216439,4,5546.648322
54.216439,4,5546.724334
54.216439,4,5546.878309
-8.445267,5,5547.092832
51.523209,3,5547.187186
-13.476791,3,5547.340172
51.523209,3,5547.43235
54.216439,4,5547.541732
-13.476791,3,5547.580316
59.099294,6,5547.645839
51.523209,3,5547.747085
51.523209,3,5547.821045
-13.476791,3,5548.048218
51.523209,3,5548.291712
54.216439,4,5548.330322
-13.476791,3,5548.387306
-13.476791,3,5548.570683
-13.476791,3,5548.743697
54.216439,4,5548.941462
54.216439,4,5549.186892
58.283294,6,5549.25716
-13.476791,3,5549.404156
54.216439,4,5549.520943
-11.510587,4,5549.562526
54.216439,4,5549.671171
-13.476791,3,5549.854218
54.216439,4,5549.912688
-13.476791,3,5549.970811
54.216439,4,5550.06633
-13.476791,3,5550.218629
59.099294,6,5550.247172
-13.476791,3,5550.454422
-13.476791,3,5550.667417
54.216439,4,5550.770431
54.216439,4,5550.814814
-13.476791,3,5550.867277
-13.476791,3,5551.083572
-13.476791,3,5551.23382
-13.703172,3,5551.274508
59.099294,6,5551.31555
51.523209,3,5551.425282
-13.476791,3,5551.588617
54.216439,4,5551.792648
-13.703172,3,5551.844661
59.099294,6,5551.896445
54.216439,4,5552.07865
59.099294,6,5552.14151
54.216439,4,5552.252732
59.099294,6,5552.285787
51.523209,3,5552.399924
54.216439,4,5552.518896
54.216439,4,5552.584439
59.099294,6,5552.649293
53.29844,4,5552.888028
59.099294,6,5552.974864
54.216439,4,5553.100688
54.216439,4,5553.336793
-13.476791,3,5553.60553
-13.476791,3,5553.670286
-13.476791,3,5553.849316
-13.476791,3,5554.073044
59.099294,6,5554.128166
50.605209,3,5554.413395
54.216439,4,5554.543485
59.099294,6,5554.586673
53.29844,4,5554.762439
59.099294,6,5554.826879
-13.476791,3,5554.973851
-13.476791,3,5555.066681
54.216439,4,5555.285393
54.216439,4,5555.359526
50.503209,3,5555.46101
-13.476791,3,5555.553841
-5.900706,6,5555.944418
54.216439,4,5556.182361
59.099294,6,5556.227823
51.523209,3,5556.319345
54.216439,4,5556.468532
-13.476791,3,5556.624776
51.523209,3,5556.812636
54.216439,4,5556.917951
54.216439,4,5557.122832
-13.740902,3,5557.164452
59.099294,6,5557.219524
-13.476791,3,5557.274801
59.099294,6,5557.345061
-13.476791,3,5557.490175
54.216439,4,5557.734163
-13.476791,3,5557.88405
-13.740902,3,5557.925791
59.099294,6,5557.982493
59.099294,6,5558.014362
59.099294,6,5558.06931
54.216439,4,5558.179038
-13.740902,3,5558.223675
59.099294,6,5558.267052
54.216439,4,5558.376769
51.523209,3,5558.685663
59.099294,6,5558.743332
54.216439,4,5558.812974
-13.627712,3,5558.856038
54.216439,4,5558.970321
-14.292791,3,5559.114203
59.099294,6,5559.15239
-13.476791,3,5559.302508
59.099294,6,5559.337591
59.099294,6,5559.367155
54.216439,4,5559.409217
-13.476791,3,5559.580119
59.099294,6,5559.637736
59.099294,6,5559.702849
-13.476791,3,5559.930605
57.78954,7,5559.962367
57.78954,7,5560.022812
50.503209,3,5560.290874
59.099294,6,5560.360247
51.523209,3,5560.455675
54.216439,4,5560.605808
59.099294,6,5560.645361
-13.476791,3,5560.722394
59.099294,6,5560.797036
54.216439,4,5560.991286
-13.476791,3,5561.045905
51.523209,3,5561.134886
-13.476791,3,5561.191143
54.216439,4,5561.334607
-13.476791,3,5561.393074
-13.552251,3,5561.471307
-13.476791,3,5561.665256
-13.476791,3,5561.84173
59.099294,6,5561.910631
59.099294,6,5561.980233
54.216439,4,5562.160032
51.523209,3,5562.468087
54.216439,4,5562.637985
51.523209,3,5562.951061
50.605209,3,5563.208224
59.099294,6,5563.264962
54.216439,4,5563.373779
59.099294,6,5563.405816
59.099294,6,5563.446486
58.079294,6,5563.521686
54.216439,4,5563.63417
59.099294,6,5563.681802
-13.476791,3,5563.895045
59.099294,6,5563.970292
-13.476791,3,5564.149927
54.216439,4,5564.300922
53.502439,4,5564.425801
54.216439,4,5564.590836
-13.552251,3,5564.667318
59.099294,6,5564.726163
54.216439,4,5565.011253
-13.476791,3,5565.190553
53.502439,4,5565.347623
54.216439,4,5565.510118
54.216439,4,5565.584367
54.216439,4,5565.739877
-13.476791,3,5565.843567
54.216439,4,5565.927137
-11.497561,4,5566.116074
54.216439,4,5566.2833
51.523209,3,5566.565668
54.216439,4,5566.713072
54.216439,4,5566.821366
54.216439,4,5566.943183
53.55344,4,5567.050264
-13.476791,3,5567.101861
54.216439,4,5567.353014
51.523209,3,5567.464192
-13.476791,3,5567.612832
57.12654,7,5567.695509
54.216439,4,5567.840605
51.523209,3,5568.110084
54.216439,4,5568.308404
-5.900706,6,5568.590024
54.216439,4,5568.757401
57.78954,7,5568.811486
54.216439,4,5569.058098
54.216439,4,5569.12358
54.216439,4,5569.172701
54.216439,4,5569.321277
54.216439,4,5569.501054
-13.627712,3,5569.582732
54.216439,4,5569.774623
54.216439,4,5569.869178
54.216439,4,5570.055694
54.216439,4,5570.215464
53.400439,4,5570.372892
-13.627712,3,5570.426982
54.216439,4,5570.487813
54.216439,4,5570.607828
54.216439,4,5570.805416
-11.406726,4,5570.889755
54.216439,4,5570.951534
54.216439,4,5571.012784
-13.476791,3,5571.160539
54.216439,4,5571.264983
54.216439,4,5571.370391
54.216439,4,5571.475028
51.523209,3,5571.564476
51.523209,3,5571.649123
-13.476791,3,5571.794981
51.523209,3,5571.892483
54.216439,4,5572.120897
-14.496791,3,5572.301236
54.216439,4,5572.535458
54.216439,4,5572.6411
-13.476791,3,5572.824751
51.523209,3,5573.104429
-13.476791,3,5573.258221
-13.476791,3,5573.334694
56.87154,7,5573.39833
54.216439,4,5573.552705
-13.476791,3,5573.716798
57.78954,7,5573.779865
-11.510587,4,5573.819566
54.216439,4,5573.968956
51.523209,3,5574.194025
-10.783561,4,5574.335239
-13.476791,3,5574.484645
57.78954,7,5574.545672
54.216439,4,5574.695609
54.216439,4,5574.78258
51.523209,3,5574.8487
51.523209,3,5575.131444
-13.476791,3,5575.185763
54.216439,4,5575.379792
54.216439,4,5575.59995
58.079294,6,5575.640512
54.216439,4,5575.874568
-13.476791,3,5575.932005
59.099294,6,5575.996805
-7.960771,6,5576.149639
-14.292791,3,5576.352731
-13.476791,3,5576.54792
-13.476791,3,5576.760119
-13.476791,3,5576.825274
-8.211028,5,5576.969518
-13.476791,3,5577.147829
-8.657233,7,5577.233317
53.502439,4,5577.376739
59.099294,6,5577.445103
-13.476791,3,5577.589926
-13.476791,3,5577.796579
-13.476791,3,5578.009829
54.216439,4,5578.204835
53.502439,4,5578.352968
51.523209,3,5578.445246
59.099294,6,5578.489278
54.216439,4,5578.596689
54.216439,4,5578.730781
59.099294,6,5578.789888
51.523209,3,5578.889118
51.447749,3,5579.129201
54.216439,4,5579.362776
-13.476791,3,5579.552717
-13.476791,3,5579.697934
51.523209,3,5579.787879
54.216439,4,5579.936562
-13.476791,3,5580.024566
-13.627712,3,5580.075669
59.099294,6,5580.106207
-13.476791,3,5580.316151
-13.476791,3,5580.511364
-13.476791,3,5580.563982
51.523209,3,5580.646949
51.523209,3,5580.841482
59.099294,6,5580.900678
58.283294,6,5580.929122
51.523209,3,5581.149243
-13.476791,3,5581.203485
-13.476791,3,5581.382924
-13.476791,3,5581.600103
54.216439,4,5581.657634
-13.476791,3,5581.864465
54.216439,4,5581.936167
54.216439,4,5581.978772
-13.476791,3,5582.159267
59.099294,6,5582.218212
-13.476791,3,5582.369898
-13.476791,3,5582.594557
59.099294,6,5582.664059
54.216439,4,5582.743856
59.099294,6,5582.797362
54.216439,4,5582.865493
-5.900706,6,5583.068089
-13.476791,3,5583.277499
-13.476791,3,5583.424133
59.099294,6,5583.481754
54.216439,4,5583.553432
51.523209,3,5583.833164
54.216439,4,5584.065281
-13.552251,3,5584.119873
51.523209,3,5584.410679
-14.190791,3,5584.468157
59.099294,6,5584.524141
-13.476791,3,5584.674612
-13.476791,3,5584.857643
54.216439,4,5585.006499
-13.476791,3,5585.179025
54.008717,4,5585.474447
-10.991283,4,5585.66012
59.099294,6,5585.715766
-13.476791,3,5585.859043
54.216439,4,5585.977242
-13.476791,3,5586.1912
54.216439,4,5586.314014
-13.476791,3,5586.363609
-13.476791,3,5586.525043
59.099294,6,5586.553299
-13.476791,3,5586.725183
58.079294,6,5586.783792
58.385294,6,5586.812933
59.099294,6,5586.850321
-13.476791,3,5586.91409
-13.627712,3,5586.986726
54.216439,4,5587.224997
59.099294,6,5587.266527
59.099294,6,5587.311387
-13.476791,3,5587.49996
54.216439,4,5587.607354
54.216439,4,5587.750797
54.216439,4,5587.809055
59.099294,6,5587.862927
59.099294,6,5587.931259
57.78954,7,5588.004936
59.099294,6,5588.059955
57.78954,7,5588.096337
-13.476791,3,5588.291789
-7.077886,6,5588.476645
54.216439,4,5588.706367
54.216439,4,5588.884061
-13.476791,3,5589.02798
59.099294,6,5589.083027
51.523209,3,5589.258523
-13.476791,3,5589.471071
-13.476791,3,5589.618234
54.216439,4,5589.673502
-14.139791,3,5589.830977
51.523209,3,5589.944757
-13.476791,3,5590.093444
-13.476791,3,5590.276728
54.216439,4,5590.516387
54.216439,4,5590.691492
-13.476791,3,5590.933497
-14.139791,3,5591.094481
59.099294,6,5591.163635
54.216439,4,5591.224967
-13.476791,3,5591.276539
54.216439,4,5591.516239
53.400439,4,5591.667525
54.216439,4,5591.915882
53.502439,4,5592.09409
57.78954,7,5592.124138
54.216439,4,5592.20151
54.216439,4,5592.352869
-10.783561,4,5592.515869
51.523209,3,5592.808854
-13.476791,3,5592.988011
-7.077886,6,5593.150387
-13.476791,3,5593.32484
-13.476791,3,5593.470339
-13.476791,3,5593.650165
51.523209,3,5593.908
51.523209,3,5594.203193
51.523209,3,5594.374856
57.78954,7,5594.418958
-14.292791,3,5594.627513
54.216439,4,5594.828628
54.216439,4,5594.946362
54.216439,4,5595.173213
-13.476791,3,5595.343149
-13.476791,3,5595.551042
54.216439,4,5595.68139
-13.476791,3,5595.873044
54.216439,4,5595.939837
57.78954,7,5595.988326
54.216439,4,5596.119564
54.216439,4,5596.28361
54.216439,4,5596.353494
54.216439,4,5596.391398
-13.476791,3,5596.549088
-13.476791,3,5596.734943
51.523209,3,5596.896627
54.216439,4,5597.12149
-7.960771,6,5597.208604
59.099294,6,5597.238704
54.216439,4,5597.504082
53.55344,4,5597.623006
54.216439,4,5597.741768
-13.552251,3,5597.810875
54.216439,4,5597.946339
-13.740902,3,5597.987548
59.099294,6,5598.058325
57.78954,7,5598.121711
54.216439,4,5598.276674
54.216439,4,5598.519389
-13.476791,3,5598.61033
54.216439,4,5598.719593
-11.510587,4,5598.761581
-14.190791,3,5598.991331
54.216439,4,5599.060059
51.523209,3,5599.229143
54.216439,4,5599.435365
54.216439,4,5599.583244
54.216439,4,5599.724186
59.099294,6,5599.768767
-13.476791,3,5599.823922
54.216439,4,5600.009484
-13.476791,3,5600.1614
54.216439,4,5600.283791
51.523209,3,5600.586263
51.523209,3,5600.883934
54.216439,4,5601.006438
54.216439,4,5601.269495
59.099294,6,5601.344213
54.216439,4,5601.471683
-13.476791,3,5601.714619
54.216439,4,5601.894028
-13.476791,3,5602.119466
-13.476791,3,5602.273716
54.216439,4,5602.424715
54.216439,4,5602.620738
51.523209,3,5602.690423
54.216439,4,5602.872897
54.008717,4,5603.076388
51.523209,3,5603.180726
54.216439,4,5603.277796
54.216439,4,5603.342221
57.967614,5,5603.383296
54.216439,4,5603.633935
54.216439,4,5603.745156
-13.476791,3,5603.920916
-13.476791,3,5604.100351
54.216439,4,5604.217534
59.099294,6,5604.292161
57.12654,7,5604.348419
54.216439,4,5604.451954
51.523209,3,5604.550315
-13.476791,3,5604.700475
-13.703172,3,5604.742848
-13.476791,3,5604.948222
54.216439,4,5605.067594
57.78954,7,5605.145405
-13.476791,3,5605.202995
57.78954,7,5605.241246
-13.476791,3,5605.432971
-13.476791,3,5605.48911
54.216439,4,5605.63826
54.216439,4,5605.699462
51.523209,3,5605.792917
51.523209,3,5605.880069
54.216439,4,5606.031458
54.216439,4,5606.215596
-13.476791,3,5606.43082
54.216439,4,5606.627032
-13.476791,3,5606.776479
54.216439,4,5606.853851
-12.069726,4,5606.923675
51.523209,3,5607.174171
-13.476791,3,5607.367711
51.523209,3,5607.467525
54.216439,4,5607.539298
54.216439,4,5607.723389
54.216439,4,5607.920558
-13.476791,3,5608.089252
54.216439,4,5608.207328
54.216439,4,5608.322216
54.216439,4,5608.475127
-7.818147,5,5608.55304
-13.476791,3,5608.702286
-14.394791,3,5608.851433
-14.292791,3,5609.024094
-13.476791,3,5609.202532
54.216439,4,5609.358275
54.216439,4,5609.465807
-13.703172,3,5609.508367
54.216439,4,5609.579983
54.216439,4,5609.725041
53.29844,4,5609.919606
51.523209,3,5610.027196
59.099294,6,5610.095052
54.216439,4,5610.242326
-13.627712,3,5610.295901
54.216439,4,5610.492011
-13.627712,3,5610.537399
-14.292791,3,5610.707635
54.216439,4,5610.902935
-13.627712,3,5610.965613
54.216439,4,5611.107099
59.099294,6,5611.177191
-13.476791,3,5611.324699
51.523209,3,5611.599055
56.342767,7,5611.686949
54.216439,4,5611.857942
59.099294,6,5611.939574
57.78954,7,5612.005445
54.216439,4,5612.216232
54.216439,4,5612.308877
54.216439,4,5612.417548
54.216439,4,5612.621757
-14.292791,3,5612.853024
54.216439,4,5613.059144
-13.476791,3,5613.23023
-13.476791,3,5613.440925
-13.476791,3,5613.491477
53.502439,4,5613.74224
59.099294,6,5613.811455
-10.783561,4,5613.869595
54.216439,4,5613.977615
53.502439,4,5614.038947
53.29844,4,5614.183195
59.099294,6,5614.224223
59.099294,6,5614.312933
59.099294,6,5614.360554
59.099294,6,5614.417464
-13.476791,3,5614.612353
54.216439,4,5614.73455
59.099294,6,5614.811753
51.523209,3,5614.90967
59.099294,6,5614.956213
-13.476791,3,5615.028903
54.216439,4,5615.191856
-7.032386,5,5615.492221
-14.394791,3,5615.640338
54.216439,4,5615.837213
59.099294,6,5615.879411
-7.818147,5,5615.937016
-13.476791,3,5616.138474
54.216439,4,5616.229858
54.216439,4,5616.34968
54.216439,4,5616.393088
-13.476791,3,5616.556349
-13.552251,3,5616.609015
54.216439,4,5616.650961
-13.476791,3,5616.706041
-10.783561,4,5616.761991
51.523209,3,5616.848158
51.523209,3,5616.954403
-13.476791,3,5617.106819
54.216439,4,5617.231748
50.860209,3,5617.530843
54.216439,4,5617.817655
51.523209,3,5617.921585
54.216439,4,5618.07916
-13.476791,3,5618.255831
-13.476791,3,5618.409242
54.216439,4,5618.564521
57.12654,7,5618.625746
51.523209,3,5618.82454
-13.476791,3,5619.050094
59.099294,6,5619.080848
-13.476791,3,5619.249545
54.216439,4,5619.447098
-13.476791,3,5619.591934
54.216439,4,5619.721699
54.216439,4,5619.923339
54.216439,4,5620.093212
59.099294,6,5620.169511
53.400439,4,5620.392064
51.523209,3,5620.514702
51.523209,3,5620.613184
-13.476791,3,5620.767599
-13.476791,3,5620.963106
59.099294,6,5620.993178
54.216439,4,5621.049109
54.216439,4,5621.308071
-13.476791,3,5621.559547
54.216439,4,5621.819501
57.78954,7,5621.884126
-13.476791,3,5621.935973
54.216439,4,5621.996301
51.523209,3,5622.363141
57.78954,7,5622.43319
-13.476791,3,5622.578495
54.216439,4,5622.723123
-13.476791,3,5622.949627
54.216439,4,5623.15187
54.216439,4,5623.219591
53.29844,4,5623.365042
54.216439,4,5623.50841
-13.476791,3,5623.557861
54.216439,4,5623.680804
54.216439,4,5623.754291
-13.476791,3,5623.958561
54.216439,4,5624.073334
54.216439,4,5624.334414
-13.476791,3,5624.513427
-13.476791,3,5624.681512
54.216439,4,5624.918194
54.216439,4,5625.077711
54.216439,4,5625.231027
54.216439,4,5625.295346
54.216439,4,5625.453188
54.216439,4,5625.529839
59.099294,6,5625.571461
54.216439,4,5625.713884
54.216439,4,5625.857424
54.216439,4,5626.060283
-13.740902,3,5626.100586
54.216439,4,5626.373072
-14.190791,3,5626.52314
-5.900706,6,5626.711304
-13.476791,3,5626.899728
-13.476791,3,5627.067757
57.967614,5,5627.18427
54.216439,4,5627.228366
54.216439,4,5627.373247
-13.476791,3,5627.554745
51.523209,3,5627.634296
54.216439,4,5627.705053
-13.476791,3,5627.879314
-13.476791,3,5628.035184
-12.173587,4,5628.077504
51.523209,3,5628.159016
57.78954,7,5628.214528
54.216439,4,5628.444627
54.216439,4,5628.678747
54.216439,4,5628.919635
54.216439,4,5629.142313
-13.476791,3,5629.300465
59.099294,6,5629.365378
54.216439,4,5629.561145
-13.476791,3,5629.743147
-13.476791,3,5629.92709
-13.476791,3,5630.073163
-13.476791,3,5630.257048
-13.476791,3,5630.411887
54.216439,4,5630.521093
-13.476791,3,5630.738421
-14.292791,3,5630.903357
59.099294,6,5630.97553
-13.552251,3,5631.041457
-13.476791,3,5631.235271
54.216439,4,5631.431305
51.523209,3,5631.635407
59.099294,6,5631.682026
54.216439,4,5631.937816
-13.476791,3,5632.088458
57.78954,7,5632.13429
-13.476791,3,5632.280394
-13.476791,3,5632.335785
-13.476791,3,5632.391293
51.523209,3,5632.563427
51.523209,3,5632.659536
-13.476791,3,5632.833663
59.099294,6,5632.880229
-13.476791,3,5633.091733
51.523209,3,5633.308594
54.216439,4,5633.544673
-13.476791,3,5633.600347
51.523209,3,5633.698817
51.523209,3,5633.790451
54.216439,4,5633.977098
54.216439,4,5634.105645
59.099294,6,5634.146524
-13.476791,3,5634.222425
-13.476791,3,5634.37213
-13.476791,3,5634.415102
-13.703172,3,5634.468178
59.099294,6,5634.498083
59.099294,6,5634.533172
54.216439,4,5634.637765
59.099294,6,5634.713765
-13.476791,3,5634.87134
54.216439,4,5635.093639
57.967614,5,5635.168301
-14.292791,3,5635.346272
59.099294,6,5635.392078
-13.476791,3,5635.448056
51.523209,3,5635.728946
-14.139791,3,5635.787535
53.400439,4,5635.853717
-8.407468,5,5635.911428
53.196439,4,5636.109259
-13.476791,3,5636.253785
-13.476791,3,5636.426856
-13.476791,3,5636.584239
-13.476791,3,5636.640933
57.78954,7,5636.678907
51.523209,3,5636.773272
-7.960771,6,5636.823772
59.099294,6,5636.878451
-13.476791,3,5636.970963
-13.476791,3,5637.118528
-13.476791,3,5637.384717
-13.476791,3,5637.440861
-13.476791,3,5637.590903
-13.627712,3,5637.650366
-13.476791,3,5637.824213
54.216439,4,5638.033304
-13.476791,3,5638.176877
-14.292791,3,5638.350097
-13.476791,3,5638.545281
-13.476791,3,5638.627565
57.78954,7,5638.657338
51.523209,3,5638.876237
-13.476791,3,5639.023362
54.216439,4,5639.170155
-13.476791,3,5639.323234
50.707209,3,5639.46168
-13.476791,3,5639.614599
59.099294,6,5639.680243
57.78954,7,5639.748474
-13.476791,3,5639.957112
57.967614,5,5640.067726
-13.476791,3,5640.14233
-13.476791,3,5640.2147
-13.476791,3,5640.416359
-13.476791,3,5640.462102
-13.476791,3,5640.608841
54.216439,4,5640.848978
57.78954,7,5640.884037
-13.476791,3,5641.091333
51.523209,3,5641.27727
57.967614,5,5641.345366
57.78954,7,5641.37336
-13.476791,3,5641.463542
-14.292791,3,5641.611008
-7.077886,6,5641.69035
51.523209,3,5641.7909
57.78954,7,5641.847592
-13.476791,3,5641.887624
-13.476791,3,5641.940524
-13.476791,3,5641.980401
-13.476791,3,5642.031915
59.099294,6,5642.077492
57.967614,5,5642.143214
-13.476791,3,5642.320387
57.78954,7,5642.37621
-13.740902,3,5642.417252
51.523209,3,5642.575566
-13.476791,3,5642.784203
-13.476791,3,5642.931985
-13.476791,3,5643.088865
-13.476791,3,5643.23454
54.216439,4,5643.333474
-13.476791,3,5643.551524
-13.476791,3,5643.593243
-13.476791,3,5643.748263
-13.476791,3,5643.811369
51.523209,3,5644.071843
-13.476791,3,5644.219888
-13.476791,3,5644.438395
-11.510587,4,5644.48213
-13.476791,3,5644.529565
-14.496791,3,5644.680084
-13.476791,3,5644.852248
-13.476791,3,5644.904958
51.523209,3,5645.107365
-13.476791,3,5645.161164
-13.476791,3,5645.329456
51.523209,3,5645.42235
-13.476791,3,5645.478815
-13.476791,3,5645.526657
-13.476791,3,5645.58912
-13.476791,3,5645.6445
59.099294,6,5645.709398
51.523209,3,5645.929605
-13.476791,3,5645.970081
-13.476791,3,5646.137575
-13.476791,3,5646.282495
-13.476791,3,5646.379962
-13.476791,3,5646.422329
-13.476791,3,5646.47931
-13.476791,3,5646.622704
50.860209,3,5646.879261
58.079294,6,5646.911517
-13.476791,3,5647.130153
-13.476791,3,5647.176515
-13.476791,3,5647.361387
-13.476791,3,5647.555209
-14.292791,3,5647.719119
-13.476791,3,5647.945538
-13.476791,3,5648.143577
-13.476791,3,5648.454273
-13.476791,3,5648.538566
-14.394791,3,5648.596426
-14.290712,3,5648.656974
59.099294,6,5648.711862
-13.476791,3,5648.767242
59.099294,6,5648.831803
-13.476791,3,5649.136425
-13.476791,3,5649.285473
-13.476791,3,5649.448137
54.008717,4,5649.720528
59.099294,6,5649.789806
51.523209,3,5649.891133
59.099294,6,5649.922169
-13.476791,3,5650.221128
59.099294,6,5650.292714
-14.292791,3,5650.349876
-14.190791,3,5650.657714
54.216439,4,5650.780535
-13.476791,3,5650.939665
-13.476791,3,5651.111449
54.216439,4,5651.231633
51.523209,3,5651.456256
-13.476791,3,5651.661858
-13.476791,3,5651.816598
-14.496791,3,5651.904166
59.099294,6,5651.973285
-14.139791,3,5652.121498
-13.476791,3,5652.425591
-13.476791,3,5652.578475
54.216439,4,5652.773883
-13.476791,3,5652.98058
-13.476791,3,5653.126786
-14.496791,3,5653.344477
-11.862004,4,5653.405832
51.523209,3,5653.547217
-8.211028,5,5653.736722
-13.476791,3,5653.908694
-13.476791,3,5654.055616
-13.476791,3,5654.146611
-13.476791,3,5654.295642
-13.476791,3,5654.443626
54.216439,4,5654.560195
59.099294,6,5654.61577
-13.476791,3,5654.853486
-13.476791,3,5654.909733
49.483209,3,5655.181252
54.216439,4,5655.413652
59.099294,6,5655.479328
51.523209,3,5655.739295
59.099294,6,5655.804878
58.079294,6,5655.872481
-13.476791,3,5655.910538
-13.476791,3,5655.963112
-13.476791,3,5656.0547
-13.476791,3,5656.330272
-10.991283,4,5656.406911
-13.476791,3,5656.555521
-13.476791,3,5656.609092
59.099294,6,5656.666636
-13.476791,3,5656.809683
-13.476791,3,5656.959225
-13.476791,3,5657.013896
59.099294,6,5657.055235
-13.476791,3,5657.144751
-13.476791,3,5657.288342
51.523209,3,5657.560199
-13.476791,3,5657.704127
50.503209,3,5657.960074
59.099294,6,5658.018206
-13.476791,3,5658.092574
-13.476791,3,5658.147885
-13.476791,3,5658.242584
57.967614,5,5658.30968
57.967614,5,5658.363501
-13.552251,3,5658.553851
-13.740902,3,5658.596053
-13.476791,3,5658.875195
-13.476791,3,5659.061549
59.099294,6,5659.128692
-13.476791,3,5659.178257
51.523209,3,5659.368693
-13.476791,3,5659.407037
-13.476791,3,5659.551897
59.099294,6,5659.60808
51.523209,3,5659.892677
-13.476791,3,5659.933733
59.099294,6,5659.998971
-13.476791,3,5660.041039
58.283294,6,5660.072147
51.523209,3,5660.356382
-13.476791,3,5660.46173
51.523209,3,5660.750157
-13.476791,3,5660.90749
-13.476791,3,5661.182546
-13.476791,3,5661.278009
-13.476791,3,5661.318578
-13.476791,3,5661.519453
51.523209,3,5661.781862
-13.476791,3,5661.845463
-13.703172,3,5661.887534
-13.476791,3,5662.031784
51.523209,3,5662.126799
59.099294,6,5662.184168
-13.476791,3,5662.373548
-13.476791,3,5662.540207
-13.476791,3,5662.584288
-13.476791,3,5662.665611
58.436294,6,5662.733687
-13.476791,3,5662.883634
-14.394791,3,5663.026722
-13.476791,3,5663.071586
59.099294,6,5663.134405
-13.476791,3,5663.300735
-13.476791,3,5663.340787
-13.476791,3,5663.395404
-13.476791,3,5663.445631
-13.476791,3,5663.747779
-13.476791,3,5663.917627
59.099294,6,5663.981606
-13.476791,3,5664.129404
59.099294,6,5664.199666
-13.476791,3,5664.491675
51.523209,3,5664.792336
-13.476791,3,5664.853883
-13.476791,3,5664.894038
-13.476791,3,5665.041751
-14.139791,3,5665.081298
51.523209,3,5665.186512
-13.476791,3,5665.228885
-13.476791,3,5665.315961
59.099294,6,5665.372994
59.099294,6,5665.442406
59.099294,6,5665.511717
51.523209,3,5665.732869
-13.627712,3,5665.775483
-13.476791,3,5665.950323
51.523209,3,5666.117522
-13.627712,3,5666.241198
-13.476791,3,5666.331926
-11.199004,4,5666.589958
-13.476791,3,5666.736079
-13.476791,3,5666.908256
59.099294,6,5666.962822
-13.476791,3,5667.138035
-13.476791,3,5667.192765
-13.476791,3,5667.24634
51.523209,3,5667.515905
-13.476791,3,5667.724951
59.099294,6,5667.785882
54.216439,4,5667.913836
59.099294,6,5667.989785
-13.476791,3,5668.043782
-13.476791,3,5668.0938
-13.476791,3,5668.153518
53.400439,4,5668.351611
-13.476791,3,5668.679747
-13.476791,3,5668.741324
59.099294,6,5668.8127
-13.476791,3,5668.87577
-13.476791,3,5669.089811
-13.476791,3,5669.322847
59.099294,6,5669.384511
54.216439,4,5669.672854
-7.077886,6,5669.896182
54.216439,4,5670.160764
-13.476791,3,5670.225565
59.099294,6,5670.286557
-13.476791,3,5670.506613
-13.476791,3,5670.546504
-13.476791,3,5670.605997
54.216439,4,5670.849864
51.523209,3,5671.105623
-13.476791,3,5671.255332
-13.476791,3,5671.433838
-14.496791,3,5671.608886
59.099294,6,5671.639582
54.216439,4,5671.743551
53.196439,4,5671.937476
51.523209,3,5672.030996
51.523209,3,5672.316735
-13.476791,3,5672.4659
-13.476791,3,5672.642159
51.523209,3,5672.739276
-13.476791,3,5672.974181
-13.476791,3,5673.202612
50.503209,3,5673.4872
57.78954,7,5673.552544
53.502439,4,5673.774428
57.78954,7,5673.833861
54.216439,4,5673.900879
57.78954,7,5673.971331
54.216439,4,5674.200881
-13.476791,3,5674.467653
-13.476791,3,5674.727032
51.523209,3,5674.851788
57.78954,7,5674.914938
-13.476791,3,5674.969887
59.099294,6,5675.040622
54.216439,4,5675.102929
-13.476791,3,5675.161159
54.216439,4,5675.347885
-13.476791,3,5675.465808
54.216439,4,5675.579707
54.216439,4,5675.70179
-13.703172,3,5675.742643
50.605209,3,5676.021007
54.216439,4,5676.158865
51.523209,3,5676.267661
51.523209,3,5676.415664
-10.783561,4,5676.466715
54.216439,4,5676.5125
-13.476791,3,5676.728228
59.099294,6,5676.786339
54.216439,4,5676.882446
-13.476791,3,5677.061173
-13.476791,3,5677.112186
51.523209,3,5677.31113
51.523209,3,5677.392017
59.099294,6,5677.461167
-13.476791,3,5677.687354
58.283294,6,5677.718227
-13.476791,3,5677.864816
59.099294,6,5677.948407
-13.476791,3,5678.160102
51.523209,3,5678.267763
51.523209,3,5678.558254
-13.476791,3,5678.753561
51.523209,3,5679.108788
59.099294,6,5679.181559
54.216439,4,5679.228441
-13.476791,3,5679.378844
-13.476791,3,5679.435745
59.099294,6,5679.466751
-13.476791,3,5679.564585
-13.476791,3,5679.746445
-5.900706,6,5680.161054
51.523209,3,5680.389904
-13.476791,3,5680.428916
59.099294,6,5680.489269
51.523209,3,5680.777285
-14.190791,3,5680.970935
54.216439,4,5681.162503
-13.476791,3,5681.313911
-13.476791,3,5681.469888
-13.476791,3,5681.625468
-13.476791,3,5681.826513
51.523209,3,5681.90803
-13.476791,3,5682.057868
-13.476791,3,5682.214127
-13.476791,3,5682.27766
54.216439,4,5682.349426
-13.476791,3,5682.398633
-13.476791,3,5682.45363
54.216439,4,5682.6386
-13.476791,3,5682.82449
-13.476791,3,5683.009233
54.216439,4,5683.067065
51.523209,3,5683.169866
54.216439,4,5683.364587
-13.476791,3,5683.514063
59.099294,6,5683.577769
59.099294,6,5683.607556
54.216439,4,5683.760345
54.216439,4,5683.908003
54.216439,4,5684.214908
54.216439,4,5684.367035
54.216439,4,5684.613718
59.099294,6,5684.670739
-14.190791,3,5684.964906
54.216439,4,5685.090261
-13.476791,3,5685.264925
59.099294,6,5685.338181
-13.476791,3,5685.490953
-13.552251,3,5685.587672
51.523209,3,5685.688371
-13.476791,3,5685.895107
-13.476791,3,5686.010321
58.283294,6,5686.09126
51.523209,3,5686.162693
-13.476791,3,5686.220514
51.523209,3,5686.335007
-13.476791,3,5686.482734
54.216439,4,5686.552025
54.216439,4,5686.595189
54.216439,4,5686.663702
-13.476791,3,5686.712092
57.78954,7,5686.781681
-13.476791,3,5686.951765
54.216439,4,5687.143783
-13.476791,3,5687.316733
-13.476791,3,5687.411359
-13.476791,3,5687.479846
57.78954,7,5687.520988
-13.476791,3,5687.689337
-13.476791,3,5687.74437
-13.476791,3,5687.798841
-13.740902,3,5687.837658
-13.476791,3,5687.927253
54.216439,4,5688.041851
51.523209,3,5688.13151
-13.476791,3,5688.31098
54.216439,4,5688.382594
-13.476791,3,5688.448301
-13.476791,3,5688.5009
-13.476791,3,5688.67639
-13.476791,3,5688.842519
54.216439,4,5688.935003
-13.476791,3,5689.084356
51.523209,3,5689.362048
59.099294,6,5689.404834
59.099294,6,5689.490483
54.216439,4,5689.640478
51.523209,3,5689.821925
57.78954,7,5689.855637
57.967614,5,5689.925368
-13.476791,3,5690.118068
-13.476791,3,5690.31383
54.216439,4,5690.458373
-14.139791,3,5690.605836
-13.476791,3,5690.781811
-13.476791,3,5690.924864
-14.292791,3,5690.976865
-13.476791,3,5691.187301
53.502439,4,5691.29722
54.216439,4,5691.396978
-13.476791,3,5691.551399
51.523209,3,5691.652754
-13.476791,3,5691.796315
59.099294,6,5691.858985
-13.476791,3,5691.93193
51.523209,3,5692.025013
-13.476791,3,5692.20433
57.967614,5,5692.268684
-13.476791,3,5692.446104
-13.476791,3,5692.595271
-13.627712,3,5692.639654
-13.476791,3,5692.810819
54.216439,4,5692.989789
51.523209,3,5693.093934
54.216439,4,5693.205801
-13.476791,3,5693.261879
-13.476791,3,5693.350533
51.523209,3,5693.697764
54.216439,4,5693.887988
54.216439,4,5693.989702
-13.476791,3,5694.186437
-13.476791,3,5694.336009
59.099294,6,5694.376346
51.523209,3,5694.655156
-7.960771,6,5694.698466
-13.476791,3,5694.742979
-13.552251,3,5694.830632
-13.476791,3,5694.894567
-14.292791,3,5695.051783
53.55344,4,5695.234212
57.967614,5,5695.293818
-13.476791,3,5695.462787
51.523209,3,5695.813784
54.216439,4,5696.048642
51.523209,3,5696.224062
-13.476791,3,5696.394313
-13.476791,3,5696.613946
-13.476791,3,5696.668951
-13.476791,3,5696.728453
54.216439,4,5696.801413
59.099294,6,5696.8485
-13.476791,3,5697.030924
-10.783561,4,5697.189146
-13.476791,3,5697.366112
-13.476791,3,5697.643794
-13.476791,3,5697.6968
51.523209,3,5697.786009
-13.476791,3,5697.974199
51.523209,3,5698.164208
-13.476791,3,5698.317878
-10.783561,4,5698.400981
58.283294,6,5698.4421
51.523209,3,5698.601683
-13.476791,3,5698.67681
-13.476791,3,5698.864658
-13.476791,3,5699.03408
-13.476791,3,5699.197005
-13.703172,3,5699.238143
-7.077886,6,5699.429169
-13.476791,3,5699.47788
59.099294,6,5699.547709
-13.476791,3,5699.69297
-13.476791,3,5699.908734
-13.476791,3,5700.062898
-13.476791,3,5700.273774
-13.476791,3,5700.462726
-13.476791,3,5700.619469
51.523209,3,5700.72061
54.216439,4,5700.862719
51.523209,3,5701.135513
54.216439,4,5701.208326
-13.476791,3,5701.379624
-13.476791,3,5701.432962
54.216439,4,5701.582725
-10.783561,4,5701.807458
54.216439,4,5701.953932
51.523209,3,5702.114599
51.523209,3,5702.219782
50.605209,3,5702.561623
-13.476791,3,5702.705307
-13.476791,3,5702.850848
54.216439,4,5703.028883
-15.159791,3,5703.177641
-13.476791,3,5703.34973
59.099294,6,5703.417959
57.151614,5,5703.474359
-8.407468,5,5703.523213
-13.703172,3,5703.562637
-13.627712,3,5703.611873
57.967614,5,5703.676019
-13.476791,3,5703.972934
-13.476791,3,5704.26738
-13.476791,3,5704.351993
-13.476791,3,5704.506095
-13.476791,3,5704.677081
59.099294,6,5704.71896
-13.476791,3,5704.86001
-13.476791,3,5704.914194
51.523209,3,5705.023132
54.216439,4,5705.224448
-13.476791,3,5705.377114
51.523209,3,5705.681568
-13.476791,3,5705.884984
-13.476791,3,5705.933206
-13.476791,3,5706.240314
58.283294,6,5706.308852
51.523209,3,5706.378684
54.216439,4,5706.557749
-13.476791,3,5706.719864
-13.476791,3,5706.761922
51.523209,3,5707.037142
-13.703172,3,5707.077121
-13.476791,3,5707.156234
-13.476791,3,5707.474576
54.216439,4,5707.585681
51.523209,3,5707.686208
-13.476791,3,5707.755392
59.099294,6,5707.818074
-13.476791,3,5708.02616
51.523209,3,5708.306225
-13.476791,3,5708.367422
57.78954,7,5708.39625
-13.476791,3,5708.544021
51.523209,3,5708.628701
-11.406726,4,5708.680218
-14.394791,3,5708.722498
59.099294,6,5708.785031
51.523209,3,5709.019123
-14.496791,3,5709.171847
51.523209,3,5709.244977
-13.476791,3,5709.307926
-7.077886,6,5709.504155
51.523209,3,5709.788241
-13.476791,3,5709.984244
-13.476791,3,5710.169965
54.216439,4,5710.350798
51.523209,3,5710.571145
-13.476791,3,5710.624554
-13.476791,3,5710.8089
51.523209,3,5710.919752
51.523209,3,5711.207424
59.099294,6,5711.271956
-7.425267,5,5711.47492
-13.476791,3,5711.665579
-13.627712,3,5711.707454
51.523209,3,5711.812792
-14.394791,3,5712.010267
-13.476791,3,5712.160884
-13.476791,3,5712.240878
-13.476791,3,5712.319123
54.008717,4,5712.399617
-13.476791,3,5712.450278
-13.476791,3,5712.518789
59.099294,6,5712.574583
-13.476791,3,5712.621277
51.523209,3,5712.900005
-13.476791,3,5712.960634
-13.476791,3,5713.114176
50.860209,3,5713.392564
59.099294,6,5713.447746
-14.496791,3,5713.588961
-13.476791,3,5713.734272
-13.476791,3,5713.787994
-14.496791,3,5714.075364
51.523209,3,5714.366208
-13.476791,3,5714.412931
-13.476791,3,5714.582977
51.523209,3,5714.693148
59.099294,6,5714.762339
51.523209,3,5714.9605
-13.476791,3,5715.129694
57.78954,7,5715.198465
-13.476791,3,5715.375936
-13.476791,3,5715.432721
59.099294,6,5715.500925
-13.476791,3,5715.554181
-13.476791,3,5715.700917
57.78954,7,5715.735496
51.523209,3,5715.802572
57.78954,7,5715.83533
-13.476791,3,5715.890486
-13.476791,3,5715.996966
-13.476791,3,5716.063992
57.78954,7,5716.118327
59.099294,6,5716.18963
59.099294,6,5716.257773
-13.476791,3,5716.465467
54.216439,4,5716.525097
-13.740902,3,5716.568404
54.216439,4,5716.748435
51.523209,3,5717.074897
54.216439,4,5717.19094
54.216439,4,5717.234678
54.216439,4,5717.427758
-13.476791,3,5717.579639
54.216439,4,5717.694325
-13.740902,3,5717.737483
51.523209,3,5717.870418
-13.476791,3,5718.016667
54.216439,4,5718.114296
59.099294,6,5718.159092
51.523209,3,5718.445946
53.196439,4,5718.506201
54.216439,4,5718.714854
-13.476791,3,5718.88627
54.216439,4,5719.034622
-13.476791,3,5719.24276
-13.476791,3,5719.425947
59.099294,6,5719.465688
54.216439,4,5719.612207
-13.476791,3,5719.82236
-13.476791,3,5719.886854
54.216439,4,5719.999184
51.523209,3,5720.267516
54.216439,4,5720.452512
57.78954,7,5720.486382
59.099294,6,5720.526031
54.216439,4,5720.604807
54.216439,4,5720.752626
-13.476791,3,5720.917025
54.216439,4,5721.109893
54.216439,4,5721.307015
54.216439,4,5721.349763
-13.476791,3,5721.391714
54.216439,4,5721.507455
-13.740902,3,5721.547879
59.099294,6,5721.605763
54.216439,4,5721.757988
-13.476791,3,5721.846723
59.099294,6,5721.884102
-13.476791,3,5722.059115
-13.476791,3,5722.205551
51.523209,3,5722.501149
50.707209,3,5722.774756
57.78954,7,5722.80505
-14.139791,3,5722.862563
51.523209,3,5722.969758
54.216439,4,5723.011639
-13.476791,3,5723.157623
-13.476791,3,5723.306392
-13.476791,3,5723.47759
54.216439,4,5723.580386
51.523209,3,5723.678148
-13.476791,3,5723.732767
-13.476791,3,5723.911948
59.099294,6,5723.941033
-13.476791,3,5724.124307
59.099294,6,5724.190498
54.216439,4,5724.338773
-8.407468,5,5724.424061
59.099294,6,5724.467893
-13.476791,3,5724.79969
-13.476791,3,5725.144262
59.099294,6,5725.296275
54.216439,4,5725.721991
51.523209,3,5726.28542
54.216439,4,5726.695601
-13.476791,3,5726.812157
-14.496791,3,5726.890867
51.523209,3,5727.066198
59.099294,6,5727.121773
54.216439,4,5727.191185
-13.476791,3,5727.458304
51.523209,3,5727.842671
59.099294,6,5727.932641
-13.476791,3,5728.532381
-13.476791,3,5728.8274
-13.476791,3,5729.301578
51.523209,3,5729.84931
-13.476791,3,5730.149612
58.510704,6,5730.274655
-13.476791,3,5730.401982
-14.139791,3,5730.526562
53.400439,4,5730.859922
-13.476791,3,5730.9964
54.216439,4,5731.127221
54.216439,4,5731.19134
58.436294,6,5731.31627
-13.476791,3,5731.592793
59.099294,6,5731.747776
-13.476791,3,5732.099346
-13.476791,3,5732.242923
-13.476791,3,5732.500441
59.099294,6,5732.58275
57.967614,5,5732.684528
-14.292791,3,5732.762665
54.216439,4,5733.18628
-13.476791,3,5733.435149
54.216439,4,5733.725165
54.216439,4,5734.090406
51.523209,3,5734.265548
-10.783561,4,5734.570247
59.099294,6,5734.659045
51.523209,3,5734.821002
-10.783561,4,5735.138195
-13.476791,3,5735.466871
-13.476791,3,5735.862623
54.216439,4,5735.973294
54.216439,4,5736.327927
54.216439,4,5736.454203
57.967614,5,5736.5747
-13.476791,3,5736.949724
-12.011283,4,5737.275464
51.523209,3,5737.914428
54.216439,4,5738.148837
59.099294,6,5738.276543
-13.476791,3,5738.393202
51.523209,3,5739.051151
-8.407468,5,5739.201697
54.216439,4,5739.689242
59.099294,6,5739.840638
51.523209,3,5740.366024
-13.476791,3,5740.667955
-13.476791,3,5740.752105
51.523209,3,5741.338472
-13.476791,3,5741.435195
-13.476791,3,5741.522664
51.523209,3,5741.702659
54.216439,4,5742.008113
-14.139791,3,5742.306345
-13.476791,3,5742.421934
59.099294,6,5742.587569
-13.476791,3,5742.914438
54.216439,4,5743.230438
-13.476791,3,5743.569822
-13.476791,3,5743.878568
57.78954,7,5743.992324
54.216439,4,5744.356498
-13.476791,3,5744.435816
-13.476791,3,5744.730836
-13.476791,3,5744.84814
-13.476791,3,5745.126906
51.523209,3,5745.305264
-13.476791,3,5745.610948
-14.292791,3,5745.957114
50.707209,3,5746.178795
57.78954,7,5746.339367
51.523209,3,5746.919453
54.216439,4,5747.191073
51.523209,3,5747.442274
-13.476791,3,5747.799621
-7.032386,5,5748.005516
54.216439,4,5748.373471
51.523209,3,5748.899694
-13.740902,3,5748.975723
-13.476791,3,5749.304963
-13.476791,3,5749.641239
59.099294,6,5749.724575
51.523209,3,5750.134652
59.099294,6,5750.204665
-13.476791,3,5750.273541
-13.476791,3,5750.737656
-13.476791,3,5750.84638
-14.394791,3,5751.162045
54.216439,4,5751.414514
57.967614,5,5751.561189
-13.476791,3,5751.683351
-13.476791,3,5752.06597
59.099294,6,5752.194297
-13.476791,3,5752.281794
51.523209,3,5752.758925
59.099294,6,5752.895264
-13.476791,3,5753.230388
-14.394791,3,5753.527385
59.099294,6,5753.632364
-13.476791,3,5753.982055
-13.476791,3,5754.330982
-13.476791,3,5754.620804
-13.476791,3,5755.089249
-13.476791,3,5755.479171
-13.476791,3,5755.788053
54.216439,4,5756.067951
-14.190791,3,5756.490639
-13.476791,3,5756.981091
-13.476791,3,5757.317381
-13.476791,3,5757.897382
54.216439,4,5758.277807
57.78954,7,5758.34996
-13.476791,3,5758.676218
-13.703172,3,5758.735799
-13.476791,3,5758.808413
-13.476791,3,5759.392022
59.099294,6,5759.461847
-11.510587,4,5759.545582
51.523209,3,5760.0838
-13.476791,3,5760.435618
51.523209,3,5760.91803
59.099294,6,5760.980952
-13.476791,3,5761.420552
54.216439,4,5761.822563
-13.476791,3,5762.132846
-13.476791,3,5762.51727
-10.783561,4,5762.785918
59.099294,6,5762.869106
53.400439,4,5763.183483
51.523209,3,5763.562792
54.216439,4,5763.684706
51.523209,3,5763.860859
-14.496791,3,5764.251063
-13.740902,3,5764.332191
-10.783561,4,5764.818023
57.78954,7,5764.865406
-13.476791,3,5764.956812
54.216439,4,5765.260911
54.216439,4,5765.756345
51.523209,3,5766.275865
-13.476791,3,5766.559448
59.099294,6,5766.626619
-13.476791,3,5766.867329
-14.394791,3,5767.16377
59.099294,6,5767.311109
57.78954,7,5767.444825
-14.496791,3,5767.52905
-13.476791,3,5767.772941
-13.476791,3,5768.120553
-13.476791,3,5768.517295
58.181294,6,5768.572291
-13.476791,3,5768.905358
-13.476791,3,5769.169173
-13.476791,3,5769.439591
54.216439,4,5769.816224
58.385294,6,5769.916551
-14.496791,3,5770.158397
-13.476791,3,5770.443686
54.216439,4,5770.771268
51.523209,3,5770.959075
-13.476791,3,5771.322388
-11.406726,4,5771.453136
54.216439,4,5771.744785
51.523209,3,5772.369629
59.099294,6,5772.531684
-13.476791,3,5772.855913
-13.476791,3,5772.948633
-13.476791,3,5773.371377
-13.476791,3,5773.720133
53.502439,4,5773.979933
-13.703172,3,5774.060561
-14.496791,3,5774.449157
54.216439,4,5774.546644
-14.394791,3,5774.644616
-13.476791,3,5774.740608
53.55344,4,5775.305297
-13.740902,3,5775.385171
51.523209,3,5775.943512
54.216439,4,5775.996211
59.099294,6,5776.056843
-13.476791,3,5776.566841
-14.292791,3,5776.660996
54.216439,4,5776.886538
-13.476791,3,5777.17477
-13.476791,3,5777.513201
-13.476791,3,5777.837687
-13.476791,3,5778.246944
-13.476791,3,5778.357482
54.216439,4,5778.4321
50.707209,3,5778.810451
-13.476791,3,5779.104952
54.216439,4,5779.416396
-14.496791,3,5779.714823
-13.476791,3,5780.304188
54.216439,4,5780.842358
54.216439,4,5781.186024
51.523209,3,5781.539607
59.099294,6,5781.621001
59.099294,6,5781.712457
54.008717,4,5781.853958
54.216439,4,5782.036876
-13.476791,3,5782.372341
51.523209,3,5783.007818
51.523209,3,5783.621206
54.216439,4,5783.989593
-13.476791,3,5784.326881
-8.407468,5,5784.405671
51.523209,3,5784.584787
-7.666476,6,5785.007203
-14.496791,3,5785.314897
-13.476791,3,5785.59624
-13.476791,3,5786.0299
-13.703172,3,5786.096011
-7.425267,5,5786.286082
51.523209,3,5786.863023
51.523209,3,5787.003198
57.78954,7,5787.15078
-13.476791,3,5787.343677
54.216439,4,5787.625111
54.216439,4,5787.97188
-12.173587,4,5788.031557
59.099294,6,5788.134763
-13.476791,3,5788.594125
59.099294,6,5788.702293
-13.476791,3,5789.392808
59.099294,6,5789.456928
54.216439,4,5789.594936
50.503209,3,5790.013272
-13.476791,3,5790.407378
-13.476791,3,5790.673172
58.385294,6,5790.812446
59.099294,6,5790.959056
-13.476791,3,5791.246221
-13.476791,3,5791.586507
-13.476791,3,5791.967731
-14.496791,3,5792.072835
-13.476791,3,5792.693049
-13.476791,3,5792.972368
-13.476791,3,5793.353858
51.523209,3,5793.542446
-13.476791,3,5793.649384
51.523209,3,5793.811666
50.707209,3,5794.386704
-13.476791,3,5794.453296
51.523209,3,5794.965557
59.099294,6,5795.038511
-13.476791,3,5795.145698
54.216439,4,5795.511549
59.099294,6,5795.594826
-13.476791,3,5795.8637
54.216439,4,5796.383695
-13.476791,3,5796.807558
-13.476791,3,5796.883647
-13.476791,3,5797.178103
-13.476791,3,5797.55924
-13.476791,3,5797.916328
-13.476791,3,5798.002655
-13.476791,3,5798.296884
54.216439,4,5798.418359
50.503209,3,5798.81487
-13.476791,3,5799.391741
58.079294,6,5799.497307
59.099294,6,5799.555971
-13.476791,3,5799.939962
-13.476791,3,5800.288932
59.099294,6,5800.345666
-13.476791,3,5800.759295
51.523209,3,5800.951766
54.216439,4,5801.370555
59.099294,6,5801.505046
-13.476791,3,5801.835672
51.523209,3,5802.406791
-13.476791,3,5803.019991
-13.476791,3,5803.275958
-14.496791,3,5803.595969
-13.476791,3,5804.005629
-13.476791,3,5804.312876
51.523209,3,5804.512318
54.216439,4,5804.610698
-13.476791,3,5805.208612
-14.139791,3,5805.299938
59.099294,6,5805.397071
-13.476791,3,5806.026717
-13.476791,3,5806.613461
58.385294,6,5806.742997
-13.476791,3,5807.095781
-13.476791,3,5807.394308
-13.476791,3,5807.786736
-13.476791,3,5808.178665
-13.476791,3,5808.467796
54.216439,4,5808.630686
53.55344,4,5808.867544
51.523209,3,5809.035941
-13.476791,3,5809.149127
-13.476791,3,5809.389997
-13.476791,3,5809.693949
58.079294,6,5809.796823
51.523209,3,5809.98146
59.099294,6,5810.043068
-13.476791,3,5810.427774
59.099294,6,5810.553325
-13.476791,3,5811.13534
-13.476791,3,5811.379577
54.216439,4,5811.642292
-13.476791,3,5812.03151
51.523209,3,5812.491173
51.523209,3,5813.087614
-13.476791,3,5813.244218
-13.476791,3,5813.563725
-14.496791,3,5813.881039
-13.476791,3,5814.078565
-13.476791,3,5814.46953
59.099294,6,5814.543731
54.216439,4,5814.822894
-13.476791,3,5815.265218
-13.476791,3,5815.548624
-13.476791,3,5815.836102
51.523209,3,5816.368531
-13.476791,3,5816.455381
-13.476791,3,5816.793884
51.523209,3,5816.957177
-13.476791,3,5817.056839
-13.476791,3,5817.119112
-14.496791,3,5817.607987
54.216439,4,5817.987891
-13.476791,3,5818.282611
-14.292791,3,5818.383785
-13.476791,3,5818.460962
-13.476791,3,5818.786437
-13.476791,3,5819.012033
51.523209,3,5819.585257
51.523209,3,5820.206495
59.099294,6,5820.258418
51.523209,3,5820.871153
-13.476791,3,5821.153095
-13.476791,3,5821.439498
-13.476791,3,5821.707429
-13.476791,3,5822.121141
54.216439,4,5822.439668
51.523209,3,5822.646979
-13.476791,3,5823.025897
-13.476791,3,5823.191699
-13.476791,3,5823.262819
-13.476791,3,5823.546436
-13.476791,3,5823.645693
-8.211028,5,5823.979959
-7.425267,5,5824.114048
-13.476791,3,5824.300493
51.523209,3,5824.845611
-13.552251,3,5825.217439
-13.476791,3,5825.35509
50.809209,3,5825.88851
-14.496791,3,5825.975229
-13.476791,3,5826.062251
-13.476791,3,5826.187854
52.63544,4,5826.526528
59.099294,6,5826.609735
-13.476791,3,5827.000516
57.967614,5,5827.101332
-13.476791,3,5827.407723
-14.139791,3,5827.764174
-13.476791,3,5828.094254
54.216439,4,5828.494066
-13.476791,3,5828.840442
-13.476791,3,5828.920469
-13.476791,3,5829.105303
-13.476791,3,5829.198755
-13.476791,3,5829.587007
50.860209,3,5830.162114
50.707209,3,5830.734464
-13.476791,3,5830.809014
54.216439,4,5831.048956
-13.476791,3,5831.188486
50.503209,3,5831.375217
59.099294,6,5831.525139
-14.496791,3,5831.828843
57.78954,7,5831.923583
-14.496791,3,5832.318465
-13.476791,3,5832.615419
54.216439,4,5832.977583
54.216439,4,5833.138938
-13.476791,3,5833.408325
57.967614,5,5833.545904
51.523209,3,5834.056444
51.523209,3,5834.224128
-13.476791,3,5834.545481
-13.476791,3,5834.638314
58.283294,6,5834.767018
54.216439,4,5835.158408
-13.476791,3,5835.317217
-13.476791,3,5835.62032
-14.190791,3,5835.928378
-13.476791,3,5836.32928
54.216439,4,5836.671113
51.523209,3,5836.908923
50.503209,3,5837.293442
-13.476791,3,5837.424238
-13.476791,3,5837.975555
-13.476791,3,5838.20952
-13.476791,3,5838.309933
51.523209,3,5838.416169
-13.476791,3,5838.583816
-13.740902,3,5838.629887
-13.476791,3,5838.783124
51.523209,3,5838.873847
59.099294,6,5838.969183
-13.476791,3,5839.149202
59.099294,6,5839.211663
-13.476791,3,5839.418648
-10.783561,4,5839.475794
-13.476791,3,5839.621322
51.523209,3,5839.699336
50.707209,3,5839.972814
51.523209,3,5840.247483
-13.476791,3,5840.382185
59.099294,6,5840.445905
-13.552251,3,5840.497972
-13.476791,3,5840.640842
-13.476791,3,5840.791609
-13.476791,3,5840.847706
-13.476791,3,5840.992547
-13.476791,3,5841.035347
-14.190791,3,5841.210647
-13.476791,3,5841.354366
58.385294,6,5841.423459
-13.476791,3,5841.566381
-13.476791,3,5841.74925
-13.476791,3,5841.963849
51.523209,3,5842.054466
50.860209,3,5842.323629
-13.476791,3,5842.509424
-13.476791,3,5842.653763
54.216439,4,5842.757457
-13.476791,3,5842.970211
51.523209,3,5843.250823
54.216439,4,5843.393589
-13.476791,3,5843.566279
-13.476791,3,5843.745249
-13.476791,3,5843.793525
-13.476791,3,5843.847465
59.099294,6,5843.876011
59.099294,6,5843.914578
-13.476791,3,5844.08972
-13.476791,3,5844.268029
59.099294,6,5844.330329
-7.425267,5,5844.526669
-13.476791,3,5844.716184
54.216439,4,5844.821869
51.523209,3,5844.910639
-13.476791,3,5845.149565
-14.190791,3,5845.212789
51.523209,3,5845.399547
-13.476791,3,5845.573842
-13.476791,3,5845.725597
-13.476791,3,5845.914388
50.503209,3,5846.009716
59.099294,6,5846.044354
-13.476791,3,5846.097993
-13.552251,3,5846.162591
-13.476791,3,5846.337582
-13.476791,3,5846.389692
51.523209,3,5846.650519
-13.476791,3,5846.855336
-13.476791,3,5846.999017
-13.476791,3,5847.041591
54.216439,4,5847.19627
-13.476791,3,5847.280726
-7.818147,5,5847.364542
-14.496791,3,5847.505574
-13.476791,3,5847.651332
59.099294,6,5847.679881
54.216439,4,5847.861241
-5.900706,6,5848.155331
54.216439,4,5848.375522
-13.476791,3,5848.448448
-13.476791,3,5848.599342
-13.552251,3,5848.793197
59.099294,6,5848.867317
54.216439,4,5848.966026
54.216439,4,5849.082718
-13.476791,3,5849.224704
-13.476791,3,5849.371822
-13.476791,3,5849.602561
-13.476791,3,5849.65219
-13.476791,3,5849.713259
59.099294,6,5849.778604
50.503209,3,5850.042348
54.216439,4,5850.219105
-13.476791,3,5850.270679
54.216439,4,5850.412995
59.099294,6,5850.480872
-13.476791,3,5850.802924
-13.476791,3,5850.961937
57.78954,7,5850.99649
51.523209,3,5851.27007
-13.476791,3,5851.466927
54.216439,4,5851.64971
54.216439,4,5851.706308
57.78954,7,5851.740098
-13.476791,3,5851.883344
-7.032386,5,5852.174266
-13.476791,3,5852.365364
57.12654,7,5852.440466
59.099294,6,5852.472615
57.967614,5,5852.53721
51.523209,3,5852.635413
-10.783561,4,5852.784377
-13.476791,3,5852.848119
-13.476791,3,5852.992436
-13.476791,3,5853.137161
-13.476791,3,5853.179749
-13.476791,3,5853.233507
-13.476791,3,5853.443277
57.78954,7,5853.488365
54.216439,4,5853.555602
53.29844,4,5853.627218
-13.476791,3,5853.855363
59.099294,6,5853.892907
-13.476791,3,5854.04232
59.099294,6,5854.096711
51.523209,3,5854.37187
-13.476791,3,5854.540382
-13.476791,3,5854.732462
-13.627712,3,5854.789587
-13.476791,3,5855.097242
-13.476791,3,5855.267931
-13.476791,3,5855.415555
-13.476791,3,5855.468635
59.099294,6,5855.534479
-13.476791,3,5855.723276
51.523209,3,5856.003373
-13.476791,3,5856.298952
-13.476791,3,5856.512309
-13.476791,3,5856.595658
-13.476791,3,5856.740391
57.78954,7,5856.772074
-13.476791,3,5856.831054
-13.476791,3,5856.882635
59.099294,6,5856.93678
-13.476791,3,5857.151155
-13.476791,3,5857.376382
-13.476791,3,5857.573764
59.099294,6,5857.605319
-13.476791,3,5857.751142
-13.476791,3,5858.05395
59.099294,6,5858.10805
-13.476791,3,5858.30928
59.099294,6,5858.377266
-13.476791,3,5858.441354
57.967614,5,5858.506433
-13.476791,3,5858.689632
59.099294,6,5858.753123
-13.476791,3,5858.807388
-13.476791,3,5858.853963
-14.496791,3,5858.916085
-13.552251,3,5859.011482
-13.476791,3,5859.092138
-14.496791,3,5859.239052
59.099294,6,5859.281616
59.099294,6,5859.35778
59.099294,6,5859.411874
-13.476791,3,5859.457456
50.503209,3,5859.692671
-13.476791,3,5859.837593
-14.139791,3,5859.895666
-13.476791,3,5859.956909
-13.740902,3,5859.995989
-14.292791,3,5860.071681
-13.476791,3,5860.220071
-13.476791,3,5860.39899
-13.476791,3,5860.581802
-14.139791,3,5860.766254
-13.476791,3,5860.820814
-14.647712,3,5860.875394
-13.476791,3,5860.932481
-14.139791,3,5861.081546
59.099294,6,5861.139973
-14.139791,3,5861.293339
-13.476791,3,5861.426365
51.523209,3,5861.515504
59.099294,6,5861.588121
-14.496791,3,5861.643003
-13.476791,3,5861.71115
-13.476791,3,5861.779299
59.099294,6,5861.833828
-13.476791,3,5861.890934
-13.476791,3,5862.093689
59.099294,6,5862.129755
59.099294,6,5862.184349
-13.476791,3,5862.240937
-13.476791,3,5862.396687
-13.476791,3,5862.711272
-13.476791,3,5862.759081
51.523209,3,5862.859767
59.099294,6,5862.891329
59.099294,6,5862.958426
-13.740902,3,5863.007504
-13.476791,3,5863.196193
-13.476791,3,5863.238784
58.079294,6,5863.316954
-13.476791,3,5863.465409
-13.552251,3,5863.581713
-13.476791,3,5863.729634
-13.476791,3,5864.018709
57.78954,7,5864.049767
-13.476791,3,5864.24842
-14.139791,3,5864.4224
-13.476791,3,5864.59571
-13.476791,3,5864.738943
51.523209,3,5864.828728
50.503209,3,5865.130589
57.967614,5,5865.200672
-13.476791,3,5865.347626
51.523209,3,5865.618364
-13.476791,3,5865.849633
-13.476791,3,5865.888804
57.78954,7,5865.923792
-13.476791,3,5865.977041
51.523209,3,5866.091986
-14.496791,3,5866.238421
50.503209,3,5866.441567
51.523209,3,5866.520969
54.216439,4,5866.644675
51.523209,3,5866.821153
57.78954,7,5866.884742
59.099294,6,5866.952331
-14.292791,3,5867.099925
-13.476791,3,5867.232779
54.216439,4,5867.340369
-13.476791,3,5867.642088
-13.476791,3,5867.790486
-13.476791,3,5867.841593
59.099294,6,5867.872137
54.216439,4,5868.106478
-13.627712,3,5868.183265
-13.476791,3,5868.229353
50.503209,3,5868.514252
-14.496791,3,5868.568617
51.523209,3,5868.659786
-13.476791,3,5868.706859
56.76954,7,5868.748917
59.099294,6,5868.826333
-11.862004,4,5868.888952
-13.476791,3,5869.079399
-11.199004,4,5869.263617
-13.476791,3,5869.440973
-14.496791,3,5869.52814
-8.657233,7,5869.732554
-13.476791,3,5869.878342
-13.476791,3,5869.973942
51.523209,3,5870.067156
57.78954,7,5870.126271
57.78954,7,5870.163822
51.523209,3,5870.447956
-13.476791,3,5870.682875
-13.476791,3,5870.732045
51.523209,3,5870.812408
-13.476791,3,5870.984811
-13.476791,3,5871.03953
-13.476791,3,5871.220878
-13.476791,3,5871.267047
-13.476791,3,5871.414201
-7.032386,5,5871.692692
-13.476791,3,5871.774393
-14.292791,3,5871.924533
-13.476791,3,5872.100932
-13.476791,3,5872.168226
51.523209,3,5872.369216
-14.139791,3,5872.432797
54.216439,4,5872.576117
-13.476791,3,5872.653319
54.216439,4,5872.879903
-13.476791,3,5873.042447
-14.496791,3,5873.095547
59.099294,6,5873.127992
50.503209,3,5873.445921
-13.476791,3,5873.623932
-13.476791,3,5873.672064
59.099294,6,5873.714126
-7.960771,6,5873.851886
-13.476791,3,5873.906985
50.503209,3,5874.091018
-13.476791,3,5874.144095
-13.476791,3,5874.331718
-13.476791,3,5874.478636
-13.476791,3,5874.674498
59.099294,6,5874.747613
-13.476791,3,5874.924792
-8.407468,5,5874.990484
57.967614,5,5875.046082
57.967614,5,5875.120933
-13.476791,3,5875.182032
-14.394791,3,5875.381196
50.503209,3,5875.669277
-13.476791,3,5875.977468
54.216439,4,5876.082175
51.523209,3,5876.367136
57.78954,7,5876.397216
-13.476791,3,5876.578682
-13.476791,3,5876.729422
57.78954,7,5876.765979
-13.476791,3,5876.816044
58.385294,6,5876.857131
-13.476791,3,5877.10905
51.523209,3,5877.397803
-11.199004,4,5877.474914
57.78954,7,5877.503951
54.216439,4,5877.605529
-13.476791,3,5877.754414
-14.496791,3,5877.901899
-13.476791,3,5877.991674
-13.476791,3,5878.16409
50.503209,3,5878.314474
51.523209,3,5878.450336
57.78954,7,5878.500658
-13.476791,3,5878.662414
57.967614,5,5878.716729
51.523209,3,5879.013963
-13.476791,3,5879.066817
-13.476791,3,5879.264015
59.099294,6,5879.324741
-13.476791,3,5879.473268
-13.476791,3,5879.621075
-13.476791,3,5879.918799
51.523209,3,5880.036732
-13.476791,3,5880.201955
-13.476791,3,5880.351329
-13.476791,3,5880.416455
51.523209,3,5880.696571
-13.476791,3,5880.759162
-13.476791,3,5880.829268
-13.476791,3,5880.876857
51.523209,3,5880.958975
-13.476791,3,5881.02173
51.523209,3,5881.113059
-13.476791,3,5881.339369
51.523209,3,5881.594829
-13.476791,3,5881.79284
54.216439,4,5881.841936
-13.476791,3,5881.93358
-13.476791,3,5881.990719
-14.292791,3,5882.175623
54.216439,4,5882.291559
-13.476791,3,5882.463846
-13.476791,3,5882.688802
-13.476791,3,5882.860705
51.523209,3,5883.142222
-13.476791,3,5883.209939
57.78954,7,5883.281108
59.099294,6,5883.366895
-13.476791,3,5883.422971
59.099294,6,5883.465032
54.216439,4,5883.585976
-14.292791,3,5883.776007
-15.108791,3,5883.98438
57.78954,7,5884.054981
-13.476791,3,5884.225845
-13.476791,3,5884.395706
54.216439,4,5884.564181
50.503209,3,5884.669715
-13.476791,3,5884.723879
-13.476791,3,5884.917937
54.216439,4,5884.994031
59.099294,6,5885.024571
51.523209,3,5885.359704
54.216439,4,5885.616464
51.523209,3,5885.744693
59.099294,6,5885.787886
53.400439,4,5886.036638
-10.783561,4,5886.094764
-14.496791,3,5886.246721
-13.476791,3,5886.310057
-13.476791,3,5886.460904
-9.371233,7,5886.677126
-13.476791,3,5886.861603
51.523209,3,5887.150544
57.967614,5,5887.217204
-14.190791,3,5887.260083
57.78954,7,5887.317023
-13.476791,3,5887.482472
-13.476791,3,5887.534559
-14.190791,3,5887.717999
59.099294,6,5887.773903
54.216439,4,5887.894551
54.008717,4,5888.132239
-13.476791,3,5888.279772
-13.552251,3,5888.355102
-14.496791,3,5888.512735
-13.476791,3,5888.603539
57.78954,7,5888.678172
-13.476791,3,5888.852638
59.099294,6,5888.914795
-13.476791,3,5889.13821
51.523209,3,5889.438272
57.78954,7,5889.469825
-13.476791,3,5889.648759
-13.476791,3,5889.690808
-10.783561,4,5889.749022
-13.476791,3,5889.898295
57.78954,7,5889.928863
54.216439,4,5890.080173
59.099294,6,5890.132477
-13.476791,3,5890.354343
-13.476791,3,5890.399325
-13.476791,3,5890.457999
-13.476791,3,5890.659973
-13.476791,3,5890.85734
-13.476791,3,5891.040255
54.216439,4,5891.195135
54.216439,4,5891.335704
-13.476791,3,5891.551458
-13.476791,3,5891.732509
-11.510587,4,5891.776062
51.523209,3,5892.067983
54.216439,4,5892.122582
59.099294,6,5892.162657
-13.476791,3,5892.308712
-13.703172,3,5892.349788
59.099294,6,5892.417491
-13.740902,3,5892.457044
-13.476791,3,5892.606281
51.523209,3,5892.844232
54.216439,4,5893.098966
54.216439,4,5893.29473
54.216439,4,5893.543942
-13.476791,3,5893.691721
54.216439,4,5893.889931
-14.496791,3,5894.038833
-13.476791,3,5894.231076
54.216439,4,5894.363298
-13.476791,3,5894.549623
51.523209,3,5894.642955
-14.496791,3,5894.803002
54.216439,4,5895.065141
51.523209,3,5895.183589
-13.476791,3,5895.282664
54.216439,4,5895.385757
-13.476791,3,5895.594882
-13.703172,3,5895.64369
54.216439,4,5895.883949
-13.476791,3,5895.956327
50.860209,3,5896.058922
-13.476791,3,5896.23413
-13.476791,3,5896.464591
-13.476791,3,5896.561531
54.216439,4,5896.787296
-13.476791,3,5897.0461
-13.703172,3,5897.092453
-13.476791,3,5897.272699
-13.476791,3,5897.484407
-13.476791,3,5897.638011
-13.476791,3,5897.800682
-13.476791,3,5897.95865
51.523209,3,5898.055178
-13.476791,3,5898.121706
58.510704,6,5898.194473
54.216439,4,5898.347673
-13.476791,3,5898.564676
54.216439,4,5898.712779
54.216439,4,5898.791294
59.099294,6,5898.824369
51.523209,3,5899.086758
54.216439,4,5899.237383
-13.476791,3,5899.318206
-13.476791,3,5899.473397
-13.476791,3,5899.62585
-13.476791,3,5899.818551
-14.394791,3,5899.982535
54.216439,4,5900.122375
59.099294,6,5900.194311
-13.476791,3,5900.397634
-13.476791,3,5900.464419
-13.476791,3,5900.663912
-8.211028,5,5900.746198
51.523209,3,5900.849871
-13.476791,3,5900.987202
-10.783561,4,5901.072485
51.523209,3,5901.262885
51.523209,3,5901.353897
-13.476791,3,5901.509699
-13.476791,3,5901.687146
-14.496791,3,5901.835998
-13.476791,3,5901.888631
-13.476791,3,5901.957814
51.523209,3,5902.058528
-13.476791,3,5902.101031
-14.139791,3,5902.266117
51.523209,3,5902.567257
51.523209,3,5902.731356
59.099294,6,5902.804734
50.605209,3,5902.913742
-13.476791,3,5903.201885
-13.476791,3,5903.354347
57.78954,7,5903.395922
54.216439,4,5903.631845
-13.476791,3,5903.864058
51.523209,3,5903.972771
51.523209,3,5904.257152
59.099294,6,5904.322247
51.523209,3,5904.423634
-13.476791,3,5904.515787
-13.476791,3,5904.566163
-14.496791,3,5904.715928
57.78954,7,5904.783415
-13.476791,3,5904.955786
-6.614706,6,5905.231702
54.216439,4,5905.353652
50.860209,3,5905.525236
54.216439,4,5905.774104
54.216439,4,5905.89043
54.216439,4,5906.138787
57.78954,7,5906.180651
54.216439,4,5906.289897
54.216439,4,5906.444096
57.78954,7,5906.511187
-13.476791,3,5906.666276
50.503209,3,5906.930649
-13.627712,3,5906.970196
-13.476791,3,5907.026117
51.523209,3,5907.136159
-13.476791,3,5907.287854
54.216439,4,5907.428772
51.523209,3,5907.599663
-13.476791,3,5907.751496
54.216439,4,5907.903227
54.216439,4,5908.073349
54.216439,4,5908.153309
-13.476791,3,5908.30617
-10.783561,4,5908.355234
54.216439,4,5908.480224
57.78954,7,5908.548349
-13.552251,3,5908.630755
54.216439,4,5908.692974
-13.476791,3,5908.852053
57.78954,7,5908.894144
51.523209,3,5909.21199
-13.476791,3,5909.364232
51.523209,3,5909.552653
54.216439,4,5909.665915
-14.139791,3,5909.831173
-13.476791,3,5910.031669
59.099294,6,5910.06622
-13.476791,3,5910.246723
-13.476791,3,5910.471072
-13.476791,3,5910.654862
54.216439,4,5910.855199
59.099294,6,5910.936352
54.216439,4,5911.057562
-13.476791,3,5911.242396
-13.476791,3,5911.429095
-13.476791,3,5911.622654
54.216439,4,5911.788203
59.099294,6,5911.828765
59.099294,6,5911.867836
-13.476791,3,5912.077887
51.523209,3,5912.214603
54.216439,4,5912.275909
59.099294,6,5912.313679
-13.476791,3,5912.499703
51.523209,3,5912.650057
-13.476791,3,5912.826243
51.523209,3,5913.106941
54.216439,4,5913.170279
54.216439,4,5913.354649
-14.292791,3,5913.502643
57.78954,7,5913.559781
57.78954,7,5913.615907
57.78954,7,5913.679842
-13.476791,3,5913.771195
51.523209,3,5913.936264
-13.476791,3,5913.998731
-14.519172,3,5914.04263
54.216439,4,5914.194882
54.216439,4,5914.399949
59.099294,6,5914.442559
59.099294,6,5914.477114
-13.476791,3,5914.610415
-14.190791,3,5914.758514
54.216439,4,5914.883199
59.099294,6,5914.938154
-14.139791,3,5915.148773
-13.552251,3,5915.194861
-13.476791,3,5915.36875
51.523209,3,5915.682454
-13.476791,3,5915.850208
54.216439,4,5916.094086
51.523209,3,5916.298134
-13.476791,3,5916.359248
-13.476791,3,5916.512001
57.78954,7,5916.544057
-13.476791,3,5916.726834
-11.199004,4,5916.7844
-13.476791,3,5916.978602
-13.476791,3,5917.033181
-13.476791,3,5917.088307
51.523209,3,5917.270936
54.216439,4,5917.414206
-13.476791,3,5917.616409
-13.476791,3,5917.704542
-13.476791,3,5917.849517
54.216439,4,5918.024511
50.503209,3,5918.323567
-13.476791,3,5918.491765
54.216439,4,5918.583572
57.967614,5,5918.651186
59.099294,6,5918.684727
57.967614,5,5918.750344
-13.476791,3,5918.897685
-13.476791,3,5919.19611
50.860209,3,5919.287881
-13.740902,3,5919.328465
-13.476791,3,5919.421789
-13.476791,3,5919.466361
59.099294,6,5919.49991
54.216439,4,5919.646851
-13.476791,3,5919.803061
59.099294,6,5919.848646
-13.476791,3,5920.067596
54.216439,4,5920.186131
51.523209,3,5920.312884
-13.476791,3,5920.493981
-13.476791,3,5920.584621
-13.476791,3,5920.776829
57.78954,7,5920.85345
-13.476791,3,5920.905014
54.216439,4,5921.109289
-13.476791,3,5921.298729
59.099294,6,5921.341815
57.78954,7,5921.412283
-13.476791,3,5921.467884
-13.476791,3,5921.726051
50.503209,3,5922.011275
51.523209,3,5922.112414
51.523209,3,5922.271732
-13.476791,3,5922.424991
59.099294,6,5922.484267
59.099294,6,5922.526348
59.099294,6,5922.598036
-13.476791,3,5922.793649
59.099294,6,5922.84972
-13.476791,3,5923.156884
51.523209,3,5923.265053
59.099294,6,5923.308119
53.502439,4,5923.4736
-14.496791,3,5923.622921
-13.476791,3,5923.687514
57.78954,7,5923.743142
59.099294,6,5923.773916
-13.476791,3,5923.949167
-13.476791,3,5924.101893
-13.476791,3,5924.312996
57.967614,5,5924.379084
57.78954,7,5924.438215
-13.476791,3,5924.656742
54.216439,4,5924.852847
-10.783561,4,5925.164114
59.099294,6,5925.229833
50.503209,3,5925.471498
59.099294,6,5925.50105
-13.703172,3,5925.537861
-13.476791,3,5925.856695
51.523209,3,5926.041484
-13.476791,3,5926.220728
51.523209,3,5926.336419
51.523209,3,5926.42162
54.216439,4,5926.526271
57.78954,7,5926.588534
-13.476791,3,5926.73531
54.216439,4,5926.796378
54.216439,4,5926.951025
59.099294,6,5926.97948
51.523209,3,5927.076634
57.78954,7,5927.111846
54.216439,4,5927.215133
54.216439,4,5927.339608
57.78954,7,5927.409197
-13.476791,3,5927.558204
-14.190791,3,5927.612281
54.216439,4,5927.668375
51.523209,3,5927.767517
54.216439,4,5927.818083
50.707209,3,5927.910731
51.523209,3,5928.146163
59.099294,6,5928.177279
57.78954,7,5928.240255
51.523209,3,5928.350927
-13.476791,3,5928.535496
-13.740902,3,5928.580303
50.503209,3,5928.838049
-7.425267,5,5929.030364
57.78954,7,5929.063916
-13.476791,3,5929.220434
54.216439,4,5929.453435
-6.716706,6,5929.837816
-13.476791,3,5929.890556
59.099294,6,5929.955141
54.216439,4,5930.149076
-13.476791,3,5930.239818
54.216439,4,5930.487813
-13.476791,3,5930.654311
50.860209,3,5930.742748
51.523209,3,5930.83608
59.099294,6,5930.892786
50.503209,3,5931.092798
51.523209,3,5931.250191
59.099294,6,5931.29039
50.503209,3,5931.54153
50.605209,3,5931.875077
-13.476791,3,5931.916635
-13.476791,3,5932.004471
51.523209,3,5932.287419
-13.476791,3,5932.476318
51.523209,3,5932.628362
-13.476791,3,5932.712655
-13.476791,3,5932.771011
54.216439,4,5932.914017
54.216439,4,5933.148399
-13.476791,3,5933.330452
-13.476791,3,5933.37308
51.523209,3,5933.614602
-13.740902,3,5933.653704
-13.476791,3,5933.843343
59.099294,6,5933.91379
54.216439,4,5934.058592
54.216439,4,5934.153378
-13.476791,3,5934.297271
-13.476791,3,5934.588002
-13.476791,3,5934.641776
-13.476791,3,5934.797587
59.099294,6,5934.829824
54.216439,4,5935.016363
-13.476791,3,5935.163944
51.523209,3,5935.310045
57.78954,7,5935.374498
-13.476791,3,5935.501954
-14.139791,3,5935.773622
-14.190791,3,5935.958149
-13.476791,3,5936.10216
51.523209,3,5936.230765
51.523209,3,5936.506728
-13.476791,3,5936.686521
-13.476791,3,5936.903852
51.523209,3,5936.994509
-13.476791,3,5937.184869
-13.476791,3,5937.225579
51.523209,3,5937.302381
-13.476791,3,5937.606297
-7.666476,6,5937.651404
-13.476791,3,5937.834217
51.523209,3,5937.934106
54.216439,4,5937.982191
-13.552251,3,5938.059252
-13.476791,3,5938.143465
-13.476791,3,5938.31295
53.29844,4,5938.491411
56.947614,5,5938.549629
51.523209,3,5938.802978
59.099294,6,5938.833025
-13.476791,3,5939.008793
-10.783561,4,5939.056333
53.196439,4,5939.194057
59.099294,6,5939.26116
-13.476791,3,5939.439781
-7.077886,6,5939.522434
-13.476791,3,5939.57705
-14.139791,3,5939.678228
-10.991283,4,5939.761845
-13.476791,3,5939.941325
59.099294,6,5939.974905
59.099294,6,5940.042021
-7.960771,6,5940.24956
51.523209,3,5940.532046
-13.552251,3,5940.614687
54.216439,4,5940.741958
-13.476791,3,5941.049566
53.196439,4,5941.156242
-13.476791,3,5941.386298
57.78954,7,5941.442471
57.78954,7,5941.481539
54.216439,4,5941.589024
-13.703172,3,5941.62962
59.099294,6,5941.698004
-13.627712,3,5941.828288
59.099294,6,5941.87338
51.523209,3,5942.142989
53.212956,8,5942.179562
-13.476791,3,5942.257066
54.216439,4,5942.452055
51.523209,3,5942.798415
54.216439,4,5942.860016
59.099294,6,5942.903108
54.216439,4,5943.082318
50.605209,3,5943.272737
53.196439,4,5943.484752
54.216439,4,5943.544379
54.216439,4,5943.689851
53.212956,8,5943.7524
-13.476791,3,5943.899602
54.216439,4,5943.964698
53.212956,8,5944.00997
-13.476791,3,5944.182749
54.216439,4,5944.373818
-13.476791,3,5944.546952
54.216439,4,5944.633404
54.216439,4,5944.796651
54.216439,4,5944.859902
-7.077886,6,5945.050787
54.216439,4,5945.206373
54.216439,4,5945.272605
54.216439,4,5945.426471
-11.510587,4,5945.470199
-11.510587,4,5945.513298
54.216439,4,5945.654546
54.216439,4,5945.761868
54.216439,4,5945.824002
51.523209,3,5945.921774
54.216439,4,5945.984735
-14.190791,3,5946.130141
-13.476791,3,5946.304717
-13.476791,3,5946.476589
-13.476791,3,5946.663933
51.523209,3,5946.851221
-7.425267,5,5947.044532
-13.476791,3,5947.10304
53.212956,8,5947.135098
-13.476791,3,5947.348601
54.216439,4,5947.46287
-7.666476,6,5947.508949
-7.950386,5,5947.558027
-13.476791,3,5947.714158
59.099294,6,5947.763736
54.216439,4,5947.936458
-14.139791,3,5948.080549
54.216439,4,5948.146901
54.216439,4,5948.345676
-13.476791,3,5948.573412
53.502439,4,5948.619323
59.099294,6,5948.656357
50.605209,3,5948.909646
51.523209,3,5949.010813
58.283294,6,5949.05999
54.216439,4,5949.176542
54.216439,4,5949.243158
59.099294,6,5949.28348
-13.476791,3,5949.480382
-13.476791,3,5949.635529
54.216439,4,5949.760744
54.216439,4,5949.873979
59.099294,6,5949.949086
54.216439,4,5949.995296
54.216439,4,5950.122538
54.216439,4,5950.239721
53.29844,4,5950.500914
54.216439,4,5950.710833
-13.476791,3,5950.777956
54.216439,4,5950.842577
54.216439,4,5950.957923
57.78954,7,5950.989498
53.196439,4,5951.198422
54.216439,4,5951.400927
51.523209,3,5951.500426
-13.476791,3,5951.682471
51.523209,3,5951.801343
59.099294,6,5951.847431
57.78954,7,5951.89001
51.523209,3,5952.07911
-13.476791,3,5952.22042
-13.476791,3,5952.364952
54.216439,4,5952.606509
54.216439,4,5952.677122
57.78954,7,5952.735222
-13.476791,3,5952.895255
54.216439,4,5952.93691
-13.476791,3,5953.084834
-13.476791,3,5953.322011
-12.011283,4,5953.502693
54.216439,4,5953.696915
-13.476791,3,5953.764025
54.216439,4,5953.877933
54.216439,4,5953.949038
54.008717,4,5954.199575
-13.476791,3,5954.349986
-13.476791,3,5954.506415
54.216439,4,5954.752778
-13.476791,3,5954.943189
-13.476791,3,5955.171501
54.216439,4,5955.366617
-13.476791,3,5955.550689
59.099294,6,5955.596457
-13.476791,3,5955.665056
51.523209,3,5955.782712
-8.211028,5,5955.984301
57.967614,5,5956.043396
54.216439,4,5956.111898
-13.476791,3,5956.289155
-13.476791,3,5956.439493
54.216439,4,5956.63407
59.099294,6,5956.661107
54.216439,4,5956.894501
-13.476791,3,5957.039383
-13.476791,3,5957.100277
-13.476791,3,5957.277462
-10.783561,4,5957.484959
59.099294,6,5957.550557
54.216439,4,5957.698739
54.216439,4,5957.846497
51.523209,3,5958.031334
54.216439,4,5958.222835
-13.476791,3,5958.279401
54.216439,4,5958.367737
57.78954,7,5958.39677
59.099294,6,5958.426833
-13.476791,3,5958.514532
51.523209,3,5958.613703
54.216439,4,5958.854991
57.78954,7,5958.887066
-13.476791,3,5959.039168
51.523209,3,5959.328297
54.216439,4,5959.520046
57.78954,7,5959.578412
-13.476791,3,5959.626963
51.523209,3,5959.725424
54.216439,4,5959.903682
-13.476791,3,5960.05147
57.78954,7,5960.107573
-13.476791,3,5960.28072
-13.476791,3,5960.454411
59.099294,6,5960.483468
54.216439,4,5960.55458
57.78954,7,5960.608948
-13.552251,3,5960.742117
-13.476791,3,5960.936736
51.523209,3,5961.220377
56.97354,7,5961.258933
-13.476791,3,5961.402845
-14.139791,3,5961.588589
-13.476791,3,5961.735568
54.216439,4,5961.843421
54.216439,4,5962.025636
-8.407468,5,5962.104741
51.523209,3,5962.399771
-6.489296,6,5962.608555
51.523209,3,5962.900669
-13.476791,3,5962.988132
-10.783561,4,5963.185806
-13.476791,3,5963.453565
54.216439,4,5963.630487
51.523209,3,5963.905746
-13.476791,3,5964.00295
-13.476791,3,5964.168296
59.099294,6,5964.213117
-13.476791,3,5964.352858
50.707209,3,5964.454013
-13.476791,3,5964.508112
51.523209,3,5964.804067
54.216439,4,5964.917346
-13.476791,3,5964.967841
54.216439,4,5965.034433
59.099294,6,5965.066486
59.099294,6,5965.138046
51.523209,3,5965.381397
-13.476791,3,5965.6078
-13.476791,3,5965.823258
-8.686476,6,5966.007044
59.099294,6,5966.047619
57.78954,7,5966.108902
-14.139791,3,5966.160994
-13.552251,3,5966.271065
-13.476791,3,5966.45333
-13.476791,3,5966.623606
-13.476791,3,5966.685207
54.216439,4,5966.837183
51.523209,3,5967.118971
53.196439,4,5967.181579
54.216439,4,5967.287493
-13.552251,3,5967.339697
51.523209,3,5967.55722
-11.510587,4,5967.59751
-13.476791,3,5967.70142
51.523209,3,5967.826545
54.216439,4,5967.962474
-13.476791,3,5968.046627
-13.476791,3,5968.09972
51.523209,3,5968.388613
54.216439,4,5968.553212
-13.476791,3,5968.705554
-13.476791,3,5968.761642
-13.476791,3,5968.809937
54.216439,4,5969.043582
59.099294,6,5969.078642
59.099294,6,5969.144247
-13.476791,3,5969.31806
50.707209,3,5969.488901
-13.476791,3,5969.785156
54.216439,4,5969.943475
-13.552251,3,5970.01221
57.78954,7,5970.068832
-13.476791,3,5970.253207
51.523209,3,5970.41782
59.099294,6,5970.486998
54.216439,4,5970.704852
49.942209,3,5970.807011
-13.476791,3,5970.951721
-13.476791,3,5971.005306
54.216439,4,5971.152573
51.523209,3,5971.334752
-13.476791,3,5971.395922
-13.476791,3,5971.560178
54.216439,4,5971.796721
-13.476791,3,5971.969752
-13.476791,3,5972.115582
54.216439,4,5972.177167
57.78954,7,5972.220754
51.523209,3,5972.299937
54.216439,4,5972.545848
-13.476791,3,5972.721137
-14.190791,3,5972.813404
-13.476791,3,5973.033891
54.216439,4,5973.131482
50.605209,3,5973.328197
-13.703172,3,5973.373269
51.523209,3,5973.520618
59.099294,6,5973.553157
-13.703172,3,5973.59376
51.523209,3,5973.73485
-13.476791,3,5973.887749
54.216439,4,5974.015912
54.216439,4,5974.27018
-13.476791,3,5974.335355
51.523209,3,5974.429955
54.216439,4,5974.478867
-13.703172,3,5974.530766
54.216439,4,5974.644682
-7.032386,5,5974.695795
53.55344,4,5974.918828
51.523209,3,5975.321473
-13.740902,3,5975.372481
54.216439,4,5975.489046
56.15754,7,5975.529146
51.523209,3,5975.618276
51.523209,3,5975.719507
54.216439,4,5975.87076
54.216439,4,5975.912343
59.099294,6,5975.952912
54.216439,4,5975.994729
-13.703172,3,5976.041441
-14.496791,3,5976.149762
57.78954,7,5976.190022
-13.476791,3,5976.337134
-13.476791,3,5976.52942
54.216439,4,5976.76546
51.523209,3,5976.977109
51.523209,3,5977.247037
-14.853791,3,5977.470446
54.216439,4,5977.63291
57.07554,7,5977.696995
54.216439,4,5977.781131
-13.476791,3,5977.929062
-13.476791,3,5978.110113
54.216439,4,5978.193129
-14.572251,3,5978.26791
54.216439,4,5978.487733
-11.199004,4,5978.554468
54.216439,4,5978.782824
54.216439,4,5978.965418
51.523209,3,5979.14364
-13.476791,3,5979.289312
54.216439,4,5979.428586
52.83944,4,5979.534811
-13.476791,3,5979.587439
51.523209,3,5979.691713
-13.476791,3,5979.836628
59.099294,6,5979.875336
57.78954,7,5979.932916
54.216439,4,5980.131775
53.212956,8,5980.200079
54.216439,4,5980.442652
-13.476791,3,5980.634239
54.216439,4,5980.745968
54.216439,4,5980.902459
-13.476791,3,5981.125369
54.216439,4,5981.247776
57.78954,7,5981.297374
54.216439,4,5981.438391
-13.476791,3,5981.609146
-14.394791,3,5981.784428
54.216439,4,5981.985868
54.216439,4,5982.18277
-13.476791,3,5982.231852
59.099294,6,5982.274442
-15.057791,3,5982.421817
57.78954,7,5982.464372
-13.476791,3,5982.635263
59.099294,6,5982.66882
54.216439,4,5982.877618
-14.190791,3,5983.060178
54.216439,4,5983.25482
59.099294,6,5983.293909
57.78954,7,5983.348635
54.216439,4,5983.460289
-13.476791,3,5983.649128
53.196439,4,5983.807408
57.78954,7,5983.862982
51.523209,3,5983.951157
50.503209,3,5984.288992
57.78954,7,5984.332062
-13.476791,3,5984.375138
-13.476791,3,5984.521433
54.216439,4,5984.580651
-13.476791,3,5984.749065
57.78954,7,5984.790647
-13.476791,3,5984.9377
51.523209,3,5985.035818
-11.406726,4,5985.09535
-13.476791,3,5985.272504
-13.476791,3,5985.448698
58.079294,6,5985.48343
-13.476791,3,5985.698269
-13.476791,3,5985.84302
50.503209,3,5986.192893
54.216439,4,5986.2585
-13.476791,3,5986.408402
54.216439,4,5986.526824
57.78954,7,5986.565415
-13.627712,3,5986.621499
53.502439,4,5986.739659
54.216439,4,5986.880766
54.216439,4,5986.990547
-13.476791,3,5987.14933
54.216439,4,5987.259158
-13.476791,3,5987.414319
-13.627712,3,5987.468066
-13.476791,3,5987.614339
-13.476791,3,5987.827994
59.099294,6,5987.868717
-13.476791,3,5988.098752
59.099294,6,5988.149364
54.216439,4,5988.266831
53.55344,4,5988.424608
-7.666476,6,5988.569078
53.55344,4,5988.649783
59.099294,6,5988.695184
51.523209,3,5988.975826
-13.476791,3,5989.124026
54.216439,4,5989.310434
54.216439,4,5989.41897
-14.394791,3,5989.567813
-13.476791,3,5989.713533
-13.476791,3,5989.867931
51.523209,3,5989.973816
-13.476791,3,5990.165199
53.400439,4,5990.274899
-13.476791,3,5990.422505
-13.476791,3,5990.468308
54.216439,4,5990.604257
-14.190791,3,5990.83382
54.216439,4,5990.89457
54.216439,4,5991.013037
-13.476791,3,5991.200881
54.216439,4,5991.319783
54.216439,4,5991.426635
-13.476791,3,5991.572156
57.78954,7,5991.613223
-13.476791,3,5991.757226
54.216439,4,5991.993882
57.78954,7,5992.062339
59.099294,6,5992.100104
54.216439,4,5992.240277
-13.476791,3,5992.294801
54.216439,4,5992.436889
54.216439,4,5992.64718
-13.476791,3,5992.795423
54.216439,4,5992.906941
-13.476791,3,5993.113233
54.216439,4,5993.305117
54.216439,4,5993.540951
-13.476791,3,5993.738397
54.216439,4,5993.856783
58.181294,6,5993.907432
59.099294,6,5993.948511
-13.476791,3,5994.155284
54.216439,4,5994.354294
54.216439,4,5994.411414
-13.703172,3,5994.448975
57.78954,7,5994.504916
54.216439,4,5994.615224
51.523209,3,5994.770657
57.78954,7,5994.810043
54.216439,4,5994.869175
54.216439,4,5995.072043
57.78954,7,5995.126781
50.503209,3,5995.383604
49.687209,3,5995.662916
57.78954,7,5995.727521
-14.496791,3,5995.889302
53.196439,4,5996.124907
-13.476791,3,5996.180829
54.216439,4,5996.242374
59.099294,6,5996.271935
-13.476791,3,5996.540779
50.860209,3,5996.754849
-13.476791,3,5996.828201
-13.476791,3,5996.979363
51.523209,3,5997.048648
-13.476791,3,5997.267798
-14.139791,3,5997.415189
57.78954,7,5997.479478
-13.476791,3,5997.677145
-14.760902,3,5997.715165
-13.476791,3,5997.778262
57.78954,7,5997.815307
54.216439,4,5997.929929
-13.476791,3,5998.111403
51.523209,3,5998.227608
-13.552251,3,5998.430904
51.523209,3,5998.557765
-13.476791,3,5998.701226
57.78954,7,5998.740892
53.55344,4,5998.843779
54.216439,4,5999.04487
-13.476791,3,5999.198996
57.78954,7,5999.253569
54.216439,4,5999.408036
54.216439,4,5999.512745
54.216439,4,5999.697633
53.196439,4,5999.938985
54.216439,4,6000.001698
54.216439,4,6000.157092
54.216439,4,6000.384582
-13.552251,3,6000.434299
-13.627712,3,6000.475371
54.216439,4,6000.615922
-13.476791,3,6000.819549
-13.703172,3,6000.862132
54.216439,4,6001.059839
-13.476791,3,6001.228755
53.400439,4,6001.38571
57.78954,7,6001.442272
59.099294,6,6001.481559
54.216439,4,6001.673566
-13.476791,3,6001.735195
-13.476791,3,6001.7793
-13.476791,3,6001.925606
54.216439,4,6002.161418
51.523209,3,6002.266207
54.216439,4,6002.368836
54.216439,4,6002.522526
57.78954,7,6002.56559
57.78954,7,6002.613091
54.216439,4,6002.811194
51.523209,3,6002.897365
54.216439,4,6003.134548
54.216439,4,6003.277763
54.216439,4,6003.384819
59.099294,6,6003.424421
-13.476791,3,6003.56998
51.523209,3,6003.636058
54.216439,4,6003.875597
-14.190791,3,6004.022319
58.385294,6,6004.06346
-13.476791,3,6004.20927
50.860209,3,6004.370198
59.099294,6,6004.414319
-13.476791,3,6004.586751
-13.476791,3,6004.735377
54.216439,4,6004.797546
57.78954,7,6004.835095
57.967614,5,6004.943428
53.196439,4,6005.005278
-10.991283,4,6005.081331
54.216439,4,6005.144222
51.523209,3,6005.239459
54.216439,4,6005.315749
57.967614,5,6005.425539
57.78954,7,6005.481869
57.78954,7,6005.536968
-8.211028,5,6005.603066
54.216439,4,6005.798357
-13.476791,3,6005.950783
57.78954,7,6005.98734
54.216439,4,6006.142859
-13.476791,3,6006.292253
53.212956,8,6006.339278
57.78954,7,6006.709207
-13.476791,3,6006.773411
57.78954,7,6006.815238
-13.476791,3,6007.045278
57.78954,7,6007.098083
-14.545712,3,6007.161212
57.967614,5,6007.23934
57.78954,7,6007.288076
54.216439,4,6007.485167
57.78954,7,6007.550243
54.216439,4,6007.612479
-13.476791,3,6007.758285
53.212956,8,6007.813846
54.216439,4,6007.878953
54.216439,4,6008.029006
54.216439,4,6008.171472
57.967614,5,6008.27864
-13.627712,3,6008.317794
54.216439,4,6008.467166
54.216439,4,6008.524928
59.099294,6,6008.582123
53.212956,8,6008.641755
-13.476791,3,6008.78406
57.78954,7,6008.836125
54.216439,4,6008.992744
54.216439,4,6009.140361
-7.818147,5,6009.214113
54.216439,4,6009.414959
54.216439,4,6009.580136
54.216439,4,6009.736159
-10.783561,4,6009.941684
51.523209,3,6010.252589
54.216439,4,6010.426874
54.216439,4,6010.533708
54.216439,4,6010.605803
53.212956,8,6010.670907
53.212956,8,6010.711977
54.216439,4,6010.860319
54.216439,4,6011.007082
-13.476791,3,6011.177843
54.216439,4,6011.331088
54.008717,4,6011.521894
53.212956,8,6011.559935
54.216439,4,6011.715862
54.216439,4,6011.773979
53.212956,8,6011.846925
54.216439,4,6011.888001
54.216439,4,6012.051563
54.216439,4,6012.24397
-13.627712,3,6012.285483
-7.032386,5,6012.335042
51.523209,3,6012.537845
51.523209,3,6012.636901
54.216439,4,6012.694468
53.212956,8,6012.738521
57.78954,7,6012.781377
53.212956,8,6012.835475
53.502439,4,6013.033513
57.967614,5,6013.228562
54.216439,4,6013.290649
53.212956,8,6013.331214
54.216439,4,6013.532098
51.523209,3,6013.781111
54.216439,4,6013.838728
-13.703172,3,6013.875787
-11.510587,4,6013.920542
57.967614,5,6013.97945
-13.476791,3,6014.132832
51.523209,3,6014.2315
53.55344,4,6014.291567
57.967614,5,6014.362191
54.216439,4,6014.524024
-10.783561,4,6014.640506
-13.476791,3,6014.785813
-7.92446,7,6014.968568
54.216439,4,6015.175897
57.967614,5,6015.270745
-9.38062,7,6015.466926
54.216439,4,6015.520506
54.216439,4,6015.592754
57.967614,5,6015.678472
-10.783561,4,6015.898108
-7.960771,6,6015.949198
-13.703172,3,6016.00328
57.967614,5,6016.114691
54.216439,4,6016.260042
57.967614,5,6016.328851
-13.476791,3,6016.395984
45.997369,9,6016.45014
54.216439,4,6016.50521
54.216439,4,6016.582373
54.216439,4,6016.686981
-13.476791,3,6016.830777
-10.991283,4,6016.932421
54.216439,4,6016.996995
-13.476791,3,6017.20732
53.212956,8,6017.24101
54.216439,4,6017.407408
-13.476791,3,6017.503068
54.216439,4,6017.564178
-13.476791,3,6017.812413
-7.21046,7,6017.991123
53.196439,4,6018.060943
54.216439,4,6018.143867
51.523209,3,6018.319595
57.967614,5,6018.393185
-13.476791,3,6018.563052
54.216439,4,6018.765348
-13.476791,3,6018.821192
57.78954,7,6018.982782
57.967614,5,6019.080438
-13.627712,3,6019.137665
-13.476791,3,6019.285142
54.216439,4,6019.392865
53.212956,8,6019.449468
54.216439,4,6019.590336
54.216439,4,6019.649737
57.967614,5,6019.690804
54.216439,4,6019.867659
45.997369,9,6019.946986
54.216439,4,6020.025835
-13.476791,3,6020.170935
57.967614,5,6020.280857
53.212956,8,6020.319917
57.066154,7,6020.389864
57.967614,5,6020.508969
54.216439,4,6020.658256
54.216439,4,6020.777908
53.29844,4,6020.857035
45.997369,9,6020.899717
-7.032386,5,6020.951176
54.216439,4,6021.087432
57.967614,5,6021.148153
53.212956,8,6021.179216
54.216439,4,6021.237134
-14.496791,3,6021.383626
54.216439,4,6021.585587
53.212956,8,6021.686281
54.216439,4,6021.844078
-10.783561,4,6021.937219
54.216439,4,6022.145825
57.78954,7,6022.185499
53.196439,4,6022.241606
53.212956,8,6022.579504
51.523209,3,6022.916199
54.216439,4,6023.060447
-7.032386,5,6023.112175
57.967614,5,6023.195308
57.967614,5,6023.304592
57.967614,5,6023.501167
-11.199004,4,6023.569787
53.196439,4,6023.631374
54.216439,4,6023.796122
51.523209,3,6023.87501
54.216439,4,6024.077703
57.967614,5,6024.185685
54.216439,4,6024.249819
45.997369,9,6024.305435
54.216439,4,6024.407275
54.216439,4,6024.448336
54.216439,4,6024.59024
53.212956,8,6024.628785
57.967614,5,6024.670364
-8.657233,7,6024.833387
54.216439,4,6024.894459
-7.032386,5,6024.944077
57.967614,5,6025.063922
45.997369,9,6025.158035
-11.787044,8,6025.548413
54.216439,4,6025.628547
-11.787044,8,6025.819947
-7.032386,5,6025.869517
54.216439,4,6026.070433
45.997369,9,6026.135713
57.967614,5,6026.21739
-7.032386,5,6026.269984
54.216439,4,6026.34157
54.216439,4,6026.393668
45.997369,9,6026.435704
54.216439,4,6026.581169
52.498956,8,6026.733205
54.216439,4,6026.794319
56.947614,5,6027.002142
-13.476791,3,6027.054086
54.216439,4,6027.207366
-7.032386,5,6027.270352
45.997369,9,6027.347032
54.216439,4,6027.408177
51.523209,3,6027.508253
37.169359,10,6027.57163
54.216439,4,6027.721881
-13.703172,3,6027.760305
54.216439,4,6027.911044
-13.476791,3,6028.057359
54.216439,4,6028.201969
-11.787044,8,6028.385558
45.997369,9,6028.441128
-11.787044,8,6028.628395
-11.510587,4,6028.66921
-13.476791,3,6028.817522
59.099294,6,6028.864605
54.216439,4,6029.011332
45.997369,9,6029.067216
54.216439,4,6029.121404
57.967614,5,6029.200522
54.216439,4,6029.34239
51.523209,3,6029.640005
-13.476791,3,6029.894082
45.997369,9,6029.934353
45.997369,9,6029.987433
57.967614,5,6030.189513
54.216439,4,6030.347444
57.967614,5,6030.541274
54.216439,4,6030.577834
54.216439,4,6030.723678
45.997369,9,6031.049871
-7.032386,5,6031.124962
37.985359,10,6031.163584
51.523209,3,6031.362716
-13.476791,3,6031.451801
59.099294,6,6031.500873
54.216439,4,6031.647229
57.967614,5,6031.755407
54.216439,4,6031.81551
58.181294,6,6031.86408
45.283369,9,6031.920341
53.212956,8,6032.215468
56.947614,5,6032.332148
53.212956,8,6032.402126
53.212956,8,6032.700356
54.216439,4,6032.761386
-7.032386,5,6032.836274
54.216439,4,6032.992738
45.997369,9,6033.053158
-13.476791,3,6033.198689
-8.407468,5,6033.268897
-13.552251,3,6033.3455
-7.032386,5,6033.395071
45.997369,9,6033.435691
-13.476791,3,6033.581528
53.212956,8,6033.645225
57.967614,5,6033.818658
54.216439,4,6033.964433
54.216439,4,6034.029661
51.523209,3,6034.125391
57.967614,5,6034.311866
59.099294,6,6034.413933
52.498956,8,6034.471375
54.216439,4,6034.670666
53.212956,8,6034.821477
-10.783561,4,6035.014792
-7.032386,5,6035.073915
57.151614,5,6035.275232
45.997369,9,6035.315972
45.997369,9,6035.351544
-7.077886,6,6035.550193
53.29844,4,6035.701114
57.967614,5,6035.87553
45.997369,9,6035.910092
52.192956,8,6035.947824
57.967614,5,6036.056335
53.502439,4,6036.207141
51.523209,3,6036.313976
51.523209,3,6036.508292
54.216439,4,6036.649776
-7.032386,5,6036.701343
45.997369,9,6036.765965
54.216439,4,6036.928728
53.212956,8,6036.984294
57.967614,5,6037.086465
54.216439,4,6037.164095
54.216439,4,6037.287127
53.212956,8,6037.579548
-13.476791,3,6037.787939
-13.476791,3,6037.938771
51.523209,3,6038.191504
-5.900706,6,6038.221567
57.967614,5,6038.265668
57.967614,5,6038.465121
54.216439,4,6038.630426
-7.21046,7,6038.801843
-13.476791,3,6038.852912
59.099294,6,6038.920518
-13.476791,3,6039.011646
57.967614,5,6039.118463
54.216439,4,6039.182572
54.216439,4,6039.344684
45.334369,9,6039.387859
57.967614,5,6039.493174
-13.476791,3,6039.693466
51.523209,3,6039.784039
54.216439,4,6039.930111
-13.476791,3,6040.08721
45.997369,9,6040.144858
57.967614,5,6040.254371
54.216439,4,6040.385096
57.574733,5,6040.494231
54.216439,4,6040.645043
54.216439,4,6040.781836
54.216439,4,6040.856953
57.967614,5,6040.966374
-7.960771,6,6041.115506
59.099294,6,6041.17541
45.997369,9,6041.245009
-13.476791,3,6041.403262
-8.211028,5,6041.452832
59.099294,6,6041.510937
54.216439,4,6041.672225
59.099294,6,6041.775911
45.997369,9,6041.829667
59.099294,6,6041.890814
37.985359,10,6041.955388
54.216439,4,6042.135865
54.216439,4,6042.327404
57.967614,5,6042.37097
37.985359,10,6042.427623
54.216439,4,6042.469004
37.985359,10,6042.506542
54.216439,4,6042.596195
54.216439,4,6042.74275
59.099294,6,6042.79159
51.523209,3,6043.113334
54.216439,4,6043.195461
54.216439,4,6043.247857
57.967614,5,6043.488951
-13.260975,8,6043.670493
54.216439,4,6043.831748
37.985359,10,6043.899372
57.304614,5,6044.162579
57.967614,5,6044.269363
57.967614,5,6044.386615
59.099294,6,6044.44374
59.099294,6,6044.500438
54.216439,4,6044.592758
-9.38062,7,6044.671615
57.967614,5,6044.717186
-13.740902,3,6044.758671
54.216439,4,6044.831795
57.967614,5,6044.883907
54.216439,4,6045.043127
54.216439,4,6045.225421
51.523209,3,6045.419439
-13.476791,3,6045.471003
59.099294,6,6045.570445
54.216439,4,6045.724544
57.049614,5,6045.841622
-13.740902,3,6045.885729
57.967614,5,6046.006396
54.216439,4,6046.150154
54.216439,4,6046.21892
45.997369,9,6046.286002
-14.292791,3,6046.430442
54.216439,4,6046.5972
-10.783561,4,6046.809815
57.967614,5,6047.008318
54.216439,4,6047.160317
-13.476791,3,6047.313257
51.523209,3,6047.401937
45.997369,9,6047.444008
59.099294,6,6047.545752
54.216439,4,6047.692018
54.216439,4,6047.850474
-11.406726,4,6047.895925
-13.476791,3,6048.042793
53.212956,8,6048.199649
59.099294,6,6048.263884
54.216439,4,6048.338659
59.099294,6,6048.4247
37.985359,10,6048.483344
54.216439,4,6048.686268
45.997369,9,6049.053293
54.216439,4,6049.156211
57.967614,5,6049.415551
54.216439,4,6049.452636
54.216439,4,6049.613544
-10.783561,4,6049.815618
37.985359,10,6049.903275
53.400439,4,6050.054107
-8.407468,5,6050.101706
57.78954,7,6050.353193
45.997369,9,6050.395491
58.436294,6,6050.627582
45.997369,9,6050.669721
59.099294,6,6050.775683
-10.783561,4,6051.073003
37.985359,10,6051.157229
37.985359,10,6051.206059
53.196439,4,6051.367225
57.967614,5,6051.409223
-9.742313,7,6051.737394
51.523209,3,6052.075355
57.967614,5,6052.138094
45.997369,9,6052.435529
54.216439,4,6052.583929
59.099294,6,6052.654319
-8.657233,7,6052.737632
57.967614,5,6052.777523
53.400439,4,6052.883593
57.78954,7,6052.944541
58.079294,6,6053.043228
31.111884,11,6053.121293
-10.783561,4,6053.347546
57.967614,5,6053.412714
57.967614,5,6053.459486
54.216439,4,6053.534116
57.967614,5,6053.607414
54.216439,4,6053.757694
54.216439,4,6053.820766
-13.476791,3,6053.966343
57.07554,7,6054.201794
37.985359,10,6054.247371
54.216439,4,6054.408311
54.216439,4,6054.55742
54.216439,4,6054.699859
53.212956,8,6054.940591
59.099294,6,6055.039749
57.574733,5,6055.112383
57.78954,7,6055.320209
53.29844,4,6055.429904
54.216439,4,6055.510692
-10.991283,4,6055.674865
54.216439,4,6055.821295
57.967614,5,6055.863701
54.216439,4,6055.929056
54.216439,4,6056.079177
54.216439,4,6056.235159
31.111884,11,6056.310447
57.78954,7,6056.59621
59.099294,6,6056.695158
54.216439,4,6056.845935
45.997369,9,6057.004303
56.31054,7,6057.501341
-33.888116,11,6057.759801
54.216439,4,6057.935512
-13.627712,3,6057.985588
54.216439,4,6058.05982
54.216439,4,6058.114512
-13.476791,3,6058.166941
54.216439,4,6058.327378
57.066154,7,6058.400679
-13.476791,3,6058.669259
59.099294,6,6058.740439
-11.199004,4,6058.800641
56.10654,7,6058.858369
54.216439,4,6058.961059
-13.740902,3,6058.999305
54.216439,4,6059.054072
-14.394791,3,6059.109397
54.216439,4,6059.183527
57.967614,5,6059.233133
-13.703172,3,6059.273209
58.510704,6,6059.49987
57.78954,7,6059.566461
37.985359,10,6059.620284
53.29844,4,6059.769153
53.196439,4,6059.941961
58.181294,6,6060.004362
57.967614,5,6060.070477
-13.476791,3,6060.122555
-13.476791,3,6060.296146
54.216439,4,6060.432914
-13.703172,3,6060.472075
-13.476791,3,6060.618728
37.271359,10,6060.663292
-11.406726,4,6060.709377
54.216439,4,6060.858418
50.860209,3,6061.041729
54.216439,4,6061.128927
57.049614,5,6061.175076
59.099294,6,6061.383072
54.216439,4,6061.568254
54.216439,4,6061.655936
54.216439,4,6061.715169
57.78954,7,6061.786187
59.099294,6,6061.849277
54.216439,4,6061.911954
57.78954,7,6062.361988
57.967614,5,6062.402048
54.216439,4,6062.468762
54.216439,4,6062.615492
31.111884,11,6062.692254
37.985359,10,6062.740967
54.216439,4,6062.87994
54.216439,4,6063.04642
-8.657233,7,6063.231299
-13.476791,3,6063.375114
-28.314315,10,6063.525267
-19.002631,9,6063.723592
-9.742313,7,6063.811201
31.111884,11,6063.886059
57.967614,5,6063.92463
51.523209,3,6064.185498
59.099294,6,6064.282439
-19.002631,9,6064.507805
54.216439,4,6064.668721
54.216439,4,6064.730809
54.216439,4,6064.888813
57.066154,7,6064.956218
57.78954,7,6065.427626
-13.476791,3,6065.574614
-7.666476,6,6065.626957
57.253614,5,6065.663698
54.216439,4,6065.731464
54.216439,4,6065.787556
-13.476791,3,6066.094737
59.099294,6,6066.192632
54.216439,4,6066.33269
54.216439,4,6066.483836
-13.476791,3,6066.63769
57.78954,7,6066.684785
57.049614,5,6066.7524
51.523209,3,6066.951172
53.196439,4,6067.017678
-7.960771,6,6067.106166
55.424767,7,6067.200364
-7.032386,5,6067.247648
54.216439,4,6067.357577
-13.476791,3,6067.412701
51.523209,3,6067.503911
54.216439,4,6067.669273
-8.211028,5,6067.944537
57.78954,7,6068.139137
59.099294,6,6068.236091
-13.703172,3,6068.275023
54.216439,4,6068.42064
53.29844,4,6068.606061
-7.21046,7,6068.931144
54.216439,4,6068.987713
54.216439,4,6069.139503
54.216439,4,6069.212146
45.997369,9,6069.356739
57.967614,5,6069.432384
51.523209,3,6069.678658
57.78954,7,6069.895532
54.216439,4,6069.97165
-11.406726,4,6070.054755
37.985359,10,6070.125901
-13.476791,3,6070.179554
57.967614,5,6070.219697
-7.666476,6,6070.356768
57.78954,7,6070.473093
54.216439,4,6070.530667
54.216439,4,6070.591257
59.099294,6,6070.687923
54.216439,4,6070.849705
-13.476791,3,6070.90009
54.216439,4,6070.961678
54.216439,4,6071.030828
53.29844,4,6071.171761
37.985359,10,6071.317592
57.967614,5,6071.360692
59.099294,6,6071.562598
54.216439,4,6071.715346
59.099294,6,6071.813466
57.967614,5,6071.903867
53.212956,8,6072.104768
54.216439,4,6072.272603
-14.519172,3,6072.308673
57.967614,5,6072.350211
-13.476791,3,6072.409814
37.985359,10,6072.458865
-7.666476,6,6072.757489
54.216439,4,6072.935306
57.967614,5,6072.987892
31.111884,11,6073.040215
57.967614,5,6073.123526
54.216439,4,6073.185603
54.216439,4,6073.246663
31.111884,11,6073.302387
54.216439,4,6073.454852
-13.627712,3,6073.517998
-7.032386,5,6073.588639
54.216439,4,6073.735917
53.212956,8,6073.974505
54.216439,4,6074.054122
57.967614,5,6074.089688
54.216439,4,6074.25137
-7.032386,5,6074.316471
57.967614,5,6074.398521
54.216439,4,6074.553271
57.78954,7,6074.676183
57.967614,5,6074.732259
57.967614,5,6074.778855
53.212956,8,6075.233491
44.751693,9,6075.308844
51.523209,3,6075.555777
57.967614,5,6075.601856
-11.510587,4,6075.643903
37.985359,10,6075.684646
-7.818147,5,6075.770553
-33.888116,11,6076.010481
-7.032386,5,6076.06306
57.049614,5,6076.132925
57.967614,5,6076.167973
57.967614,5,6076.215458
-21.182564,9,6076.62967
-8.211028,5,6076.694769
54.216439,4,6076.768631
54.216439,4,6076.932006
53.196439,4,6077.001408
57.967614,5,6077.044976
54.216439,4,6077.191858
45.079369,9,6077.4077
57.78954,7,6077.503312
-13.476791,3,6077.647555
54.216439,4,6077.716705
57.304614,5,6077.86141
54.216439,4,6078.013172
57.78954,7,6078.105895
54.216439,4,6078.253937
51.523209,3,6078.432277
28.274543,12,6078.529649
54.216439,4,6078.676367
57.967614,5,6078.718441
51.523209,3,6078.892339
57.78954,7,6078.99757
-28.314315,10,6079.043634
54.216439,4,6079.11167
57.967614,5,6079.146219
57.967614,5,6079.188665
57.967614,5,6079.234645
54.216439,4,6079.380171
57.066154,7,6079.453759
45.997369,9,6079.514359
54.216439,4,6079.669984
57.967614,5,6079.72517
37.985359,10,6079.766237
-36.725457,12,6079.956021
51.523209,3,6080.057555
57.967614,5,6080.135825
31.111884,11,6080.204523
57.967614,5,6080.246072
57.967614,5,6080.404092
57.967614,5,6080.449657
57.967614,5,6080.494233
54.216439,4,6080.636283
53.502439,4,6080.793341
53.212956,8,6080.854429
57.967614,5,6080.893509
-36.725457,12,6080.99969
-13.627712,3,6081.060621
57.049614,5,6081.12421
57.967614,5,6081.173295
54.216439,4,6081.240601
53.212956,8,6081.307745
-13.703172,3,6081.355844
51.523209,3,6081.666818
54.216439,4,6081.72386
-36.725457,12,6081.843026
-7.032386,5,6081.904123
54.216439,4,6082.056368
-11.787044,8,6082.33605
-13.997941,8,6082.421177
-13.703172,3,6082.461945
57.967614,5,6082.525942
53.212956,8,6082.581969
-11.406726,4,6082.650069
-13.476791,3,6082.71596
53.29844,4,6082.812171
54.216439,4,6082.888311
31.111884,11,6082.94247
57.967614,5,6083.023613
57.78954,7,6083.12284
54.216439,4,6083.26607
54.216439,4,6083.42042
54.216439,4,6083.580223
37.985359,10,6083.637805
57.78954,7,6083.743463
-33.888116,11,6084.001255
51.523209,3,6084.316539
-8.657233,7,6084.398958
54.216439,4,6084.558197
57.78954,7,6084.655923
-33.888116,11,6084.965041
-13.476791,3,6085.110523
54.216439,4,6085.177024
57.967614,5,6085.219112
54.216439,4,6085.373365
37.985359,10,6085.415928
57.967614,5,6085.460437
57.967614,5,6085.514513
51.523209,3,6085.746323
53.29844,4,6085.812416
51.523209,3,6085.931791
-10.09462,7,6086.120915
31.111884,11,6086.175524
52.192956,8,6086.388824
54.216439,4,6086.533933
37.985359,10,6086.589001
51.523209,3,6086.905898
54.216439,4,6087.065339
53.212956,8,6087.119167
-33.888116,11,6087.373159
54.216439,4,6087.444444
54.216439,4,6087.594174
-13.476791,3,6087.740274
57.967614,5,6087.789364
54.216439,4,6087.956752
31.111884,11,6088.033027
51.523209,3,6088.215753
-33.888116,11,6088.330448
54.216439,4,6088.47347
37.985359,10,6088.520767
-13.627712,3,6088.569571
31.111884,11,6088.630424
31.111884,11,6088.70457
53.212956,8,6088.762509
-13.703172,3,6088.804084
51.523209,3,6089.090038
31.111884,11,6089.144865
57.181853,5,6089.227227
57.967614,5,6089.272807
30.295884,11,6089.346437
57.967614,5,6089.403565
54.216439,4,6089.474879
37.985359,10,6089.516441
54.216439,4,6089.657621
57.967614,5,6089.698681
54.216439,4,6089.844952
-13.476791,3,6089.898019
28.274543,12,6089.984956
55.628767,7,6090.185004
-36.725457,12,6090.268225
45.997369,9,6090.338094
-19.002631,9,6090.66633
53.212956,8,6090.724999
57.967614,5,6090.76305
53.196439,4,6090.909947
54.216439,4,6091.054179
37.985359,10,6091.270738
45.997369,9,6091.336851
54.216439,4,6091.398453
-36.725457,12,6091.631588
-13.627712,3,6091.690982
-36.725457,12,6091.804633
54.216439,4,6091.950491
54.216439,4,6092.121263
-36.725457,12,6092.208492
-36.725457,12,6092.288612
57.967614,5,6092.341431
31.111884,11,6092.404164
54.216439,4,6092.562031
52.47599,8,6092.63053
54.216439,4,6092.784674
57.967614,5,6092.816444
-7.032386,5,6092.892128
45.997369,9,6092.947799
54.216439,4,6093.023945
-11.510587,4,6093.06206
-13.703172,3,6093.108146
54.216439,4,6093.253743
53.400439,4,6093.405627
54.216439,4,6093.550379
53.212956,8,6093.610046
-8.407468,5,6093.662588
-39.098833,13,6093.832536
54.216439,4,6093.886106
52.47599,8,6093.988261
31.111884,11,6094.067823
-13.476791,3,6094.108072
54.216439,4,6094.18469
57.049614,5,6094.22793
28.274543,12,6094.322503
54.216439,4,6094.389896
54.216439,4,6094.539308
45.997369,9,6094.599332
-21.182564,9,6094.645028
57.967614,5,6094.686298
-10.783561,4,6094.770322
-38.384833,13,6094.861752
54.216439,4,6095.012155
-13.476791,3,6095.155666
-38.384833,13,6095.248539
54.216439,4,6095.322318
31.111884,11,6095.397157
54.216439,4,6095.541936
57.967614,5,6095.611077
57.967614,5,6095.663795
-13.476791,3,6095.811302
57.967614,5,6095.883895
53.400439,4,6095.978083
54.216439,4,6096.129239
54.216439,4,6096.278003
54.216439,4,6096.378172
57.967614,5,6096.421261
-13.627712,3,6096.498937
37.985359,10,6096.568568
-13.627712,3,6096.635728
53.212956,8,6096.732139
28.274543,12,6096.825032
-36.725457,12,6097.05337
54.216439,4,6097.196288
-10.991283,4,6097.381482
31.111884,11,6097.445593
54.216439,4,6097.516695
57.181853,5,6097.655155
28.274543,12,6097.748595
54.216439,4,6097.814728
54.216439,4,6097.949997
54.216439,4,6098.013346
-27.014641,10,6098.400301
54.216439,4,6098.558042
28.274543,12,6098.65049
-13.260975,8,6098.99486
57.967614,5,6099.067114
57.967614,5,6099.108165
-13.476791,3,6099.254263
57.967614,5,6099.289323
54.216439,4,6099.447867
-13.703172,3,6099.488951
45.374531,9,6099.54671
54.216439,4,6099.729411
54.216439,4,6099.81217
51.523209,3,6099.912197
57.967614,5,6099.959812
54.216439,4,6100.109595
-38.384833,13,6100.199235
54.216439,4,6100.355661
57.967614,5,6100.405739
54.216439,4,6100.466843
37.985359,10,6100.624578
52.498956,8,6100.685264
54.216439,4,6100.823032
-5.900706,6,6100.857092
-8.657233,7,6100.923728
37.322359,10,6100.99242
54.216439,4,6101.139244
-8.657233,7,6101.480966
45.997369,9,6101.593909
57.78954,7,6101.656493
45.997369,9,6101.779707
54.216439,4,6101.852019
-21.896564,9,6101.915865
53.212956,8,6101.97359
-37.388457,12,6102.163228
-19.002631,9,6102.438661
44.751693,9,6102.706459
54.216439,4,6102.883407
53.212956,8,6102.94249
28.274543,12,6103.041069
53.212956,8,6103.100146
-5.900706,6,6103.134714
45.374531,9,6103.173706
28.274543,12,6103.266568
54.216439,4,6103.428981
45.997369,9,6103.48935
-13.740902,3,6103.52809
50.605209,3,6103.625236
-36.725457,12,6103.732915
-36.725457,12,6103.798543
57.967614,5,6103.83812
51.523209,3,6103.957856
54.216439,4,6104.117919
30.193884,11,6104.198003
54.216439,4,6104.31602
54.216439,4,6104.460763
-36.725457,12,6104.578422
-13.476791,3,6104.724058
54.216439,4,6104.785632
57.967614,5,6104.828186
54.216439,4,6104.976424
51.523209,3,6105.066574
-13.476791,3,6105.216647
53.212956,8,6105.27675
57.967614,5,6105.330354
-11.510587,4,6105.371229
57.967614,5,6105.400814
-36.725457,12,6105.478107
31.111884,11,6105.586404
57.574733,5,6105.787962
57.066154,7,6105.865585
-38.384833,13,6105.961211
-36.725457,12,6106.225553
-10.783561,4,6106.31119
-20.871145,9,6106.531273
31.111884,11,6106.80833
54.216439,4,6106.926515
-5.900706,6,6107.169864
-11.199004,4,6107.22426
54.216439,4,6107.292357
-5.900706,6,6107.395513
-38.384833,13,6107.491826
28.274543,12,6107.582001
-7.032386,5,6107.668706
54.216439,4,6107.860412
54.216439,4,6107.9553
51.523209,3,6108.209575
-38.384833,13,6108.379044
-37.016506,12,6108.450095
51.523209,3,6108.692008
57.967614,5,6108.85974
57.967614,5,6108.928418
28.274543,12,6109.062335
54.216439,4,6109.238063
57.967614,5,6109.346254
54.216439,4,6109.481036
28.274543,12,6109.573791
-38.384833,13,6109.665449
-13.552251,3,6109.742383
57.181853,5,6109.805488
54.216439,4,6109.952105
-34.611966,11,6110.059789
27.611543,12,6110.153133
37.985359,10,6110.38587
31.111884,11,6110.50294
28.274543,12,6110.83697
-8.407468,5,6110.898688
26.615167,13,6111.173047
-12.324726,4,6111.256213
-38.384833,13,6111.450606
57.967614,5,6111.491259
45.374531,9,6111.555354
-8.211028,5,6111.600557
57.967614,5,6111.665341
-8.674771,6,6111.714837
-11.199004,4,6111.764968
51.523209,3,6112.054236
54.216439,4,6112.208939
-38.384833,13,6112.298298
54.216439,4,6112.449218
-7.032386,5,6112.500398
28.274543,12,6112.880087
54.216439,4,6113.02991
51.523209,3,6113.192982
57.967614,5,6113.273617
54.216439,4,6113.412371
54.216439,4,6113.472443
54.216439,4,6113.549069
-5.900706,6,6113.578109
57.967614,5,6113.618193
57.967614,5,6113.658245
54.216439,4,6113.730969
57.967614,5,6113.799926
-13.740902,3,6113.839939
37.985359,10,6113.951605
28.274543,12,6114.339284
54.216439,4,6114.376347
-8.211028,5,6114.596165
-13.476791,3,6114.745549
-38.384833,13,6114.928609
26.615167,13,6115.193708
-36.725457,12,6115.351671
-13.552251,3,6115.421929
28.274543,12,6115.523564
-5.900706,6,6115.556967
37.985359,10,6115.816705
-5.900706,6,6115.848256
57.967614,5,6115.923534
28.274543,12,6116.056288
-7.032386,5,6116.108006
-7.032386,5,6116.158078
31.111884,11,6116.235723
-7.032386,5,6116.311267
57.333524,6,6116.544141
31.111884,11,6116.622139
31.111884,11,6116.685882
54.216439,4,6116.780278
-5.900706,6,6116.908202
-14.417172,3,6116.953091
-36.725457,12,6117.186843
28.274543,12,6117.281137
54.216439,4,6117.346232
-5.900706,6,6117.475649
53.502439,4,6117.541737
54.216439,4,6117.688138
-38.384833,13,6117.852052
57.967614,5,6117.900536
-11.406726,4,6117.956663
51.523209,3,6118.199181
57.967614,5,6118.265517
31.111884,11,6118.376869
54.216439,4,6118.431709
-12.011283,4,6118.505024
51.523209,3,6118.709872
57.967614,5,6118.753905
45.997369,9,6118.863309
37.985359,10,6118.925292
-7.032386,5,6118.976891
54.216439,4,6119.04804
54.216439,4,6119.23067
57.967614,5,6119.313815
54.216439,4,6119.475384
54.216439,4,6119.673921
57.967614,5,6119.729663
51.523209,3,6119.820491
54.216439,4,6119.967978
-36.725457,12,6120.236707
37.985359,10,6120.345699
-10.783561,4,6120.51569
52.47599,8,6120.632004
-38.384833,13,6120.816587
-11.510587,4,6120.858788
54.216439,4,6121.018051
54.216439,4,6121.078654
56.860733,5,6121.21286
54.216439,4,6121.366651
28.274543,12,6121.458284
-38.384833,13,6121.626521
57.967614,5,6121.704154
57.967614,5,6121.739696
51.523209,3,6121.826679
54.216439,4,6121.973709
57.967614,5,6122.122686
45.997369,9,6122.180276
57.967614,5,6122.234372
-13.476791,3,6122.378126
31.111884,11,6122.447384
45.334369,9,6122.504993
-5.900706,6,6122.537295
54.216439,4,6122.598399
45.997369,9,6122.663168
-38.384833,13,6122.757962
57.967614,5,6122.80158
-38.384833,13,6122.900114
-34.370683,11,6123.09208
57.967614,5,6123.130179
54.216439,4,6123.276948
54.216439,4,6123.364557
37.985359,10,6123.439346
53.29844,4,6123.512965
-7.960771,6,6123.642197
54.216439,4,6123.703285
57.967614,5,6123.749873
51.523209,3,6123.876643
53.400439,4,6123.931297
-13.476791,3,6123.984879
54.216439,4,6124.121988
57.967614,5,6124.175766
57.967614,5,6124.215352
-39.152737,14,6124.390041
-11.510587,4,6124.430612
57.967614,5,6124.485695
57.967614,5,6124.556871
-38.384833,13,6124.655718
51.523209,3,6124.928212
-38.419775,13,6124.9771
57.967614,5,6125.09003
-13.552251,3,6125.154819
-5.900706,6,6125.209126
54.216439,4,6125.292349
-11.510587,4,6125.335906
-39.152737,14,6125.39222
-10.991283,4,6125.448879
-10.783561,4,6125.639527
-40.172737,14,6125.706639
-39.152737,14,6125.755831
54.216439,4,6125.913452
28.274543,12,6126.148351
-38.384833,13,6126.340273
57.967614,5,6126.452014
54.216439,4,6126.605049
-39.152737,14,6126.669683
57.967614,5,6126.742666
54.216439,4,6126.891382
57.967614,5,6126.934683
-38.384833,13,6127.349888
54.216439,4,6127.418006
57.967614,5,6127.464082
54.216439,4,6127.499629
57.967614,5,6127.540737
54.216439,4,6127.698535
-5.900706,6,6127.780146
-39.152737,14,6127.832239
-39.047833,13,6127.943647
54.216439,4,6128.004954
54.216439,4,6128.071142
57.967614,5,6128.186038
54.216439,4,6128.330725
-13.476791,3,6128.392844
57.967614,5,6128.434557
57.967614,5,6128.508526
51.523209,3,6128.683659
57.967614,5,6128.80912
27.254543,12,6129.077075
-37.016506,12,6129.143899
54.216439,4,6129.296487
-38.384833,13,6129.500418
-39.152737,14,6129.561633
54.216439,4,6129.620714
-39.152737,14,6129.79296
54.216439,4,6129.875595
57.967614,5,6129.920182
54.216439,4,6129.974982
54.216439,4,6130.084393
-11.199004,4,6130.144439
-39.152737,14,6130.21925
57.967614,5,6130.301486
-5.900706,6,6130.330539
54.216439,4,6130.385108
-39.152737,14,6130.462309
54.216439,4,6130.522896
57.967614,5,6130.595933
57.967614,5,6130.648021
-39.152737,14,6130.822673
-39.423837,15,6130.877004
-39.152737,14,6130.937078
54.216439,4,6131.092452
-39.152737,14,6131.250237
57.967614,5,6131.414678
54.216439,4,6131.574888
-5.900706,6,6131.703384
51.739025,8,6131.775606
-38.384833,13,6132.009872
59.099294,6,6132.050666
-11.406726,4,6132.11586
-39.152737,14,6132.33447
-29.193927,10,6132.470817
-39.152737,14,6132.718757
-40.172737,14,6132.891519
-11.787044,8,6133.076377
-38.408128,13,6133.141625
57.967614,5,6133.189207
57.967614,5,6133.242825
-5.900706,6,6133.372336
57.967614,5,6133.427428
-39.152737,14,6133.496844
54.216439,4,6133.645297
26.615167,13,6134.052212
-5.900706,6,6134.128496
-14.190791,3,6134.285428
-7.032386,5,6134.338068
-38.384833,13,6134.438731
54.216439,4,6134.508493
57.967614,5,6134.538071
28.274543,12,6134.71437
27.254543,12,6134.951633
-39.152737,14,6135.016374
57.967614,5,6135.068503
57.967614,5,6135.1249
-5.900706,6,6135.16074
57.967614,5,6135.244052
-38.384833,13,6135.653207
57.967614,5,6135.719128
-34.129399,11,6135.994406
54.216439,4,6136.140676
54.216439,4,6136.21581
-38.384833,13,6136.421791
-11.510587,4,6136.488964
54.216439,4,6136.628849
57.967614,5,6136.681734
-39.152737,14,6136.729435
57.967614,5,6136.819723
-13.476791,3,6136.870843
-39.152737,14,6136.93328
28.274543,12,6137.163379
57.967614,5,6137.196939
51.523209,3,6137.3934
-38.384833,13,6137.579316
-38.384833,13,6137.680326
-38.408128,13,6137.768312
-8.407468,5,6137.82041
-7.032386,5,6137.875912
57.967614,5,6137.930529
57.967614,5,6137.998912
54.216439,4,6138.152658
57.151614,5,6138.19444
-9.742313,7,6138.578532
57.967614,5,6138.693053
54.008717,4,6138.844625
57.967614,5,6138.996901
-39.152737,14,6139.047032
57.967614,5,6139.146291
54.216439,4,6139.298323
-39.423837,15,6139.384965
-39.423837,15,6139.449039
-7.818147,5,6139.53921
59.099294,6,6139.593449
57.967614,5,6139.640047
-39.478785,16,6139.69117
53.29844,4,6139.811206
57.066154,7,6139.856433
-39.378735,15,6139.909022
59.099294,6,6139.97664
-39.478785,16,6140.039423
59.099294,6,6140.091342
-11.510587,4,6140.163521
54.216439,4,6140.322755
-28.530927,10,6140.432412
59.099294,6,6140.479011
-39.478785,16,6140.53411
57.967614,5,6140.608282
59.099294,6,6140.645332
57.967614,5,6140.712146
56.554733,5,6140.828364
57.967614,5,6140.862451
-34.732608,11,6140.93758
-5.900706,6,6141.042
-5.900706,6,6141.207432
-39.45832,17,6141.26571
-39.423837,15,6141.313773
54.216439,4,6141.497069
36.40491,10,6141.748955
-39.423837,15,6141.798324
-7.21046,7,6141.926446
-37.016506,12,6141.980468
-39.478785,16,6142.032244
-39.378735,15,6142.081829
-39.478785,16,6142.133915
58.283294,6,6142.188493
-39.423837,15,6142.263316
-39.45832,17,6142.323436
58.079294,6,6142.364995
54.216439,4,6142.536697
-39.478785,16,6142.587388
-8.211028,5,6142.646998
-40.47832,17,6142.700228
57.967614,5,6142.873021
57.967614,5,6142.939831
57.967614,5,6142.973892
-5.900706,6,6143.082562
54.216439,4,6143.236027
-7.666476,6,6143.32693
59.099294,6,6143.394398
54.216439,4,6143.468821
57.967614,5,6143.514196
-7.960771,6,6143.697338
-39.152737,14,6143.760929
-7.21046,7,6143.937576
-8.211028,5,6143.999586
54.216439,4,6144.151749
54.216439,4,6144.221421
-10.991283,4,6144.386275
59.099294,6,6144.428223
59.099294,6,6144.4975
59.099294,6,6144.541321
-39.423837,15,6144.608545
-5.900706,6,6144.737435
-7.032386,5,6144.787119
-39.423837,15,6144.836712
37.11891,10,6145.096452
59.099294,6,6145.157089
-39.094442,14,6145.207435
54.216439,4,6145.382773
57.967614,5,6145.416332
28.177526,12,6145.814166
-11.510587,4,6145.858257
37.552134,10,6145.993238
-39.423837,15,6146.04949
-20.871145,9,6146.300703
-7.666476,6,6146.346051
57.967614,5,6146.391681
54.216439,4,6146.454503
54.216439,4,6146.608235
-39.478785,16,6146.657313
57.967614,5,6146.697348
-5.900706,6,6146.79351
-39.45832,17,6146.84459
-13.703172,3,6146.885243
-5.900706,6,6146.919824
-5.900706,6,6146.954871
-40.443837,15,6147.00347
57.967614,5,6147.060958
57.253614,5,6147.126536
-7.21046,7,6147.159647
-40.294785,16,6147.211596
-39.152737,14,6147.264605
57.967614,5,6147.329269
59.099294,6,6147.413619
53.196439,4,6147.508261
-39.423837,15,6147.55747
57.967614,5,6147.642688
59.099294,6,6147.697285
54.216439,4,6147.760804
-39.478785,16,6147.809373
-39.478785,16,6147.869948
-7.077886,6,6147.952893
-38.39648,13,6148.005986
-39.478785,16,6148.072473
54.216439,4,6148.15924
54.216439,4,6148.313627
56.947614,5,6148.356432
54.216439,4,6148.516812
-11.787044,8,6148.647178
-39.313785,17,6148.659703
57.049614,5,6148.746353
-7.666476,6,6148.834035
58.510704,6,6148.941697
-37.016506,12,6149.003766
-19.002631,9,6149.076406
-11.199004,4,6149.182558
-13.703172,3,6149.231412
-6.563706,6,6149.269479
57.967614,5,6149.322561
-39.478785,16,6149.380493
45.374531,9,6149.435063
-27.014641,10,6149.547237
57.967614,5,6149.666658
-7.960771,6,6149.707811
57.304614,5,6149.885685
53.212956,8,6150.193521
57.967614,5,6150.271671
-39.428128,13,6150.352349
-39.378285,16,6150.401919
57.967614,5,6150.547582
-11.406726,4,6150.613717
-38.395785,17,6150.625229
51.739025,8,6150.757077
-13.627712,3,6150.92058
-33.888116,11,6151.055832
-33.888116,11,6151.16996
-38.395785,17,6151.181973
57.967614,5,6151.371059
-5.900706,6,6151.406601
57.967614,5,6151.532403
57.967614,5,6151.608239
-39.211785,17,6151.618761
57.922114,6,6151.765313
-7.077886,6,6151.96149
57.967614,5,6152.041611
-38.384833,13,6152.151627
-5.900706,6,6152.19009
54.216439,4,6152.281686
57.967614,5,6152.340372
-38.395785,17,6152.352387
-39.406693,17,6152.421002
54.216439,4,6152.569386
-13.703172,3,6152.611609
57.967614,5,6152.75449
-37.881015,12,6152.801128
-11.510587,4,6152.839699
57.967614,5,6152.903332
45.997369,9,6152.951778
-8.12846,7,6153.094811
-7.077886,6,6153.173516
-38.395785,17,6153.184524
37.985359,10,6153.247181
45.997369,9,6153.296783
-13.997941,8,6153.460282
57.967614,5,6153.543161
-5.900706,6,6153.695902
54.216439,4,6153.843648
-38.395785,17,6153.854664
37.169359,10,6153.969743
-5.900706,6,6154.02903
-39.45832,17,6154.079127
-7.21046,7,6154.234596
-38.395785,17,6154.246104
57.967614,5,6154.288715
57.151614,5,6154.335226
-13.740902,3,6154.377338
54.216439,4,6154.552641
53.212956,8,6154.603463
57.049614,5,6154.792261
45.374531,9,6154.911159
54.216439,4,6155.066879
-8.211028,5,6155.226819
-13.552251,3,6155.284576
-13.627712,3,6155.343483
-10.991283,4,6155.529559
-13.552251,3,6155.575078
-27.014641,10,6155.824566
-27.014641,10,6155.884147
57.967614,5,6155.958513
54.216439,4,6156.025928
-11.406726,4,6156.124601
-38.395785,17,6156.136617
-5.900706,6,6156.186345
-38.395785,17,6156.199909
-5.900706,6,6156.352995
-5.900706,6,6156.383126
-39.86672,14,6156.432481
57.574733,5,6156.581498
-5.900706,6,6156.648341
-38.395785,17,6156.65988
57.967614,5,6156.736503
57.967614,5,6156.800593
-7.960771,6,6156.870892
57.066154,7,6156.952864
57.967614,5,6157.030386
54.216439,4,6157.190994
54.216439,4,6157.291868
-39.065294,14,6157.340701
45.997369,9,6157.393301
52.47599,8,6157.427351
-7.960771,6,6157.488685
-14.366172,3,6157.528979
57.967614,5,6157.583136
-5.900706,6,6157.617246
-11.199004,4,6157.675347
-27.014641,10,6157.712396
-8.623771,6,6157.78017
57.967614,5,6157.838812
-13.476791,3,6157.884886
54.216439,4,6158.035486
-5.900706,6,6158.16393
-19.002631,9,6158.306929
-39.406693,17,6158.357368
57.967614,5,6158.435963
-38.395785,17,6158.448471
54.216439,4,6158.516657
-39.277626,17,6158.57074
-5.900706,6,6158.63765
-39.094442,14,6158.686513
-27.014641,10,6159.034008
-39.415785,17,6159.045522
-38.395785,17,6159.056735
-27.014641,10,6159.090772
-5.900706,6,6159.146844
-38.395785,17,6159.158875
-5.900706,6,6159.306563
57.967614,5,6159.345625
54.216439,4,6159.470313
-38.395785,17,6159.482339
-5.900706,6,6159.513021
-38.395785,17,6159.52553
59.099294,6,6159.600145
-5.900706,6,6159.836978
28.274543,12,6159.927863
28.274543,12,6160.006002
57.78954,7,6160.049448
-38.395785,17,6160.061469
-7.960771,6,6160.107519
27.458543,12,6160.252334
54.216439,4,6160.418761
51.739025,8,6160.615163
53.212956,8,6160.669753
-7.21046,7,6160.69778
-19.002631,9,6160.729678
57.78954,7,6160.795267
-7.21046,7,6160.826817
53.212956,8,6160.873386
-14.366424,8,6160.965647
-10.991283,4,6161.163423
-11.199004,4,6161.431305
59.099294,6,6161.491882
26.615167,13,6161.652457
26.615167,13,6161.763105
-8.657233,7,6161.843228
-13.703172,3,6161.892821
26.615167,13,6162.150755
-34.732608,11,6162.208643
56.554733,5,6162.332117
-11.787044,8,6162.435366
59.099294,6,6162.470924
-11.787044,8,6162.626105
-19.002631,9,6162.904089
-38.395785,17,6162.916612
-37.016506,12,6163.02557
-38.395785,17,6163.037079
-39.28853,15,6163.08571
56.860733,5,6163.153311
-5.900706,6,6163.217257
-37.065015,12,6163.263357
53.212956,8,6163.327634
-38.395785,17,6163.340654
-39.152737,14,6163.390773
-39.378735,15,6163.449381
57.967614,5,6163.49598
-7.960771,6,6163.556522
-7.21046,7,6163.592365
-38.395785,17,6163.602875
-9.38062,7,6163.78357
-11.199004,4,6163.846851
-38.395785,17,6163.859893
-7.21046,7,6163.887416
-38.395785,17,6163.899442
26.615167,13,6164.208556
28.274543,12,6164.586883
-38.395785,17,6164.598393
-7.960771,6,6164.809817
-38.395785,17,6164.821328
44.751693,9,6164.905607
-11.406726,4,6164.950391
-38.384833,13,6165.114144
-5.900706,6,6165.173291
-38.395785,17,6165.185801
31.111884,11,6165.26984
-10.991283,4,6165.429069
57.78954,7,6165.474751
-9.742313,7,6165.569208
-38.395785,17,6165.581225
57.78954,7,6165.654315
57.967614,5,6165.855344
57.967614,5,6165.905046
-7.818147,5,6166.105416
43.731693,9,6166.229512
-38.395785,17,6166.241929
-13.552251,3,6166.295232
-38.395785,17,6166.306239
-5.900706,6,6166.357344
57.967614,5,6166.494622
-13.997941,8,6166.664267
-11.406726,4,6166.728937
-38.395785,17,6166.740448
57.967614,5,6166.806057
-38.395785,17,6166.818585
-36.725457,12,6166.952802
57.574733,5,6167.162769
57.78954,7,6167.200826
-12.428587,4,6167.248404
58.283294,6,6167.322691
57.78954,7,6167.366024
-38.395785,17,6167.378552
-38.395785,17,6167.389068
-5.900706,6,6167.439702
-14.443712,3,6167.492586
-13.476791,3,6167.666446
52.47599,8,6167.735598
-21.845564,9,6167.89135
-7.21046,7,6167.919387
-33.888116,11,6168.051285
57.922114,6,6168.123741
-38.395785,17,6168.135248
-39.423837,15,6168.216067
59.099294,6,6168.275657
-13.476791,3,6168.315708
-39.152737,14,6168.451903
-39.423837,15,6168.70201
-38.395785,17,6168.715229
31.111884,11,6168.781766
-38.395785,17,6168.795274
37.11891,10,6168.957285
-11.787044,8,6168.985333
57.922114,6,6169.051928
-38.395785,17,6169.063956
-38.39648,13,6169.257222
-13.476791,3,6169.311011
-38.395785,17,6169.32252
-38.395785,17,6169.333537
-12.450044,8,6169.360607
-8.211028,5,6169.677453
-38.395785,17,6169.689474
-11.199004,4,6169.743608
31.111884,11,6169.944281
-7.21046,7,6169.99737
-39.05072,14,6170.048411
-39.05072,14,6170.097861
-38.395785,17,6170.117382
28.274543,12,6170.367421
28.274543,12,6170.608783
-38.395785,17,6170.620856
-38.395785,17,6170.631363
31.111884,11,6170.677184
-13.703172,3,6170.715207
-13.476791,3,6170.755913
53.212956,8,6170.833814
-39.058785,17,6170.84634
-39.05072,14,6170.894574
-38.395785,17,6170.906106
27.611543,12,6171.069365
-38.408128,13,6171.135756
-38.395785,17,6171.148656
56.342767,7,6171.279574
53.55344,4,6171.332574
-11.510587,4,6171.37091
-38.395785,17,6171.383934
26.615167,13,6171.797785
-19.002631,9,6171.831462
28.274543,12,6172.071833
-39.423837,15,6172.115999
-38.395785,17,6172.127029
-38.395785,17,6172.139046
51.739025,8,6172.313589
31.111884,11,6172.359993
28.274543,12,6172.61386
-7.21046,7,6172.69458
31.111884,11,6172.772693
31.111884,11,6172.846924
-38.395785,17,6172.859646
-39.478785,16,6172.905193
43.731693,9,6173.149239
52.47599,8,6173.228882
-19.002631,9,6173.258589
30.629317,11,6173.45087
-11.787044,8,6173.483257
-11.199004,4,6173.537833
30.397884,11,6173.586974
31.111884,11,6173.665581
-39.152737,14,6173.769447
-11.199004,4,6173.863587
37.985359,10,6173.906435
-39.265978,15,6173.954997
59.099294,6,6173.997175
-38.395785,17,6174.008699
-8.407468,5,6174.143586
26.615167,13,6174.475454
-39.05072,14,6174.523853
-11.787044,8,6174.557408
-5.900706,6,6174.608485
59.099294,6,6174.654565
-11.787044,8,6174.682586
-39.478785,16,6174.731729
59.099294,6,6174.766267
-9.742313,7,6174.832755
37.985359,10,6174.899484
31.111884,11,6174.947581
-39.478785,16,6174.993397
31.111884,11,6175.031977
37.552134,10,6175.221983
-11.787044,8,6175.255232
-39.45832,17,6175.312822
-38.395785,17,6175.326835
-38.395785,17,6175.338849
-38.384833,13,6175.461465
57.333524,6,6175.605877
-38.395785,17,6175.618897
-27.728641,10,6175.648943
-21.182564,9,6175.847677
52.47599,8,6175.927007
-38.395785,17,6175.938528
-35.427966,11,6176.027642
31.111884,11,6176.082212
-39.423837,15,6176.129939
51.739025,8,6176.201653
-39.123589,14,6176.247225
-39.423837,15,6176.294826
-12.222726,4,6176.360493
-38.395785,17,6176.371611
-38.395785,17,6176.382645
45.997369,9,6176.447222
-39.423837,15,6176.513514
59.099294,6,6176.611727
-39.152737,14,6176.830851
-39.478785,16,6176.880925
-9.742313,7,6177.211077
-36.91949,12,6177.384472
-34.370683,11,6177.470197
-39.152737,14,6177.571836
-14.366424,8,6177.633947
-38.395785,17,6177.644963
-38.384833,13,6178.07094
-38.395785,17,6178.081954
-39.152737,14,6178.183517
59.099294,6,6178.216567
-39.30291,16,6178.270374
-11.199004,4,6178.332043
31.111884,11,6178.390522
-38.395785,17,6178.403028
-39.355066,17,6178.457374
-11.510587,4,6178.52861
-39.45832,17,6178.574776
-19.625469,9,6178.703949
-33.888116,11,6178.755054
-39.45832,17,6178.801621
-38.408128,13,6178.901725
37.985359,10,6178.971341
-34.611966,11,6179.112631
-38.395785,17,6179.124147
-27.447866,10,6179.377845
-11.406726,4,6179.442711
-27.014641,10,6179.496297
-38.395785,17,6179.507315
-39.45832,17,6179.552385
-39.152737,14,6179.747913
44.751693,9,6179.813056
-38.384833,13,6180.025495
-39.45832,17,6180.073547
26.615167,13,6180.347647
-39.45832,17,6180.401584
-39.313785,17,6180.419147
-38.395785,17,6180.430679
-13.703172,3,6180.479812
-39.815737,14,6180.649377
-33.888116,11,6180.696684
-39.152737,14,6180.854405
-38.425599,13,6180.905487
-38.395785,17,6180.918506
-10.991283,4,6181.129843
-39.058785,17,6181.141344
-7.21046,7,6181.305797
-28.530927,10,6181.349351
37.985359,10,6181.429482
-38.395785,17,6181.440997
-39.866737,14,6181.617242
-27.932641,10,6181.685942
-38.395785,17,6181.697119
-11.199004,4,6181.777267
50.633576,8,6182.017974
59.099294,6,6182.072539
-39.45832,17,6182.118729
-38.395785,17,6182.130751
-38.395785,17,6182.141258
-39.45832,17,6182.18685
-10.991283,4,6182.43032
44.751693,9,6182.655974
-39.45832,17,6182.702584
-38.395785,17,6182.714606
-40.141785,16,6182.758699
25.799167,13,6182.979693
-38.395785,17,6182.991199
57.922114,6,6183.09585
57.78954,7,6183.156991
-39.152737,14,6183.199142
-38.395785,17,6183.211669
-8.211028,5,6183.276546
-39.277626,17,6183.33262
-19.002631,9,6183.39121
-38.395785,17,6183.403729
-38.395785,17,6183.416098
-39.45832,17,6183.462176
-13.552251,3,6183.535498
-11.199004,4,6183.657225
30.870601,11,6183.744042
-28.530927,10,6183.796151
54.216439,4,6183.96126
-13.997941,8,6184.161077
-39.45832,17,6184.207701
-13.703172,3,6184.244251
-39.328035,16,6184.293358
-39.45832,17,6184.34041
-39.152737,14,6184.382685
26.615167,13,6184.53935
-38.384833,13,6184.856964
-38.395785,17,6184.86899
-34.732608,11,6184.991571
-39.265978,15,6185.04542
-39.45832,17,6185.10535
-39.45832,17,6185.154596
-37.016506,12,6185.202196
-38.395785,17,6185.214325
-39.098833,13,6185.571364
-34.611966,11,6185.777305
-38.395785,17,6185.790857
-38.395785,17,6185.801371
45.997369,9,6185.849952
-39.152737,14,6185.892187
-38.395785,17,6185.909737
-27.014641,10,6186.171702
-38.395785,17,6186.185225
-39.415785,17,6186.19673
-38.395785,17,6186.207753
-38.395785,17,6186.217772
-39.45832,17,6186.273446
-38.395785,17,6186.285459
28.177526,12,6186.455758
-9.742313,7,6186.693296
-39.423837,15,6186.738771
-38.395785,17,6186.750284
-39.415785,17,6186.761302
-39.05072,14,6186.809904
-38.395785,17,6186.821401
-38.395785,17,6186.83317
-39.478785,16,6186.878672
-39.478785,16,6186.925764
-38.384833,13,6187.120286
-39.378735,15,6187.168845
-39.45832,17,6187.218931
-38.395785,17,6187.230873
-38.395785,17,6187.241895
37.985359,10,6187.457451
53.212956,8,6187.517041
-39.378285,16,6187.561938
37.552134,10,6187.736327
-11.510587,4,6187.777098
-13.552251,3,6187.836818
-13.740902,3,6187.879882
25.799167,13,6188.184434
-38.395785,17,6188.195948
-38.395785,17,6188.207968
-13.552251,3,6188.279072
-38.395785,17,6188.292626
-21.182564,9,6188.535999
37.552134,10,6188.586427
-38.395785,17,6188.598947
-38.395785,17,6188.608964
57.967614,5,6188.679597
-38.395785,17,6188.690618
-38.395785,17,6188.701123
45.997369,9,6188.745827
54.008717,4,6189.012851
-38.395785,17,6189.024872
-39.406693,17,6189.072133
57.574733,5,6189.242808
-39.123589,14,6189.314724
-39.406693,17,6189.360981
-7.960771,6,6189.429079
-39.355066,17,6189.478397
-39.065294,14,6189.523412
-39.265978,15,6189.573017
-37.065015,12,6189.700432
-38.395785,17,6189.712447
-12.120726,4,6189.766046
36.685685,10,6189.917704
-38.395785,17,6189.930393
-39.211785,17,6189.941913
-39.478785,16,6189.989984
-38.395785,17,6190.006512
57.304614,5,6190.069693
-38.395785,17,6190.081709
-38.395785,17,6190.092726
-39.05072,14,6190.137283
-37.016506,12,6190.403075
-38.395785,17,6190.418772
31.111884,11,6190.491183
-39.45832,17,6190.540641
-38.395785,17,6190.553657
57.181853,5,6190.804191
-38.395785,17,6190.8157
58.385294,6,6190.892815
-38.395785,17,6190.904833
52.549956,8,6191.339306
-13.703172,3,6191.386882
-38.395785,17,6191.398903
-39.265978,15,6191.447179
-38.395785,17,6191.459458
-38.395785,17,6191.468975
-38.395785,17,6191.479746
-14.366424,8,6191.557392
-38.395785,17,6191.569924
-38.395785,17,6191.580957
-38.395785,17,6191.590975
-39.478785,16,6191.644851
-38.395785,17,6191.656864
-38.395785,17,6191.667877
-38.395785,17,6191.679893
-39.406693,17,6191.739289
-38.395785,17,6191.750803
-38.395785,17,6191.761373
-11.199004,4,6191.961537
-38.395785,17,6191.973048
-39.211785,17,6191.98407
-39.45832,17,6192.028878
-39.478785,16,6192.076726
-39.378285,16,6192.131822
-39.45832,17,6192.184391
-39.45832,17,6192.231757
-39.45832,17,6192.28434
-39.211785,17,6192.295361
-36.822474,12,6192.477806
-38.395785,17,6192.489524
-39.406693,17,6192.535579
57.574733,5,6192.668817
-28.314315,10,6192.760119
-38.395785,17,6192.77396
-38.395785,17,6192.787979
-39.478785,16,6192.831045
51.739025,8,6192.912204
54.216439,4,6192.967783
-38.395785,17,6192.980813
-38.395785,17,6192.991958
-39.378735,15,6193.03492
-38.425599,13,6193.081055
-38.395785,17,6193.092101
53.212956,8,6193.129691
-40.37632,17,6193.178741
-38.395785,17,6193.190763
-38.395785,17,6193.202775
-38.395785,17,6193.21281
-38.395785,17,6193.222831
-8.407468,5,6193.29631
-38.395785,17,6193.309594
-38.395785,17,6193.3191
-39.45832,17,6193.367674
-39.45832,17,6193.416578
-19.625469,9,6193.760964
-11.406726,4,6193.829751
57.967614,5,6193.903911
-8.407468,5,6193.950608
-39.058785,17,6193.961324
-21.585145,9,6194.052065
51.739025,8,6194.23591
-38.395785,17,6194.247416
-39.058785,17,6194.260943
57.574733,5,6194.323529
-39.45832,17,6194.384106
-38.395785,17,6194.396189
-38.395785,17,6194.405205
-38.425599,13,6194.447267
-14.556902,3,6194.48782
-7.666476,6,6194.728879
57.181853,5,6194.890024
-7.960771,6,6194.972623
-38.395785,17,6194.985146
45.997369,9,6195.038888
-39.45832,17,6195.087461
37.985359,10,6195.140107
-39.152737,14,6195.30154
-14.417172,3,6195.34286
-39.45832,17,6195.392166
-38.395785,17,6195.404195
-38.395785,17,6195.415242
-38.395785,17,6195.425255
-39.478785,16,6195.472959
-39.313785,17,6195.484471
-38.395785,17,6195.49551
37.552134,10,6195.557735
-41.14132,17,6195.607903
56.342767,7,6195.7524
57.066154,7,6195.802312
-39.313785,17,6195.814334
-38.395785,17,6195.824349
-13.260975,8,6195.907978
-39.415785,17,6195.919999
-38.395785,17,6195.932016
-39.065294,14,6195.977584
-38.395785,17,6195.98961
-38.395785,17,6196.001628
-38.395785,17,6196.012641
-38.395785,17,6196.022657
-38.395785,17,6196.032787
-39.109785,17,6196.045294
-38.395785,17,6196.055311
-38.395785,17,6196.065821
-38.395785,17,6196.075835
-38.395785,17,6196.087343
-38.395785,17,6196.097886
-39.211785,17,6196.107904
57.967614,5,6196.309026
-38.425599,13,6196.353579
-38.395785,17,6196.365501
-38.395785,17,6196.375517
-8.407468,5,6196.419846
-8.874028,5,6196.486273
-38.395785,17,6196.498812
-37.016506,12,6196.557405
-38.395785,17,6196.569422
-38.395785,17,6196.578933
54.008717,4,6196.757906
-38.395785,17,6196.769928
-38.395785,17,6196.779953
-11.406726,4,6196.832031
-38.395785,17,6196.84354
-38.395785,17,6196.853557
-38.395785,17,6196.868577
-38.395785,17,6196.880594
-9.38062,7,6196.929169
-38.395785,17,6196.940683
-39.355066,17,6196.985744
-39.058785,17,6196.997765
-38.395785,17,6197.008806
-11.510587,4,6197.048861
-39.45832,17,6197.098954
-39.333632,15,6197.149029
-39.28853,15,6197.198097
-38.395785,17,6197.210331
-39.328035,16,6197.258901
-38.395785,17,6197.270413
-37.065015,12,6197.313493
-7.21046,7,6197.360143
-27.447866,10,6197.529967
-8.407468,5,6197.587534
-39.277626,17,6197.635132
-38.395785,17,6197.651159
-38.395785,17,6197.662195
28.177526,12,6197.883142
-27.014641,10,6198.047229
-38.395785,17,6198.058759
-39.05072,14,6198.105849
-38.395785,17,6198.117862
-13.627712,3,6198.173883
-7.960771,6,6198.312084
-39.445599,13,6198.359149
-38.395785,17,6198.371036
-38.395785,17,6198.382544
-38.395785,17,6198.393054
-38.395785,17,6198.403592
-39.423837,15,6198.449004
-5.900706,6,6198.619864
-39.45832,17,6198.666933
-39.45832,17,6198.711502
-37.016506,12,6198.790432
-40.32291,16,6198.840819
-28.530927,10,6198.928995
-36.91949,12,6199.178818
-38.395785,17,6199.191864
-39.094442,14,6199.238945
-39.065294,14,6199.290588
57.066154,7,6199.400155
-37.643457,12,6199.553873
-39.45832,17,6199.600845
-38.395785,17,6199.61286
-38.395785,17,6199.622878
-38.408128,13,6199.669442
-13.997941,8,6199.726566
-39.478785,16,6199.773638
-11.406726,4,6199.835454
-38.395785,17,6199.848991
-38.395785,17,6199.860019
-11.406726,4,6199.915619
-38.395785,17,6199.927638
-39.415785,17,6199.938147
-38.395785,17,6199.94916
-38.395785,17,6199.959178
-37.016506,12,6200.15484
-38.395785,17,6200.165854
-13.740902,3,6200.20572
-39.45832,17,6200.254467
-7.960771,6,6200.38999
-38.395785,17,6200.401015
-38.395785,17,6200.411037
-38.395785,17,6200.42114
-39.45832,17,6200.468732
-38.395785,17,6200.480755
-9.38062,7,6200.820404
-39.415785,17,6200.831919
-38.395785,17,6200.842283
-38.395785,17,6200.853793
-38.395785,17,6200.864428
-38.395785,17,6200.87494
-38.395785,17,6200.886956
-39.45832,17,6200.93753
-38.395785,17,6200.954055
-37.016506,12,6201.008758
53.212956,8,6201.12559
-14.915941,8,6201.327719
45.997369,9,6201.384812
-13.997941,8,6201.615228
-11.199004,4,6201.664365
58.510704,6,6201.737573
-41.03744,17,6201.789928
57.922114,6,6202.050698
-38.395785,17,6202.062449
-13.740902,3,6202.104155
-12.530587,4,6202.157788
-34.732608,11,6202.211504
-28.530927,10,6202.300846
-38.395785,17,6202.317876
52.47599,8,6202.434285
-39.45832,17,6202.484987
-38.395785,17,6202.497504
-38.395785,17,6202.509029
-39.428535,16,6202.564347
-7.960771,6,6202.629214
-38.395785,17,6202.645739
-38.395785,17,6202.660285
-38.395785,17,6202.67331
-14.366424,8,6202.763797
-38.395785,17,6202.776006
-38.395785,17,6202.789538
36.685685,10,6202.975954
-38.395785,17,6202.98987
-38.395785,17,6203.001087
-39.415785,17,6203.014107
-38.395785,17,6203.027365
-7.666476,6,6203.077486
-39.45832,17,6203.13138
-39.30291,16,6203.184492
-38.395785,17,6203.198516
-38.395785,17,6203.214181
-39.45832,17,6203.267799
-39.45832,17,6203.329182
-14.366424,8,6203.381794
-38.395785,17,6203.398875
37.985359,10,6203.447961
-38.395785,17,6203.460995
-39.45832,17,6203.510482
-38.395785,17,6203.523503
-39.415785,17,6203.534279
-38.395785,17,6203.545789
-38.395785,17,6203.557831
-34.732608,11,6203.611913
59.099294,6,6203.709269
-39.109785,17,6203.723863
-38.395785,17,6203.734374
-39.109785,17,6203.747409
-39.211785,17,6203.763978
37.11891,10,6204.046535
-38.395785,17,6204.062079
-38.395785,17,6204.073588
-28.314315,10,6204.217643
-39.265978,15,6204.26733
-38.395785,17,6204.278851
-38.395785,17,6204.290365
-38.395785,17,6204.300499
-36.91949,12,6204.346543
-28.530927,10,6204.58155
-11.510587,4,6204.623455
-38.395785,17,6204.637973
-39.123589,14,6204.685986
51.739025,8,6204.835024
55.61938,7,6204.920759
57.574733,5,6205.067614
-12.219004,4,6205.253333
-38.395785,17,6205.264905
-20.871145,9,6205.347588
-21.182564,9,6205.429842
-38.395785,17,6205.441365
-37.016506,12,6205.497454
-39.45832,17,6205.545686
-9.38062,7,6205.892982
-39.478785,16,6205.948759
-39.094442,14,6205.997553
57.574733,5,6206.059659
-39.478785,16,6206.107703
-12.173587,4,6206.148759
-38.395785,17,6206.160785
45.374531,9,6206.217046
-38.395785,17,6206.230095
-38.395785,17,6206.240602
-39.45832,17,6206.28717
-38.395785,17,6206.299194
-38.395785,17,6206.311237
-9.742313,7,6206.524466
-38.395785,17,6206.536976
-39.45832,17,6206.584607
-38.395785,17,6206.59612
-5.900706,6,6206.765131
-39.058785,17,6206.776648
-39.478785,16,6206.824041
30.870601,11,6206.91691
-39.478785,16,6206.966496
-38.395785,17,6206.979027
-38.395785,17,6206.996545
-11.199004,4,6207.044883
-39.478785,16,6207.095523
-39.478785,16,6207.144114
-38.395785,17,6207.158136
-39.478785,16,6207.21577
-39.478785,16,6207.261488
-38.395785,17,6207.274544
-39.478785,16,6207.319226
31.111884,11,6207.378935
-39.05072,14,6207.427246
-39.478785,16,6207.481101
52.47599,8,6207.690297
-38.395785,17,6207.701801
-38.395785,17,6207.713347
-34.370683,11,6207.893703
-39.423837,15,6207.940803
-38.395785,17,6207.95131
-6.489296,6,6208.003558
-39.428535,16,6208.057621
-39.406693,17,6208.107696
-38.395785,17,6208.119207
-38.395785,17,6208.129222
-38.395785,17,6208.141258
-38.395785,17,6208.153972
37.985359,10,6208.191543
-38.395785,17,6208.207585
-38.395785,17,6208.221601
-38.425599,13,6208.263692
-39.328035,16,6208.310271
-39.05072,14,6208.358821
56.342767,7,6208.530479
-38.395785,17,6208.542985
-38.395785,17,6208.553998
-13.997941,8,6208.886729
-11.913004,4,6208.939031
-40.294785,16,6208.987458
-39.378735,15,6209.036086
-38.395785,17,6209.047595
-39.478785,16,6209.095724
45.997369,9,6209.312796
-11.406726,4,6209.416479
-38.395785,17,6209.427994
-38.419775,13,6209.471809
-38.395785,17,6209.48333
-38.395785,17,6209.493837
-39.478785,16,6209.539083
-39.211785,17,6209.551597
37.552134,10,6209.635131
-38.395785,17,6209.647146
-39.423837,15,6209.73767
-38.395785,17,6209.749199
-7.960771,6,6209.803352
31.111884,11,6209.920509
26.615167,13,6210.316048
-37.016506,12,6210.386218
-11.199004,4,6210.49395
54.216439,4,6210.553463
-38.395785,17,6210.564496
-39.423837,15,6210.609063
-38.395785,17,6210.620273
-39.478785,16,6210.668369
-38.395785,17,6210.679385
-13.703172,3,6210.72045
53.212956,8,6210.785003
-38.395785,17,6210.79651
-39.478785,16,6210.846604
44.751693,9,6210.955713
-39.45832,17,6211.005027
-38.395785,17,6211.017084
-38.395785,17,6211.026943
57.967614,5,6211.070554
-38.384833,13,6211.284208
-12.173587,4,6211.326793
-39.123589,14,6211.388935
-13.627712,3,6211.439635
-39.478785,16,6211.493306
-7.425267,5,6211.654511
-39.152737,14,6211.703589
-39.423837,15,6211.750863
-39.423837,15,6211.821505
-8.211028,5,6211.886727
-28.530927,10,6211.973504
44.751693,9,6212.123899
-38.395785,17,6212.136111
-14.519172,3,6212.17718
-14.366424,8,6212.418085
-39.423837,15,6212.515507
-8.407468,5,6212.635166
-38.395785,17,6212.647606
-39.235775,13,6212.689524
-39.45832,17,6212.735109
-39.423837,15,6212.809018
-40.137837,15,6212.854908
-7.032386,5,6212.906483
-38.395785,17,6212.920515
-38.395785,17,6212.932058
-39.313785,17,6212.943567
-40.443837,15,6213.029233
-38.395785,17,6213.040989
-39.123589,14,6213.105592
-38.395785,17,6213.118115
-39.478785,16,6213.166845
-39.478785,16,6213.213997
-38.395785,17,6213.226885
-38.395785,17,6213.238897
-40.239837,15,6213.297696
-34.732608,11,6213.419984
-38.395785,17,6213.433131
50.923025,8,6213.516358
-39.478785,16,6213.581205
26.615167,13,6213.800294
-9.742313,7,6213.867868
-38.395785,17,6213.883899
-38.395785,17,6213.897407
-39.423837,15,6213.963688
-38.395785,17,6213.987748
-39.423837,15,6214.067929
-39.45832,17,6214.121565
-38.395785,17,6214.134091
-39.05072,14,6214.199218
-39.968737,14,6214.280142
-39.152737,14,6214.338116
-39.478785,16,6214.395443
-39.45832,17,6214.46433
-38.395785,17,6214.49065
-39.423837,15,6214.621219
-34.611966,11,6214.672088
30.870601,11,6214.747305
-8.211028,5,6214.866653
-21.182564,9,6215.090024
-39.815737,14,6215.155136
37.552134,10,6215.418958
-38.395785,17,6215.431513
-13.703172,3,6215.471828
-38.395785,17,6215.483854
-38.384833,13,6215.787029
-38.419775,13,6215.83563
57.574733,5,6215.992468
-39.152737,14,6216.094166
-28.314315,10,6216.321543
-39.152737,14,6216.419045
55.61938,7,6216.492361
-39.478785,16,6216.544446
-38.39648,13,6216.597469
-8.407468,5,6216.661735
-39.152737,14,6216.706402
-40.239837,15,6216.754135
-39.423837,15,6216.802024
-39.45832,17,6216.854584
-36.91949,12,6216.902132
-39.05072,14,6216.956254
-39.152737,14,6217.035568
26.615167,13,6217.276789
-39.152737,14,6217.406229
-39.152737,14,6217.649404
-28.530927,10,6217.76361
-40.192785,16,6217.80979
-39.152737,14,6217.853347
-38.395785,17,6217.865377
-11.199004,4,6218.087147
-39.152737,14,6218.274985
-39.152737,14,6218.367146
-38.395785,17,6218.380669
-38.395785,17,6218.391697
-39.478785,16,6218.443766
-39.065294,14,6218.489537
26.615167,13,6218.79458
-40.172737,14,6218.988967
-39.094442,14,6219.038054
-38.395785,17,6219.05162
57.922114,6,6219.096191
-39.45832,17,6219.14427
-38.395785,17,6219.156289
-11.199004,4,6219.311215
-38.395785,17,6219.323226
-39.152737,14,6219.504588
-38.395785,17,6219.518213
-39.478785,16,6219.563785
28.274543,12,6219.661036
-11.787044,8,6219.694611
-39.478785,16,6219.741437
-38.395785,17,6219.753532
-7.818147,5,6219.909299
-38.384833,13,6220.219164
-13.627712,3,6220.279293
-37.065015,12,6220.335131
57.967614,5,6220.377542
-38.425599,13,6220.422107
-38.395785,17,6220.435125
-39.152737,14,6220.539318
-39.45832,17,6220.58742
-11.199004,4,6220.651677
57.066154,7,6220.730321
-7.818147,5,6220.909753
-39.152737,14,6221.035634
-39.094442,14,6221.080389
53.212956,8,6221.284468
-13.627712,3,6221.326681
-39.423837,15,6221.372791
26.615167,13,6221.618166
-39.152737,14,6221.659379
58.510704,6,6221.773691
-37.016506,12,6221.830273
-38.395785,17,6221.84178
36.685685,10,6221.982357
-39.478785,16,6222.028163
-39.05072,14,6222.083973
-38.395785,17,6222.096479
-38.395785,17,6222.106502
28.274543,12,6222.151732
-38.395785,17,6222.166418
-37.93949,12,6222.26014
-38.419775,13,6222.30973
-39.423837,15,6222.354794
-38.395785,17,6222.366302
-39.152737,14,6222.411394
54.008717,4,6222.722871
-38.384833,13,6223.030583
26.615167,13,6223.229594
-39.152737,14,6223.299197
-38.395785,17,6223.312724
-39.423837,15,6223.356784
-38.395785,17,6223.369294
-38.384833,13,6223.68335
31.111884,11,6223.733989
-39.478785,16,6223.779166
-38.384833,13,6223.90639
-38.395785,17,6223.917945
-11.510587,4,6223.957495
28.274543,12,6224.044055
-14.366424,8,6224.251952
-38.384833,13,6224.552146
27.254543,12,6224.64689
-38.384833,13,6225.004908
-38.395785,17,6225.019917
-38.395785,17,6225.030463
-38.395785,17,6225.041961
-38.395785,17,6225.056979
-38.395785,17,6225.068268
28.274543,12,6225.144411
-7.21046,7,6225.192592
-10.783561,4,6225.282703
28.274543,12,6225.363671
-7.666476,6,6225.608392
-38.395785,17,6225.621932
28.274543,12,6225.789061
-38.395785,17,6225.801913
-38.395785,17,6225.813451
56.403154,7,6225.894458
-39.152737,14,6225.973094
-34.370683,11,6226.069375
28.274543,12,6226.147981
52.47599,8,6226.205327
26.615167,13,6226.45932
-39.415785,17,6226.470346
-36.725457,12,6226.722073
-36.725457,12,6226.933444
-39.058785,17,6226.945962
-38.395785,17,6226.956006
-39.265978,15,6227.005171
-39.815737,14,6227.10508
-21.182564,9,6227.3418
54.216439,4,6227.49446
-38.395785,17,6227.506477
28.274543,12,6227.785602
-38.395785,17,6227.799124
-39.152737,14,6228.014791
26.615167,13,6228.176741
-38.395785,17,6228.189368
28.274543,12,6228.273045
-39.152737,14,6228.346879
26.615167,13,6228.552263
-13.740902,3,6228.59154
-36.822474,12,6228.679247
-14.366424,8,6228.839009
-5.900706,6,6228.931713
28.274543,12,6229.023366
-39.423837,15,6229.083494
-38.384833,13,6229.245088
26.615167,13,6229.591374
-39.152737,14,6229.766676
-38.395785,17,6229.777698
28.274543,12,6229.959727
-39.152737,14,6230.059903
-39.28853,15,6230.109002
56.342767,7,6230.283214
-38.395785,17,6230.295229
31.111884,11,6230.417194
-13.627712,3,6230.475318
-13.476791,3,6230.51415
-36.725457,12,6230.755395
-9.742313,7,6230.799134
27.356543,12,6230.884826
-38.395785,17,6230.896348
-39.45832,17,6230.946495
-38.384833,13,6231.20138
-39.152737,14,6231.400909
-38.395785,17,6231.414387
26.615167,13,6231.515525
-38.395785,17,6231.527665
28.274543,12,6231.769755
28.274543,12,6231.857682
-11.199004,4,6231.905809
26.615167,13,6232.270269
56.592532,5,6232.498252
-39.152737,14,6232.704633
-39.45832,17,6232.758413
-40.22144,17,6232.807532
26.615167,13,6233.077771
-39.152737,14,6233.240844
28.274543,12,6233.496802
-38.395785,17,6233.509858
-28.314315,10,6233.562411
-8.407468,5,6233.64807
52.47599,8,6233.742369
-13.476791,3,6233.923277
-39.123589,14,6234.070344
-7.666476,6,6234.274263
-9.38062,7,6234.47059
28.274543,12,6234.669373
-38.395785,17,6234.682407
31.111884,11,6234.729588
26.615167,13,6234.984499
-11.510587,4,6235.026562
31.111884,11,6235.074253
-13.703172,3,6235.111414
28.274543,12,6235.199576
-39.45832,17,6235.259186
37.985359,10,6235.362786
31.111884,11,6235.418375
31.111884,11,6235.46543
-28.530927,10,6235.650218
-38.384833,13,6235.868454
-38.395785,17,6235.88147
31.111884,11,6235.95209
-38.395785,17,6235.96611
-39.109785,17,6235.979123
-38.395785,17,6235.987833
-39.423837,15,6236.044911
-39.058785,17,6236.056932
-38.395785,17,6236.068439
-38.395785,17,6236.077964
52.47599,8,6236.136623
-38.395785,17,6236.148139
28.274543,12,6236.237295
-13.997941,8,6236.435581
-38.395785,17,6236.449597
-13.260975,8,6236.635984
37.985359,10,6236.742438
54.008717,4,6236.913851
27.356543,12,6237.047152
-38.395785,17,6237.059684
-13.703172,3,6237.096291
-38.395785,17,6237.107938
31.111884,11,6237.16654
-7.21046,7,6237.236664
-38.384833,13,6237.464374
53.212956,8,6237.51096
31.111884,11,6237.594073
26.615167,13,6237.776797
28.274543,12,6237.865489
-38.395785,17,6237.877501
-28.034641,10,6237.939649
-20.871145,9,6238.019285
31.111884,11,6238.200127
-13.740902,3,6238.240478
-38.384833,13,6238.402221
-11.510587,4,6238.440287
-13.997941,8,6238.643875
-34.611966,11,6238.745117
-13.740902,3,6238.784693
-38.395785,17,6238.796727
59.099294,6,6238.882489
-20.248307,9,6238.963168
-38.395785,17,6238.974184
-39.30291,16,6239.023295
28.274543,12,6239.262373
-39.45832,17,6239.321104
-11.199004,4,6239.556892
37.985359,10,6239.622495
37.985359,10,6239.672694
-38.395785,17,6239.684738
55.424767,7,6239.730326
54.216439,4,6239.885393
37.985359,10,6239.941617
26.615167,13,6240.208509
57.967614,5,6240.266231
-33.888116,11,6240.314896
37.985359,10,6240.356624
-38.395785,17,6240.368135
-12.120726,4,6240.422719
37.985359,10,6240.490857
37.985359,10,6240.562505
-38.395785,17,6240.574147
-9.742313,7,6240.625222
57.574733,5,6240.795978
28.274543,12,6240.886338
-38.395785,17,6240.89836
-39.415785,17,6240.908374
56.342767,7,6240.989765
-14.366424,8,6241.034582
-38.395785,17,6241.046091
-13.627712,3,6241.101232
58.510704,6,6241.299297
-33.888116,11,6241.388448
37.985359,10,6241.440871
-27.014641,10,6241.585581
-38.395785,17,6241.599553
31.111884,11,6241.673912
-36.91949,12,6241.727417
-33.888116,11,6241.861963
-39.45832,17,6241.913522
-34.370683,11,6242.125162
-39.224128,13,6242.206789
57.78954,7,6242.253873
-33.888116,11,6242.312455
28.274543,12,6242.547192
-38.395785,17,6242.559714
28.274543,12,6242.782578
37.985359,10,6242.956948
-39.094442,14,6243.007025
37.985359,10,6243.084122
37.985359,10,6243.163252
-38.395785,17,6243.175793
-38.395785,17,6243.186303
52.47599,8,6243.256627
28.274543,12,6243.348436
54.008717,4,6243.510179
-38.395785,17,6243.522683
-39.065294,14,6243.56977
59.099294,6,6243.601312
-38.395785,17,6243.615335
-38.395785,17,6243.627163
-13.740902,3,6243.674728
28.274543,12,6243.762296
-34.602116,11,6243.816363
31.111884,11,6243.911095
57.574733,5,6244.147178
-27.014641,10,6244.20481
37.985359,10,6244.259331
31.111884,11,6244.32277
-19.002631,9,6244.379899
-34.611966,11,6244.426739
31.111884,11,6244.519471
-39.109785,17,6244.53262
-38.395785,17,6244.544138
-19.002631,9,6244.612731
-36.91949,12,6244.79272
31.111884,11,6244.845899
-19.002631,9,6244.902687
-13.627712,3,6244.946602
-39.478785,16,6245.004496
-27.014641,10,6245.042084
43.731693,9,6245.117718
-13.740902,3,6245.15682
-38.395785,17,6245.169346
-38.395785,17,6245.179865
37.985359,10,6245.231202
31.111884,11,6245.281799
45.997369,9,6245.409267
-19.002631,9,6245.474255
-8.211028,5,6245.554389
-27.014641,10,6245.718453
-27.014641,10,6245.849981
-38.395785,17,6245.863596
-7.960771,6,6245.936401
-19.002631,9,6245.976457
-21.182564,9,6246.167284
31.111884,11,6246.219928
-38.395785,17,6246.232963
-9.742313,7,6246.313183
58.510704,6,6246.43116
35.920134,10,6246.517922
45.997369,9,6246.559495
-19.002631,9,6246.595083
-38.395785,17,6246.607606
54.216439,4,6246.720504
31.111884,11,6246.823452
37.985359,10,6246.882074
-7.666476,6,6246.926157
31.111884,11,6247.012365
-19.818631,9,6247.056093
-38.395785,17,6247.068112
-19.002631,9,6247.158079
-28.530927,10,6247.202783
-5.900706,6,6247.272397
-39.423837,15,6247.322508
-39.152737,14,6247.56222
-27.014641,10,6247.675238
-11.510587,4,6247.714293
-27.014641,10,6247.779208
-33.888116,11,6247.840428
31.111884,11,6247.927181
-39.109785,17,6247.939197
45.997369,9,6248.017222
-38.395785,17,6248.029293
-27.014641,10,6248.076406
-19.002631,9,6248.123929
-19.002631,9,6248.193661
-21.182564,9,6248.240913
-38.395785,17,6248.251428
57.181853,5,6248.562876
-27.014641,10,6248.624522
31.111884,11,6248.79646
-27.014641,10,6248.829525
-8.407468,5,6248.962314
-39.423837,15,6249.01039
-39.423837,15,6249.063948
-38.395785,17,6249.075961
45.374531,9,6249.163693
53.212956,8,6249.233872
-27.014641,10,6249.360502
59.099294,6,6249.404066
-39.478785,16,6249.453876
-8.407468,5,6249.500088
45.997369,9,6249.574063
-19.002631,9,6249.723436
-39.45832,17,6249.77552
-39.45832,17,6249.826781
37.552134,10,6250.069855
-39.328035,16,6250.123014
-11.787044,8,6250.17678
52.192956,8,6250.238169
-38.395785,17,6250.251194
-11.787044,8,6250.391374
-19.002631,9,6250.430067
-39.152737,14,6250.482155
-39.152737,14,6250.533246
53.212956,8,6250.619207
53.212956,8,6250.654212
-39.28853,15,6250.704073
37.985359,10,6250.750145
-19.002631,9,6250.786203
31.111884,11,6250.998544
53.212956,8,6251.067667
53.212956,8,6251.143604
-12.807044,8,6251.301154
57.066154,7,6251.356771
-11.510587,4,6251.397776
-39.423837,15,6251.448047
-27.830641,10,6251.514181
-39.423837,15,6251.564276
-36.91949,12,6251.761281
-11.787044,8,6251.869513
-20.248307,9,6252.053523
-27.014641,10,6252.08506
-11.787044,8,6252.115621
37.552134,10,6252.192346
-11.510587,4,6252.230065
37.985359,10,6252.29517
-39.152737,14,6252.345827
57.78954,7,6252.409505
45.997369,9,6252.468589
57.967614,5,6252.573808
37.985359,10,6252.612368
37.985359,10,6252.677533
-39.152737,14,6252.734062
-39.277626,17,6252.787649
-13.627712,3,6252.828526
59.099294,6,6252.865819
37.067359,10,6252.933022
-27.014641,10,6252.965987
-11.787044,8,6253.119869
-7.077886,6,6253.308104
-8.407468,5,6253.364238
-19.002631,9,6253.526999
-38.395785,17,6253.539511
-19.002631,9,6253.647723
-19.002631,9,6253.691796
-39.152737,14,6253.779436
-20.022631,9,6253.815636
-38.395785,17,6253.828665
-9.027028,5,6253.882715
-29.550927,10,6253.991399
-7.21046,7,6254.166585
-37.065015,12,6254.212774
-11.787044,8,6254.369705
37.985359,10,6254.442521
58.079294,6,6254.485099
-19.002631,9,6254.602683
-11.787044,8,6254.661694
-13.997941,8,6254.86613
45.079369,9,6254.92128
-13.703172,3,6254.959824
-39.152737,14,6255.016903
-39.45832,17,6255.069496
-39.152737,14,6255.127933
45.997369,9,6255.173513
-38.395785,17,6255.186033
-19.002631,9,6255.217176
-11.787044,8,6255.271056
-8.407468,5,6255.454499
-19.002631,9,6255.576126
53.212956,8,6255.621209
-11.510587,4,6255.663405
-39.058785,17,6255.675425
-14.366424,8,6255.724541
45.997369,9,6255.785535
-27.014641,10,6255.840588
-38.395785,17,6255.853621
-7.077886,6,6256.03649
-11.787044,8,6256.135087
-11.787044,8,6256.181144
-27.014641,10,6256.216166
-11.787044,8,6256.278613
-19.002631,9,6256.405961
-27.014641,10,6256.501104
-39.152737,14,6256.549671
-21.182564,9,6256.743011
45.997369,9,6256.814233
-11.787044,8,6256.918541
-38.39648,13,6256.991638
-38.395785,17,6257.002644
53.212956,8,6257.080284
-19.002631,9,6257.296751
-27.014641,10,6257.367868
-39.152737,14,6257.420988
-38.395785,17,6257.432495
45.997369,9,6257.473064
51.002059,8,6257.615766
-27.014641,10,6257.697576
57.78954,7,6257.737134
-19.002631,9,6257.766195
-19.002631,9,6257.865524
-37.016506,12,6257.938716
-11.787044,8,6258.071276
-8.407468,5,6258.149364
-11.787044,8,6258.226199
-38.395785,17,6258.236708
-38.395785,17,6258.247218
57.066154,7,6258.315078
-12.219004,4,6258.37366
-13.552251,3,6258.429571
58.181294,6,6258.514095
45.997369,9,6258.565885
45.997369,9,6258.681232
-19.002631,9,6258.728316
-38.395785,17,6258.740343
-34.611966,11,6259.019489
-39.45832,17,6259.069632
44.751693,9,6259.205801
-39.45832,17,6259.256881
-38.39648,13,6259.342752
-11.787044,8,6259.498612
-19.002631,9,6259.527713
-39.45832,17,6259.577898
-8.211028,5,6259.657012
-11.787044,8,6259.806587
57.78954,7,6259.856652
53.212956,8,6259.920159
-39.45832,17,6259.971237
-21.182564,9,6260.015313
-39.45832,17,6260.067254
-39.45832,17,6260.118322
-39.45832,17,6260.171904
-38.395785,17,6260.183413
-27.014641,10,6260.220658
-11.787044,8,6260.271729
-39.45832,17,6260.321919
53.212956,8,6260.357973
-9.742313,7,6260.504659
-7.21046,7,6260.557811
-19.002631,9,6260.600206
-39.423837,15,6260.649343
-39.45832,17,6260.699604
-7.21046,7,6260.775813
-39.478785,16,6260.8269
-11.787044,8,6260.959574
-11.787044,8,6261.074933
-9.38062,7,6261.250468
-11.787044,8,6261.315583
57.78954,7,6261.356135
-39.423837,15,6261.403207
57.066154,7,6261.514647
-19.002631,9,6261.546198
-39.45832,17,6261.596766
-13.703172,3,6261.637814
-38.395785,17,6261.651348
-38.384833,13,6261.742061
53.212956,8,6261.778241
56.97354,7,6261.813694
-13.740902,3,6261.851249
51.739025,8,6261.927679
-38.384833,13,6262.020349
-11.787044,8,6262.065929
-38.384833,13,6262.166593
-39.478785,16,6262.218211
-7.960771,6,6262.277886
-11.406726,4,6262.342023
56.76954,7,6262.383594
-38.384833,13,6262.475246
-13.627712,3,6262.519697
-13.997941,8,6262.607082
45.997369,9,6262.680797
-33.888116,11,6262.941965
53.212956,8,6262.990028
-13.260975,8,6263.38104
-38.384833,13,6263.481377
-7.21046,7,6263.545544
-7.21046,7,6263.679938
-19.002631,9,6263.711982
-39.45832,17,6263.766086
57.151614,5,6263.823201
-39.45832,17,6263.872617
-10.783561,4,6263.967577
-10.04362,7,6264.052482
57.78954,7,6264.118578
-19.002631,9,6264.157174
-19.002631,9,6264.217257
-38.384833,13,6264.411345
45.997369,9,6264.475612
-10.991283,4,6264.558748
-11.199004,4,6264.687345
57.78954,7,6264.749445
57.78954,7,6264.794572
-13.740902,3,6264.837135
53.212956,8,6264.892759
53.212956,8,6264.942195
56.87154,7,6264.983252
-19.002631,9,6265.015302
-13.627712,3,6265.071889
-20.248307,9,6265.267424
-11.787044,8,6265.302471
-11.787044,8,6265.340532
28.274543,12,6265.432044
57.78954,7,6265.506655
57.78954,7,6265.582854
-39.152737,14,6265.65662
-19.002631,9,6265.690163
-11.787044,8,6265.719719
-39.478785,16,6265.769417
57.78954,7,6265.816016
-39.478785,16,6265.866913
-36.725457,12,6266.032475
59.099294,6,6266.107334
-7.21046,7,6266.247868
-11.787044,8,6266.281929
57.78954,7,6266.348527
-11.787044,8,6266.377216
-11.787044,8,6266.443841
-7.21046,7,6266.642012
-11.787044,8,6266.671945
57.78954,7,6266.720518
-7.21046,7,6266.861911
57.78954,7,6266.89848
-7.666476,6,6267.132001
-7.818147,5,6267.215777
59.099294,6,6267.285017
-39.45832,17,6267.334583
-12.705044,8,6267.429467
-38.384833,13,6267.520323
59.099294,6,6267.57445
-39.423837,15,6267.623132
-14.292791,3,6267.806985
-39.423837,15,6267.856577
-38.384833,13,6268.046925
-8.407468,5,6268.147606
59.099294,6,6268.223261
59.099294,6,6268.267827
37.985359,10,6268.306687
-39.378285,16,6268.355237
-39.478785,16,6268.407313
-7.21046,7,6268.55401
-9.742313,7,6268.70436
-19.002631,9,6268.736921
57.78954,7,6268.798134
-9.742313,7,6268.849718
-8.407468,5,6268.972016
57.922114,6,6269.14133
-7.21046,7,6269.242982
59.099294,6,6269.275545
-11.787044,8,6269.305588
-11.787044,8,6269.345135
-39.478785,16,6269.395057
-11.787044,8,6269.424118
57.78954,7,6269.472208
-7.21046,7,6269.601094
-36.725457,12,6269.875232
-7.21046,7,6270.009496
57.967614,5,6270.075051
59.099294,6,6270.148179
-37.643457,12,6270.218831
-7.21046,7,6270.271415
57.78954,7,6270.352669
-13.703172,3,6270.389722
-39.423837,15,6270.436803
-39.478785,16,6270.486367
-39.152737,14,6270.650801
57.78954,7,6270.727672
59.099294,6,6270.762773
-11.787044,8,6270.79432
57.78954,7,6270.847949
56.342767,7,6271.042871
-39.478785,16,6271.100449
-8.407468,5,6271.228198
-11.787044,8,6271.308217
-39.05072,14,6271.371305
-39.333632,15,6271.421926
-8.12846,7,6271.498164
-11.787044,8,6271.812527
-11.787044,8,6271.845073
-11.787044,8,6271.931532
-37.065015,12,6271.978677
-11.787044,8,6272.009753
-39.478785,16,6272.059855
-39.478785,16,6272.109624
-12.450044,8,6272.140195
57.78954,7,6272.186249
-36.725457,12,6272.256006
-39.478785,16,6272.304076
59.099294,6,6272.362806
-11.787044,8,6272.686058
-28.314315,10,6272.870365
-8.12846,7,6272.975957
-39.478785,16,6273.035559
-19.002631,9,6273.066616
-13.740902,3,6273.109665
57.78954,7,6273.144485
-39.423837,15,6273.193547
-13.476791,3,6273.234753
-11.787044,8,6273.366657
-12.450044,8,6273.398704
-39.152737,14,6273.461488
-39.478785,16,6273.514549
-8.02646,7,6273.649801
59.099294,6,6273.718432
-12.52401,8,6273.767498
-39.478785,16,6273.818697
-7.21046,7,6274.024818
-7.21046,7,6274.178779
58.436294,6,6274.241611
59.099294,6,6274.301193
-39.423837,15,6274.360439
-8.329476,6,6274.544591
59.099294,6,6274.588203
-39.05072,14,6274.63812
-39.423837,15,6274.696786
59.099294,6,6274.737077
-10.783561,4,6274.820853
59.099294,6,6274.886166
-11.787044,8,6274.915705
59.099294,6,6274.96581
-13.627712,3,6275.009915
59.099294,6,6275.083182
31.111884,11,6275.150975
58.510704,6,6275.275249
-38.384833,13,6275.453899
31.111884,11,6275.541262
-39.423837,15,6275.589864
-11.199004,4,6275.672528
31.111884,11,6275.716758
59.099294,6,6275.786872
-8.407468,5,6275.84346
59.099294,6,6275.896062
57.967614,5,6275.973257
57.967614,5,6276.152942
59.099294,6,6276.195002
59.099294,6,6276.225055
-7.21046,7,6276.372963
59.099294,6,6276.498843
-34.732608,11,6276.593084
59.099294,6,6276.643671
31.111884,11,6276.711773
-39.088599,13,6276.761739
-39.423837,15,6276.808813
28.274543,12,6276.900586
59.099294,6,6276.940676
58.283294,6,6276.992034
-28.314315,10,6277.171992
-39.423837,15,6277.221098
-7.21046,7,6277.255644
59.099294,6,6277.325295
57.967614,5,6277.404532
-29.346927,10,6277.45083
57.967614,5,6277.624258
-11.787044,8,6277.65632
-5.900706,6,6277.763322
-11.787044,8,6277.799646
-39.423837,15,6277.847236
59.099294,6,6277.910857
-40.443837,15,6277.986208
-7.960771,6,6278.10072
-11.510587,4,6278.14082
59.099294,6,6278.215154
59.099294,6,6278.272223
-39.423837,15,6278.32383
-38.384833,13,6278.492033
59.099294,6,6278.571867
51.739025,8,6278.723291
31.111884,11,6278.788901
-38.408128,13,6278.902077
51.739025,8,6278.972846
-40.341837,15,6279.020538
-39.423837,15,6279.066661
59.099294,6,6279.111731
59.099294,6,6279.269855
-11.787044,8,6279.300396
-11.787044,8,6279.331585
59.099294,6,6279.374649
59.099294,6,6279.443941
-8.12846,7,6279.586809
-38.384833,13,6279.698684
31.111884,11,6279.776753
-38.419775,13,6279.82462
-7.21046,7,6279.911789
-39.423837,15,6279.958348
59.099294,6,6280.015975
57.967614,5,6280.206597
-7.818147,5,6280.297703
31.111884,11,6280.370218
-7.21046,7,6280.432811
-9.38062,7,6280.511417
54.216439,4,6280.705354
59.099294,6,6280.7459
59.099294,6,6280.800508
-11.199004,4,6280.880672
59.099294,6,6280.956333
59.099294,6,6281.042828
37.552134,10,6281.121418
-19.002631,9,6281.157509
-39.423837,15,6281.204582
31.111884,11,6281.258669
59.099294,6,6281.314884
-9.742313,7,6281.388499
54.216439,4,6281.523849
-38.384833,13,6281.690998
31.111884,11,6281.761186
59.099294,6,6281.796231
-7.21046,7,6281.888081
57.967614,5,6282.090563
-39.423837,15,6282.138629
-12.222726,4,6282.203309
58.079294,6,6282.252382
59.099294,6,6282.295566
59.099294,6,6282.344047
-39.423837,15,6282.39013
-5.900706,6,6282.439012
-7.21046,7,6282.490173
-14.813941,8,6282.65267
-39.423837,15,6282.710749
-7.960771,6,6282.778044
-12.603044,8,6282.807119
50.633576,8,6283.041368
59.099294,6,6283.116275
-39.152737,14,6283.197313
-38.384833,13,6283.383961
-7.21046,7,6283.4165
59.099294,6,6283.469574
57.78954,7,6283.504995
-39.968737,14,6283.598121
-38.384833,13,6283.710822
54.216439,4,6283.77544
-11.510587,4,6283.81461
-7.21046,7,6283.854686
-7.21046,7,6283.957347
58.436294,6,6283.998904
31.111884,11,6284.053463
-36.725457,12,6284.131088
-7.21046,7,6284.352373
57.967614,5,6284.433505
-39.152737,14,6284.483573
57.967614,5,6284.564733
57.181853,5,6284.682648
-5.900706,6,6284.748425
57.967614,5,6284.834062
57.967614,5,6284.913892
57.967614,5,6284.988435
57.967614,5,6285.166584
57.967614,5,6285.248268
31.111884,11,6285.333563
57.967614,5,6285.511872
59.099294,6,6285.555593
-7.21046,7,6285.628916
-39.152737,14,6285.751382
59.099294,6,6285.815775
-38.384833,13,6285.908431
37.985359,10,6285.967297
-39.152737,14,6286.042937
-39.152737,14,6286.128215
-7.21046,7,6286.310126
56.342767,7,6286.365859
59.099294,6,6286.512946
57.967614,5,6286.595617
-7.21046,7,6286.626713
57.151614,5,6286.747092
57.967614,5,6286.829767
-7.21046,7,6286.860349
57.967614,5,6286.994614
-9.742313,7,6287.162824
57.967614,5,6287.336367
-38.384833,13,6287.428374
-8.407468,5,6287.477775
-5.900706,6,6287.61086
37.985359,10,6287.663648
57.967614,5,6287.743798
59.099294,6,6287.806834
57.967614,5,6288.003587
-39.152737,14,6288.080466
31.111884,11,6288.136693
30.193884,11,6288.224303
57.922114,6,6288.485883
-5.900706,6,6288.662885
-5.900706,6,6288.804481
-13.552251,3,6288.860172
57.967614,5,6288.944733
-5.900706,6,6289.005181
-7.21046,7,6289.115924
37.985359,10,6289.412693
-13.740902,3,6289.456344
37.985359,10,6289.510857
-5.900706,6,6289.566693
57.78954,7,6289.595217
-5.900706,6,6289.707141
31.111884,11,6289.781994
-38.384833,13,6289.956692
59.099294,6,6289.995246
57.967614,5,6290.138653
57.967614,5,6290.276604
-38.384833,13,6290.452208
-38.384833,13,6290.623638
-5.900706,6,6290.754157
-39.152737,14,6290.810203
57.967614,5,6290.891543
-39.152737,14,6291.114336
57.967614,5,6291.281734
-13.476791,3,6291.358127
57.967614,5,6291.405945
57.967614,5,6291.576698
57.967614,5,6291.704346
-39.152737,14,6291.781096
57.967614,5,6291.970738
-11.787044,8,6291.999772
-34.611966,11,6292.048992
58.510704,6,6292.10783
59.099294,6,6292.17781
-39.152737,14,6292.25184
57.967614,5,6292.331021
-39.152737,14,6292.554807
57.967614,5,6292.745561
57.967614,5,6292.818487
57.967614,5,6292.977396
37.985359,10,6293.019888
-10.991283,4,6293.165972
57.967614,5,6293.365081
57.574733,5,6293.441907
31.111884,11,6293.515182
26.615167,13,6293.91846
57.967614,5,6294.106655
-38.384833,13,6294.279689
-39.152737,14,6294.33377
57.967614,5,6294.500281
57.967614,5,6294.534831
31.111884,11,6294.609947
-5.900706,6,6294.659793
-5.900706,6,6294.739786
57.967614,5,6294.818961
-38.384833,13,6294.906651
-10.783561,4,6294.997359
-38.384833,13,6295.082567
37.552134,10,6295.153227
-7.818147,5,6295.3464
-13.740902,3,6295.393464
-7.21046,7,6295.480218
-5.900706,6,6295.587698
26.615167,13,6295.985247
-7.21046,7,6296.0168
26.615167,13,6296.233651
-39.866737,14,6296.460713
57.967614,5,6296.508308
-5.900706,6,6296.567455
-6.614706,6,6296.673137
-6.614706,6,6296.738751
59.099294,6,6296.777829
-7.818147,5,6296.976858
30.870601,11,6297.067566
-6.614706,6,6297.208829
57.967614,5,6297.378564
-39.404833,13,6297.788637
-7.21046,7,6297.816689
57.967614,5,6297.971619
57.967614,5,6298.046502
57.967614,5,6298.21707
59.099294,6,6298.285697
-38.39648,13,6298.361887
57.967614,5,6298.556458
37.985359,10,6298.600009
-7.21046,7,6298.63008
57.967614,5,6298.709794
57.574733,5,6298.832625
-8.657233,7,6299.024696
-5.900706,6,6299.082338
-5.900706,6,6299.150005
-8.211028,5,6299.208235
-5.900706,6,6299.360966
-39.098833,13,6299.53838
-7.21046,7,6299.572969
57.967614,5,6299.739984
57.967614,5,6299.785119
-9.38062,7,6300.120143
57.967614,5,6300.311895
37.985359,10,6300.369984
57.967614,5,6300.439073
27.254543,12,6300.579793
57.967614,5,6300.755403
-19.002631,9,6300.935775
-36.725457,12,6301.142853
57.151614,5,6301.185957
-13.476791,3,6301.256233
31.111884,11,6301.32984
-13.260975,8,6301.488183
-11.199004,4,6301.549784
-11.199004,4,6301.614217
-7.077886,6,6301.800487
57.967614,5,6301.918933
-5.900706,6,6301.972292
57.967614,5,6302.033323
-38.408128,13,6302.098066
-19.002631,9,6302.301875
45.997369,9,6302.344564
-19.002631,9,6302.551836
31.111884,11,6302.609907
57.967614,5,6302.811787
-36.822474,12,6302.900425
57.967614,5,6302.980555
53.212956,8,6303.04115
-5.900706,6,6303.106742
51.478956,8,6303.164991
-7.21046,7,6303.197494
57.967614,5,6303.355079
57.967614,5,6303.553975
45.997369,9,6303.594514
57.967614,5,6303.717143
28.274543,12,6303.853403
-9.742313,7,6304.078546
57.967614,5,6304.243206
28.274543,12,6304.331295
45.997369,9,6304.373401
28.274543,12,6304.550011
-7.032386,5,6304.623799
-5.900706,6,6304.703035
58.510704,6,6304.777744
-7.666476,6,6304.825736
28.274543,12,6305.07918
30.870601,11,6305.361485
57.967614,5,6305.430094
28.274543,12,6305.559901
57.847704,6,6305.767634
57.922114,6,6306.052125
-5.900706,6,6306.108535
57.967614,5,6306.189799
37.985359,10,6306.256495
57.967614,5,6306.421527
57.967614,5,6306.586443
57.967614,5,6306.656042
57.967614,5,6306.776206
28.274543,12,6306.906918
54.216439,4,6306.980078
37.985359,10,6307.02014
37.985359,10,6307.085761
-7.818147,5,6307.170026
54.216439,4,6307.319175
28.274543,12,6307.549064
59.099294,6,6307.631061
-13.627712,3,6307.693641
37.985359,10,6307.731709
57.967614,5,6307.810313
-11.199004,4,6308.042819
-13.627712,3,6308.08335
57.78954,7,6308.140923
37.985359,10,6308.183835
28.274543,12,6308.331987
45.997369,9,6308.661833
57.967614,5,6308.730017
31.111884,11,6308.80675
57.967614,5,6308.991789
57.967614,5,6309.060728
57.967614,5,6309.13879
57.574733,5,6309.244543
28.274543,12,6309.375843
54.216439,4,6309.524746
-5.900706,6,6309.618595
-34.370683,11,6309.708581
57.967614,5,6309.836349
28.274543,12,6309.970207
-14.366424,8,6310.015788
31.111884,11,6310.070079
-5.900706,6,6310.213672
-13.476791,3,6310.268305
31.111884,11,6310.343411
57.967614,5,6310.487985
56.947614,5,6310.684018
28.274543,12,6310.909977
-13.703172,3,6310.954048
28.274543,12,6311.331577
28.274543,12,6311.480714
-7.21046,7,6311.507787
57.967614,5,6311.589992
57.967614,5,6311.643275
54.216439,4,6311.708558
28.274543,12,6311.848358
37.271359,10,6311.885957
52.47599,8,6311.943504
-21.182564,9,6312.15832
54.216439,4,6312.238923
28.274543,12,6312.367183
-13.703172,3,6312.407585
-12.222726,4,6312.474998
57.967614,5,6312.544138
57.967614,5,6312.698366
28.274543,12,6312.928587
-5.900706,6,6312.984232
-7.21046,7,6313.018324
59.099294,6,6313.051873
57.967614,5,6313.1711
45.997369,9,6313.214651
54.216439,4,6313.369918
37.985359,10,6313.407982
57.967614,5,6313.60844
37.985359,10,6313.64827
37.985359,10,6313.685843
57.967614,5,6313.721915
-13.740902,3,6313.769851
31.111884,11,6313.998338
37.985359,10,6314.057172
54.216439,4,6314.2165
45.997369,9,6314.270077
57.967614,5,6314.415317
54.216439,4,6314.569862
57.967614,5,6314.608923
59.099294,6,6314.67611
31.111884,11,6314.927272
57.967614,5,6315.127842
57.967614,5,6315.252396
57.151614,5,6315.333027
57.967614,5,6315.386628
57.967614,5,6315.53231
-6.920706,6,6315.64617
31.111884,11,6315.711726
31.111884,11,6315.782347
31.111884,11,6316.042811
54.216439,4,6316.198247
57.967614,5,6316.241322
-13.740902,3,6316.290893
37.985359,10,6316.348233
57.967614,5,6316.388167
45.997369,9,6316.443274
27.560543,12,6316.576987
-5.900706,6,6316.613538
57.967614,5,6316.690013
31.111884,11,6316.811259
-19.002631,9,6317.03051
-11.510587,4,6317.071073
-5.900706,6,6317.103733
-13.740902,3,6317.143282
-5.900706,6,6317.320056
31.111884,11,6317.38366
-5.900706,6,6317.445738
-5.900706,6,6317.518357
-11.199004,4,6317.627057
-8.211028,5,6317.692837
31.111884,11,6317.815443
-5.900706,6,6317.888624
31.111884,11,6317.956767
57.967614,5,6318.036436
-7.077886,6,6318.225813
57.967614,5,6318.271987
54.216439,4,6318.414998
-19.002631,9,6318.610965
54.216439,4,6318.760247
-5.900706,6,6318.892079
-13.627712,3,6318.94273
31.111884,11,6319.063967
-13.703172,3,6319.102072
54.216439,4,6319.160173
57.967614,5,6319.290927
-7.666476,6,6319.371188
53.212956,8,6319.674828
57.967614,5,6319.728176
57.049614,5,6319.91666
57.967614,5,6319.986787
37.985359,10,6320.026339
-7.21046,7,6320.052899
54.216439,4,6320.197161
-7.032386,5,6320.476792
54.216439,4,6320.625107
-8.211028,5,6320.680182
54.216439,4,6320.743769
-5.900706,6,6320.888025
54.216439,4,6320.957834
36.965359,10,6321.033439
54.216439,4,6321.177661
57.967614,5,6321.215307
31.111884,11,6321.488296
31.111884,11,6321.558922
57.967614,5,6321.601773
-5.900706,6,6321.64384
56.947614,5,6321.783444
54.216439,4,6321.936516
57.967614,5,6322.097033
57.967614,5,6322.262947
54.216439,4,6322.498575
30.397884,11,6322.617908
-5.900706,6,6322.820059
-13.740902,3,6322.867656
57.967614,5,6322.938896
31.111884,11,6323.15882
57.967614,5,6323.297975
-5.900706,6,6323.441014
-13.627712,3,6323.626259
31.111884,11,6323.75757
57.967614,5,6323.836767
-5.900706,6,6323.885902
57.574733,5,6324.066732
-13.627712,3,6324.137925
-33.888116,11,6324.376266
57.967614,5,6324.418832
-7.425267,5,6324.468428
57.967614,5,6324.540572
57.967614,5,6324.584138
57.967614,5,6324.706481
57.967614,5,6324.753661
-10.991283,4,6324.826414
-6.614706,6,6324.877486
30.448884,11,6325.013881
53.212956,8,6325.328643
31.111884,11,6325.548173
45.997369,9,6325.600301
57.967614,5,6325.647874
54.216439,4,6325.706647
54.216439,4,6325.858679
-7.21046,7,6325.887225
58.385294,6,6325.925793
57.967614,5,6326.073684
-19.002631,9,6326.265487
57.967614,5,6326.303062
37.11891,10,6326.431165
45.997369,9,6326.47274
54.216439,4,6326.615987
31.111884,11,6326.836536
-33.888116,11,6326.923198
28.274543,12,6327.238041
31.111884,11,6327.313143
31.111884,11,6327.588617
57.967614,5,6327.636181
53.55344,4,6327.777704
37.985359,10,6327.836152
31.111884,11,6328.073226
-11.510587,4,6328.114277
45.997369,9,6328.260199
57.967614,5,6328.327845
-13.627712,3,6328.487934
31.111884,11,6328.730051
-11.510587,4,6328.772626
-12.501044,8,6328.925541
45.997369,9,6329.210172
-6.563706,6,6329.301947
31.111884,11,6329.528483
-5.900706,6,6329.558522
57.967614,5,6329.666184
53.212956,8,6329.826885
-7.21046,7,6329.8568
37.985359,10,6329.918392
31.111884,11,6329.982118
54.216439,4,6330.042319
45.997369,9,6330.325526
31.111884,11,6330.563877
53.192717,4,6330.853612
57.922114,6,6331.068628
-5.900706,6,6331.118209
54.216439,4,6331.265069
54.216439,4,6331.410997
-13.740902,3,6331.450543
57.967614,5,6331.503632
31.111884,11,6331.612366
57.967614,5,6331.665936
31.111884,11,6331.729057
-7.21046,7,6331.767832
54.216439,4,6331.830946
57.967614,5,6331.966185
-13.476791,3,6332.198128
57.967614,5,6332.395545
-14.368251,3,6332.441108
54.008717,4,6332.658524
54.216439,4,6332.803823
37.985359,10,6332.923584
-12.015004,4,6332.976148
54.216439,4,6333.053562
57.967614,5,6333.11965
57.967614,5,6333.186776
-5.900706,6,6333.252393
-5.900706,6,6333.286442
54.216439,4,6333.436532
57.967614,5,6333.50365
-11.510587,4,6333.545783
37.985359,10,6333.671976
54.216439,4,6333.816077
37.985359,10,6333.889245
53.212956,8,6333.927813
57.967614,5,6334.048531
57.967614,5,6334.23824
57.967614,5,6334.314871
57.967614,5,6334.362936
54.216439,4,6334.43404
54.216439,4,6334.488524
57.967614,5,6334.52519
37.985359,10,6334.637547
57.967614,5,6334.755011
45.997369,9,6334.799083
-5.900706,6,6334.863297
37.985359,10,6334.928929
-11.510587,4,6334.971049
-5.900706,6,6335.000047
-33.888116,11,6335.248081
57.967614,5,6335.317269
31.111884,11,6335.382316
54.216439,4,6335.531291
31.111884,11,6335.605167
54.216439,4,6335.750616
54.216439,4,6335.895088
37.985359,10,6336.001425
-5.900706,6,6336.037648
50.633576,8,6336.400636
57.967614,5,6336.467852
37.985359,10,6336.521309
57.967614,5,6336.598772
37.985359,10,6336.653588
57.181853,5,6336.956467
54.216439,4,6337.104156
37.985359,10,6337.213362
54.216439,4,6337.365308
-5.900706,6,6337.451463
54.216439,4,6337.512039
-5.900706,6,6337.564649
-12.807044,8,6337.747925
57.253614,5,6337.802533
31.111884,11,6337.877816
37.985359,10,6337.945722
-6.716706,6,6338.016873
37.985359,10,6338.084578
57.967614,5,6338.149474
57.967614,5,6338.202569
52.192956,8,6338.495473
-5.900706,6,6338.557591
57.574733,5,6338.698662
31.111884,11,6338.808825
-11.510587,4,6338.851401
57.967614,5,6338.902894
-5.900706,6,6338.934917
-7.960771,6,6338.977485
54.216439,4,6339.038582
53.212956,8,6339.079026
37.985359,10,6339.19055
-13.627712,3,6339.267169
-7.695386,5,6339.530239
-5.900706,6,6339.5673
-13.740902,3,6339.605211
54.216439,4,6339.667778
-11.199004,4,6339.877692
-7.818147,5,6340.060529
-9.742313,7,6340.125632
45.997369,9,6340.177719
57.574733,5,6340.246869
57.967614,5,6340.322577
57.967614,5,6340.442847
57.967614,5,6340.474939
57.967614,5,6340.509482
-5.900706,6,6340.546062
54.216439,4,6340.694834
57.967614,5,6340.772538
37.271359,10,6340.833683
-27.014641,10,6341.188637
54.216439,4,6341.65701
57.181853,5,6341.745641
-5.900706,6,6341.781703
57.967614,5,6341.858267
57.967614,5,6341.902482
-12.450044,8,6342.096148
-11.510587,4,6342.134215
53.212956,8,6342.185292
54.216439,4,6342.259093
53.400439,4,6342.413673
54.216439,4,6342.569081
37.985359,10,6342.676849
57.967614,5,6342.86313
37.985359,10,6342.918293
-5.900706,6,6343.019066
37.985359,10,6343.076657
-5.900706,6,6343.111124
57.967614,5,6343.305576
54.216439,4,6343.454464
57.967614,5,6343.495041
-5.900706,6,6343.643768
37.985359,10,6343.895452
-9.742313,7,6343.978843
37.985359,10,6344.085055
-13.552251,3,6344.132185
-5.900706,6,6344.183582
-5.900706,6,6344.232505
57.574733,5,6344.30514
-11.787044,8,6344.497671
53.212956,8,6344.808046
45.997369,9,6344.851336
53.502439,4,6344.921028
57.967614,5,6344.991081
-5.900706,6,6345.135076
31.111884,11,6345.247285
54.216439,4,6345.306158
54.216439,4,6345.465869
-5.900706,6,6345.616163
57.967614,5,6345.656669
54.216439,4,6345.749354
-8.657233,7,6345.830495
54.216439,4,6345.998737
37.985359,10,6346.065015
37.985359,10,6346.128123
54.008717,4,6346.237819
37.169359,10,6346.300179
57.967614,5,6346.430988
54.216439,4,6346.57594
57.967614,5,6346.652118
57.967614,5,6346.701192
37.985359,10,6346.956674
54.216439,4,6347.028867
57.967614,5,6347.073262
-7.92446,7,6347.102424
-5.900706,6,6347.134975
37.985359,10,6347.480184
-5.900706,6,6347.530785
54.216439,4,6347.586351
-11.510587,4,6347.761781
57.967614,5,6347.845418
-11.787044,8,6348.038683
57.967614,5,6348.223986
57.967614,5,6348.308977
45.997369,9,6348.367247
57.967614,5,6348.413308
54.216439,4,6348.499137
54.216439,4,6348.652104
-8.211028,5,6348.731214
45.997369,9,6348.793821
57.967614,5,6348.844403
-8.407468,5,6348.954082
57.967614,5,6349.030632
37.985359,10,6349.102756
51.739025,8,6349.340357
37.985359,10,6349.395452
57.967614,5,6349.603858
54.216439,4,6349.671159
-5.900706,6,6349.831131
57.07554,7,6349.869183
56.947614,5,6349.920775
37.985359,10,6349.981535
45.997369,9,6350.060664
54.216439,4,6350.157092
45.997369,9,6350.296285
-20.871145,9,6350.383498
53.212956,8,6350.423577
57.967614,5,6350.54039
54.216439,4,6350.606468
54.216439,4,6350.752952
53.212956,8,6350.796121
54.216439,4,6350.851004
45.997369,9,6350.900664
-5.900706,6,6350.926844
53.212956,8,6350.982051
57.967614,5,6351.021727
53.29844,4,6351.075372
37.985359,10,6351.152143
57.967614,5,6351.196282
45.997369,9,6351.291647
54.216439,4,6351.357293
54.216439,4,6351.508192
-5.900706,6,6351.655397
57.967614,5,6351.787552
54.216439,4,6352.240351
45.374531,9,6352.363792
54.216439,4,6352.512285
53.196439,4,6352.660931
-6.818706,6,6352.694458
-5.900706,6,6352.747574
57.967614,5,6352.818653
45.997369,9,6352.875676
-11.406726,4,6352.994846
-6.489296,6,6353.048439
57.78954,7,6353.090362
57.066154,7,6353.197012
45.997369,9,6353.255132
-11.199004,4,6353.324872
-13.552251,3,6353.368453
53.212956,8,6353.424115
37.985359,10,6353.642375
54.216439,4,6353.802022
-13.476791,3,6354.004755
54.216439,4,6354.075377
-13.552251,3,6354.138974
45.997369,9,6354.204145
45.997369,9,6354.330578
-5.900706,6,6354.363305
45.997369,9,6354.399351
57.78954,7,6354.436917
57.181853,5,6354.736409
51.002059,8,6355.055214
57.967614,5,6355.104481
57.967614,5,6355.146545
-13.476791,3,6355.191136
-27.014641,10,6355.485795
53.55344,4,6355.638511
54.216439,4,6355.792902
57.967614,5,6355.836101
54.216439,4,6355.892829
-5.900706,6,6355.977119
57.78954,7,6356.322831
45.997369,9,6356.384413
54.216439,4,6356.450818
54.216439,4,6356.51341
-19.625469,9,6356.713717
-9.742313,7,6357.017987
57.967614,5,6357.071587
54.216439,4,6357.225104
45.997369,9,6357.262661
45.997369,9,6357.340287
57.967614,5,6357.391998
57.967614,5,6357.424268
57.967614,5,6357.476839
54.216439,4,6357.537435
45.997369,9,6357.659441
44.977369,9,6357.718367
45.997369,9,6357.818963
37.985359,10,6357.90311
57.049614,5,6357.963713
-13.740902,3,6358.01099
54.216439,4,6358.15695
57.967614,5,6358.201229
54.216439,4,6358.260323
57.967614,5,6358.319533
57.78954,7,6358.388945
57.967614,5,6358.504251
54.216439,4,6358.563344
-5.900706,6,6358.597383
-5.900706,6,6358.626581
37.067359,10,6358.699167
45.997369,9,6358.829086
57.574733,5,6359.004362
54.216439,4,6359.149605
57.78954,7,6359.205001
-5.900706,6,6359.254253
57.967614,5,6359.297104
37.985359,10,6359.414558
-7.666476,6,6359.584871
57.967614,5,6359.640473
37.985359,10,6359.70309
54.216439,4,6359.759221
57.967614,5,6359.802791
57.967614,5,6359.847852
57.78954,7,6359.883919
-13.627712,3,6359.933022
54.216439,4,6359.988496
-27.830641,10,6360.470634
57.967614,5,6360.661423
-8.211028,5,6360.716797
54.216439,4,6360.868194
37.985359,10,6360.943885
54.216439,4,6361.100354
54.216439,4,6361.174036
57.967614,5,6361.216611
57.967614,5,6361.267206
54.216439,4,6361.319283
57.967614,5,6361.35884
57.253614,5,6361.498202
-5.900706,6,6361.546314
57.967614,5,6361.595656
37.985359,10,6361.670593
57.78954,7,6361.72422
37.985359,10,6361.79317
57.967614,5,6361.85386
37.985359,10,6362.085988
57.78954,7,6362.219413
57.967614,5,6362.270501
54.216439,4,6362.426868
45.997369,9,6362.528455
57.967614,5,6362.592008
-11.787044,8,6362.813597
-11.510587,4,6362.85585
59.099294,6,6362.915472
57.967614,5,6362.975059
54.216439,4,6363.136016
52.192956,8,6363.203987
54.216439,4,6363.368207
57.967614,5,6363.429791
-11.406726,4,6363.506266
54.216439,4,6363.666697
57.78954,7,6363.997233
54.216439,4,6364.174195
53.212956,8,6364.216897
52.294956,8,6364.269671
54.216439,4,6364.326189
45.997369,9,6364.571679
56.947614,5,6364.622821
-13.703172,3,6364.667686
54.216439,4,6364.730434
54.216439,4,6364.810658
45.997369,9,6364.87435
57.967614,5,6364.920477
-5.900706,6,6364.986218
57.574733,5,6365.218233
57.253614,5,6365.294234
45.997369,9,6365.375341
57.967614,5,6365.421443
45.997369,9,6365.482049
-7.21046,7,6365.510582
56.572704,6,6365.636851
-7.425267,5,6365.721989
54.216439,4,6365.777583
57.78954,7,6365.814753
54.216439,4,6365.883231
57.333524,6,6366.170551
54.216439,4,6366.272517
45.997369,9,6366.320641
57.967614,5,6366.380391
54.216439,4,6366.528098
57.78954,7,6366.570404
54.216439,4,6366.733861
54.216439,4,6366.805963
37.985359,10,6366.860569
57.967614,5,6366.913648
53.212956,8,6366.954298
53.400439,4,6367.019425
45.997369,9,6367.081805
54.216439,4,6367.23869
-13.627712,3,6367.294265
57.967614,5,6367.354972
57.78954,7,6367.390542
59.099294,6,6367.444496
57.967614,5,6367.521356
-7.21046,7,6367.550388
59.099294,6,6367.589466
54.216439,4,6367.64657
54.216439,4,6367.71642
57.967614,5,6367.770756
54.216439,4,6367.846364
51.65999,8,6367.902988
-5.900706,6,6368.036303
45.997369,9,6368.111385
54.216439,4,6368.181498
57.967614,5,6368.221076
53.212956,8,6368.265172
54.216439,4,6368.341112
54.216439,4,6368.498167
-5.900706,6,6368.548178
57.967614,5,6368.6933
54.216439,4,6368.854604
45.997369,9,6369.089689
57.181853,5,6369.321602
54.216439,4,6369.475746
57.967614,5,6369.597844
44.558531,9,6369.710517
-13.703172,3,6369.753111
-5.900706,6,6369.792795
57.967614,5,6369.854162
-5.900706,6,6369.893093
54.216439,4,6369.966496
-13.703172,3,6370.008054
57.78954,7,6370.322085
57.967614,5,6370.458907
57.066154,7,6370.518036
54.216439,4,6370.673777
57.967614,5,6370.727498
-5.900706,6,6370.765783
53.212956,8,6370.86262
45.997369,9,6371.093131
57.967614,5,6371.146235
53.212956,8,6371.224867
54.216439,4,6371.37913
57.78954,7,6371.417673
54.216439,4,6371.49485
57.78954,7,6371.79544
57.78954,7,6371.83255
-5.900706,6,6371.884643
54.216439,4,6371.958754
57.967614,5,6372.011848
-5.900706,6,6372.062508
52.549956,8,6372.10389
53.502439,4,6372.163027
54.216439,4,6372.331845
57.967614,5,6372.399191
57.78954,7,6372.438237
53.196439,4,6372.534756
-9.742313,7,6372.617123
-5.900706,6,6372.677333
-13.740902,3,6372.718396
54.216439,4,6372.865609
-6.489296,6,6373.302277
57.967614,5,6373.364834
-7.666476,6,6373.554188
-5.900706,6,6373.614277
53.400439,4,6373.764992
57.967614,5,6373.809829
54.216439,4,6373.968395
54.216439,4,6374.121018
45.997369,9,6374.338598
45.997369,9,6374.411715
54.216439,4,6374.564692
54.216439,4,6374.635916
-13.703172,3,6374.674705
-11.199004,4,6374.739273
-13.740902,3,6374.776838
-5.900706,6,6374.807603
-10.991283,4,6374.883248
54.216439,4,6374.940934
-7.666476,6,6375.270551
-11.199004,4,6375.323327
54.216439,4,6375.46238
57.967614,5,6375.648991
53.55344,4,6375.726347
37.985359,10,6375.796434
45.997369,9,6376.025737
-7.818147,5,6376.10189
37.985359,10,6376.157564
57.78954,7,6376.194477
45.997369,9,6376.248564
57.967614,5,6376.322464
-13.476791,3,6376.523346
45.997369,9,6376.755941
54.216439,4,6376.818173
-5.900706,6,6376.850859
54.216439,4,6377.004368
57.967614,5,6377.058949
53.196439,4,6377.207745
54.216439,4,6377.363052
-14.366424,8,6377.577492
54.216439,4,6378.020444
45.997369,9,6378.264973
54.216439,4,6378.329553
57.967614,5,6378.386982
-8.407468,5,6378.43254
-19.002631,9,6378.726456
57.151614,5,6378.77917
53.212956,8,6378.829424
57.967614,5,6378.867978
-13.740902,3,6378.904534
45.997369,9,6378.964623
-5.900706,6,6379.045279
54.216439,4,6379.118113
36.047359,10,6379.196784
57.78954,7,6379.501347
57.967614,5,6379.639618
57.967614,5,6379.705219
57.967614,5,6379.894566
54.216439,4,6380.05156
45.997369,9,6380.08923
45.997369,9,6380.315097
57.967614,5,6380.505885
-5.900706,6,6380.556485
57.967614,5,6380.605246
53.212956,8,6380.644491
37.067359,10,6380.699768
-7.21046,7,6380.728869
-20.871145,9,6380.811544
-13.740902,3,6380.858778
57.967614,5,6380.901485
-5.900706,6,6380.962664
57.78954,7,6381.00897
54.216439,4,6381.079184
57.967614,5,6381.139275
57.574733,5,6381.271625
54.216439,4,6381.347216
45.997369,9,6381.382855
53.212956,8,6381.506969
-14.190791,3,6381.549029
45.997369,9,6381.804323
57.967614,5,6381.844595
57.967614,5,6381.900985
-7.666476,6,6381.972088
57.967614,5,6382.038681
-19.002631,9,6382.306898
53.212956,8,6382.349468
54.216439,4,6382.494255
57.967614,5,6382.559352
-5.900706,6,6382.593901
57.78954,7,6382.898809
-5.900706,6,6382.929361
-5.900706,6,6382.956972
54.216439,4,6383.098917
57.967614,5,6383.13763
-11.510587,4,6383.178849
-5.900706,6,6383.211906
57.967614,5,6383.263983
57.967614,5,6383.329067
57.967614,5,6383.384108
54.216439,4,6383.454976
-5.900706,6,6383.524599
45.997369,9,6383.583791
57.78954,7,6383.619334
57.967614,5,6383.675962
57.967614,5,6383.716036
-5.900706,6,6383.750602
57.181853,5,6383.983516
57.967614,5,6384.03863
57.967614,5,6384.227045
45.997369,9,6384.44198
53.212956,8,6384.500507
57.967614,5,6384.552583
-13.703172,3,6384.592881
57.967614,5,6384.63942
54.216439,4,6384.783856
45.079369,9,6384.843607
54.216439,4,6384.917538
-5.900706,6,6384.944577
45.181369,9,6385.164036
54.216439,4,6385.23267
57.967614,5,6385.359919
-8.211028,5,6385.409013
54.216439,4,6385.476603
59.099294,6,6385.531244
57.066154,7,6385.64442
57.967614,5,6385.724021
53.212956,8,6385.764578
53.29844,4,6385.911103
45.997369,9,6386.13321
57.967614,5,6386.199959
57.78954,7,6386.24859
-14.394791,3,6386.391058
54.216439,4,6386.549302
-9.742313,7,6386.594351
57.967614,5,6386.638456
57.967614,5,6386.677211
54.216439,4,6386.750849
54.216439,4,6386.807882
45.079369,9,6386.863412
57.967614,5,6386.931005
53.212956,8,6386.995971
57.967614,5,6387.07812
54.216439,4,6387.138188
57.967614,5,6387.183588
-13.703172,3,6387.221133
57.967614,5,6387.273312
54.216439,4,6387.420952
59.099294,6,6387.448986
53.502439,4,6387.516525
54.216439,4,6387.572607
53.212956,8,6387.62971
54.216439,4,6387.783568
57.967614,5,6387.836921
53.212956,8,6387.908996
59.099294,6,6387.97309
45.997369,9,6388.201247
57.967614,5,6388.247805
54.216439,4,6388.417597
57.967614,5,6388.604188
57.78954,7,6388.641236
57.253614,5,6388.702819
44.128855,9,6388.933773
-13.476791,3,6388.973847
52.396956,8,6389.038208
-5.900706,6,6389.112207
54.216439,4,6389.272066
57.967614,5,6389.315126
53.212956,8,6389.389749
54.216439,4,6389.447344
57.967614,5,6389.489393
53.212956,8,6389.698581
57.78954,7,6389.758651
57.967614,5,6389.797385
-11.406726,4,6389.850969
54.216439,4,6389.994565
57.967614,5,6390.182606
57.78954,7,6390.242278
53.212956,8,6390.295339
57.967614,5,6390.340014
57.967614,5,6390.389086
54.216439,4,6390.514967
-13.627712,3,6390.568495
54.216439,4,6390.71555
57.967614,5,6390.75811
-5.900706,6,6390.918012
53.212956,8,6390.970797
-6.563706,6,6390.998819
54.216439,4,6391.150576
54.216439,4,6391.29774
54.216439,4,6391.446315
54.216439,4,6391.51224
54.216439,4,6391.609078
57.967614,5,6391.688638
53.212956,8,6391.747713
-13.627712,3,6391.800922
57.304614,5,6391.855022
57.78954,7,6392.150614
54.216439,4,6392.298354
59.099294,6,6392.338928
-21.182564,9,6392.393028
57.967614,5,6392.441756
57.967614,5,6392.480806
-6.489296,6,6392.531878
54.216439,4,6392.692772
57.967614,5,6392.758932
54.216439,4,6392.921196
-7.960771,6,6393.101718
-5.900706,6,6393.13428
-13.740902,3,6393.172744
57.967614,5,6393.218336
57.066154,7,6393.328801
54.216439,4,6393.489326
-11.787044,8,6393.738101
-12.807044,8,6393.983876
57.967614,5,6394.027427
54.216439,4,6394.100584
54.216439,4,6394.253939
-5.900706,6,6394.29149
57.967614,5,6394.335555
54.216439,4,6394.398895
57.967614,5,6394.44399
57.967614,5,6394.478156
54.216439,4,6394.639029
-5.900706,6,6394.704878
53.212956,8,6394.763021
54.216439,4,6394.926434
57.967614,5,6394.965097
54.216439,4,6395.034735
57.967614,5,6395.084831
-13.740902,3,6395.125889
57.78954,7,6395.220729
57.78954,7,6395.543146
53.212956,8,6395.601838
54.216439,4,6395.659889
57.967614,5,6395.716534
52.294956,8,6395.750623
57.967614,5,6395.789182
54.216439,4,6395.847393
57.967614,5,6395.890952
54.216439,4,6396.030645
57.78954,7,6396.088775
57.07554,7,6396.1847
57.967614,5,6396.228152
-8.211028,5,6396.304122
54.216439,4,6396.452926
59.099294,6,6396.519805
53.212956,8,6397.001969
-5.900706,6,6397.056758
54.008717,4,6397.325015
54.216439,4,6397.386679
57.967614,5,6397.434922
57.253614,5,6397.491012
54.216439,4,6397.64228
57.967614,5,6397.685978
53.212956,8,6397.892678
53.212956,8,6398.381627
44.161369,9,6398.438203
54.216439,4,6398.49383
54.216439,4,6398.648785
53.400439,4,6398.813125
-5.900706,6,6398.843179
54.216439,4,6398.934572
54.216439,4,6398.989634
45.997369,9,6399.223839
-15.463712,3,6399.277409
57.967614,5,6399.327831
57.967614,5,6399.370704
59.099294,6,6399.407753
53.212956,8,6399.894254
-7.818147,5,6399.970815
57.78954,7,6400.009957
54.216439,4,6400.082086
54.216439,4,6400.141231
58.283294,6,6400.169881
54.216439,4,6400.31122
-12.807044,8,6400.551076
-9.575233,7,6400.748288
54.216439,4,6400.80287
57.967614,5,6400.873072
54.216439,4,6401.022797
54.216439,4,6401.173019
57.967614,5,6401.213092
59.099294,6,6401.244619
54.216439,4,6401.338126
-5.900706,6,6401.368099
53.212956,8,6401.564378
57.967614,5,6401.64649
57.967614,5,6401.726007
57.78954,7,6401.824164
57.967614,5,6401.865256
-13.703172,3,6401.905816
52.47599,8,6401.964201
57.78954,7,6402.258367
54.216439,4,6402.41525
52.192956,8,6402.708918
54.216439,4,6402.858948
56.87154,7,6402.923058
59.099294,6,6402.973352
57.151614,5,6403.009924
56.947614,5,6403.0615
44.161369,9,6403.127102
54.216439,4,6403.19319
-11.787044,8,6403.589146
57.967614,5,6403.727275
57.967614,5,6403.777346
54.216439,4,6403.829904
53.212956,8,6404.029494
54.216439,4,6404.182268
-7.21046,7,6404.348049
51.478956,8,6404.410142
59.099294,6,6404.449198
56.87154,7,6404.492361
57.967614,5,6404.681193
59.099294,6,6404.721815
57.967614,5,6404.775853
-11.406726,4,6404.825469
57.967614,5,6404.856212
-13.476791,3,6405.035516
56.87154,7,6405.081068
-11.199004,4,6405.120059
59.099294,6,6405.151128
-11.406726,4,6405.230723
44.161369,9,6405.285493
-7.226706,6,6405.318297
-8.407468,5,6405.374269
59.099294,6,6405.414335
57.574733,5,6405.479094
54.216439,4,6405.550409
53.212956,8,6405.66768
57.967614,5,6405.716237
57.78954,7,6405.764808
-11.406726,4,6405.821174
-5.900706,6,6405.857257
57.253614,5,6406.062468
-12.120726,4,6406.184692
54.216439,4,6406.244252
57.967614,5,6406.297952
54.216439,4,6406.35258
57.967614,5,6406.413674
59.099294,6,6406.447344
54.216439,4,6406.520048
57.967614,5,6406.564115
-6.818706,6,6406.59816
53.502439,4,6406.671775
54.216439,4,6406.732857
-11.406726,4,6406.798525
56.365853,5,6406.949958
57.78954,7,6407.008571
-13.703172,3,6407.047121
54.216439,4,6407.195416
54.216439,4,6407.348294
54.216439,4,6407.408894
54.216439,4,6407.572764
51.376956,8,6407.630838
57.78954,7,6407.724942
52.294956,8,6407.779532
57.967614,5,6407.965957
52.482439,4,6408.036577
-11.199004,4,6408.083732
54.216439,4,6408.162394
56.87154,7,6408.230213
57.967614,5,6408.276389
-11.199004,4,6408.33361
-7.818147,5,6408.422845
57.967614,5,6408.476919
59.099294,6,6408.772773
59.099294,6,6408.832628
59.099294,6,6408.866685
53.212956,8,6409.361177
-11.787044,8,6409.429272
54.216439,4,6409.573766
57.967614,5,6409.622856
54.216439,4,6409.774609
59.099294,6,6409.837245
54.216439,4,6409.99162
53.212956,8,6410.192953
54.216439,4,6410.345186
53.212956,8,6410.781933
54.216439,4,6410.840009
57.967614,5,6410.905427
-5.900706,6,6410.934469
57.78954,7,6410.992813
57.78954,7,6411.088176
54.216439,4,6411.194074
57.78954,7,6411.251485
54.216439,4,6411.403701
57.967614,5,6411.448626
-13.476791,3,6411.605603
-13.703172,3,6411.644657
57.967614,5,6411.703384
52.294956,8,6411.782573
-5.900706,6,6411.825319
-13.627712,3,6411.875512
-7.666476,6,6411.941247
51.376956,8,6411.99695
-5.900706,6,6412.032119
57.967614,5,6412.075698
-13.703172,3,6412.115933
52.294956,8,6412.57296
59.099294,6,6412.613114
-7.666476,6,6412.79985
57.967614,5,6412.86613
-8.211028,5,6412.92483
54.216439,4,6413.079833
59.099294,6,6413.121018
-5.900706,6,6413.153081
54.216439,4,6413.221327
54.216439,4,6413.281423
51.447749,3,6413.549011
53.502439,4,6413.623922
-11.787044,8,6414.117247
57.967614,5,6414.170991
57.78954,7,6414.210948
-13.740902,3,6414.248994
-8.23046,7,6414.276053
53.502439,4,6414.422102
-5.900706,6,6414.492255
57.967614,5,6414.543375
57.78954,7,6414.606501
54.216439,4,6414.756058
57.967614,5,6414.946499
57.78954,7,6415.007088
-15.312791,3,6415.215041
54.216439,4,6415.289636
54.216439,4,6415.344009
-5.900706,6,6415.378062
57.967614,5,6415.407611
54.216439,4,6415.563272
-7.92446,7,6415.748252
-13.627712,3,6415.838061
57.967614,5,6416.037049
54.216439,4,6416.17922
53.29844,4,6416.329563
53.212956,8,6416.544342
57.78954,7,6416.641768
-11.787044,8,6416.83435
-10.238233,7,6417.019449
57.967614,5,6417.06211
59.099294,6,6417.104181
58.283294,6,6417.145744
54.216439,4,6417.300167
57.78954,7,6417.597834
-5.900706,6,6417.661999
-11.787044,8,6418.142298
-15.388251,3,6418.203198
57.967614,5,6418.265521
59.099294,6,6418.306453
57.967614,5,6418.373614
-11.510587,4,6418.413165
54.216439,4,6418.482019
57.967614,5,6418.538104
54.216439,4,6418.678567
51.376956,8,6418.711614
-5.900706,6,6418.765669
-5.900706,6,6418.793509
54.216439,4,6418.972342
51.523209,3,6419.242801
54.216439,4,6419.300907
59.099294,6,6419.339954
54.216439,4,6419.401058
57.967614,5,6419.441574
53.212956,8,6419.649101
57.151614,5,6419.701731
57.967614,5,6419.746281
57.967614,5,6419.786984
54.216439,4,6419.845185
58.181294,6,6419.917888
55.95354,7,6419.977574
57.967614,5,6420.012633
53.29844,4,6420.1603
57.333524,6,6420.432417
57.967614,5,6420.474018
54.216439,4,6420.544128
59.099294,6,6420.582178
57.922114,6,6420.808258
-13.703172,3,6420.850173
-9.38062,7,6421.146935
59.099294,6,6421.18091
52.294956,8,6421.398233
57.967614,5,6421.455532
54.216439,4,6421.522735
-6.818706,6,6421.610367
57.066154,7,6421.708685
54.216439,4,6421.765228
59.099294,6,6421.831982
57.967614,5,6421.875886
57.151614,5,6421.918938
55.95354,7,6421.951038
55.95354,7,6421.981599
54.216439,4,6422.137807
54.216439,4,6422.195422
51.376956,8,6422.248848
54.216439,4,6422.401315
59.099294,6,6422.497956
53.212956,8,6422.911557
54.216439,4,6422.971682
59.099294,6,6423.011828
54.216439,4,6423.077122
57.78954,7,6423.136712
54.216439,4,6423.195303
57.967614,5,6423.248378
59.099294,6,6423.290045
-12.426726,4,6423.341144
54.216439,4,6423.483983
57.967614,5,6423.595718
-15.388251,3,6423.70865
54.216439,4,6423.77491
54.216439,4,6423.946175
57.967614,5,6424.007
-5.900706,6,6424.07393
-13.627712,3,6424.215385
54.216439,4,6424.358988
57.967614,5,6424.452202
59.099294,6,6424.49435
-13.740902,3,6424.535495
-11.787044,8,6424.924472
-5.900706,6,6424.959094
54.216439,4,6425.114769
57.967614,5,6425.197479
54.216439,4,6425.343236
57.78954,7,6425.391373
-15.576902,3,6425.433187
57.78954,7,6425.901265
58.181294,6,6425.999056
-11.510587,4,6426.038096
-5.900706,6,6426.088167
53.400439,4,6426.139241
-6.716706,6,6426.173926
51.274956,8,6426.237618
53.196439,4,6426.386211
-13.627712,3,6426.444791
59.099294,6,6426.48237
-15.388251,3,6426.593729
57.967614,5,6426.674399
57.78954,7,6426.735487
57.967614,5,6426.808455
57.78954,7,6426.878875
57.967614,5,6427.021374
53.212956,8,6427.433548
59.099294,6,6427.461181
53.212956,8,6427.678085
53.212956,8,6427.885091
57.967614,5,6427.92429
54.216439,4,6428.072678
57.967614,5,6428.142305
59.099294,6,6428.211026
54.216439,4,6428.288152
57.151614,5,6428.342719
57.967614,5,6428.38281
59.099294,6,6428.478484
-15.388251,3,6428.590214
57.78954,7,6428.660233
57.967614,5,6428.715425
57.967614,5,6428.906447
55.95354,7,6428.969816
57.967614,5,6429.005429
-9.231028,5,6429.12201
57.967614,5,6429.265853
59.099294,6,6429.298443
-11.199004,4,6429.344549
-15.388251,3,6429.417441
-13.552251,3,6429.491302
59.099294,6,6429.519843
54.216439,4,6429.584238
-15.388251,3,6429.697727
59.099294,6,6429.759552
57.78954,7,6429.829142
59.099294,6,6429.937526
55.95354,7,6429.995713
-13.703172,3,6430.033782
57.967614,5,6430.089115
57.967614,5,6430.12963
-7.21046,7,6430.159187
54.216439,4,6430.214308
54.216439,4,6430.299681
-7.666476,6,6430.603319
51.376956,8,6430.657448
57.07554,7,6430.717625
-15.641172,3,6430.759247
54.216439,4,6430.831895
57.78954,7,6430.878987
54.216439,4,6431.027848
-11.862004,4,6431.222099
58.181294,6,6431.319876
54.216439,4,6431.374109
59.099294,6,6431.585307
54.216439,4,6431.825838
54.216439,4,6431.884593
57.967614,5,6431.927429
54.008717,4,6432.115727
57.78954,7,6432.183336
-12.324726,4,6432.23411
54.216439,4,6432.306231
57.967614,5,6432.35232
59.099294,6,6432.384368
-11.406726,4,6432.439045
53.400439,4,6432.497153
54.216439,4,6432.663995
54.216439,4,6432.720082
53.29844,4,6432.785037
59.099294,6,6432.853133
57.78954,7,6432.912803
-9.223468,5,6432.969877
-5.900706,6,6433.015946
-5.900706,6,6433.119626
-5.900706,6,6433.152182
-15.388251,3,6433.205475
57.967614,5,6433.251061
54.216439,4,6433.410419
57.967614,5,6433.445454
-5.900706,6,6433.479553
57.967614,5,6433.529829
57.967614,5,6433.569385
-5.900706,6,6433.611455
57.967614,5,6433.677449
57.78954,7,6433.989983
57.78954,7,6434.046575
59.099294,6,6434.251439
54.216439,4,6434.325044
54.216439,4,6434.492977
57.967614,5,6434.674805
-5.900706,6,6434.707364
-15.388251,3,6434.749928
58.385294,6,6434.965957
59.099294,6,6435.0315
57.967614,5,6435.088706
58.510704,6,6435.201131
55.95354,7,6435.233192
-15.388251,3,6435.344509
54.216439,4,6435.396337
-8.325296,6,6435.711739
57.967614,5,6435.761825
53.212956,8,6435.971373
54.216439,4,6436.02543
55.95354,7,6436.053475
57.967614,5,6436.187169
54.216439,4,6436.329817
58.181294,6,6436.369881
59.099294,6,6436.411461
57.967614,5,6436.605421
57.967614,5,6436.645965
59.099294,6,6436.710063
-15.388251,3,6436.821237
57.967614,5,6436.892273
-5.900706,6,6436.928486
57.574733,5,6437.10243
-7.21046,7,6437.413603
-5.900706,6,6437.515993
57.78954,7,6437.565558
57.967614,5,6437.618284
57.967614,5,6437.813785
54.216439,4,6437.958
55.95354,7,6438.014586
-5.900706,6,6438.077685
-15.388251,3,6438.190495
-13.476791,3,6438.255084
57.967614,5,6438.286116
55.95354,7,6438.345432
57.967614,5,6438.538985
54.216439,4,6438.740434
57.78954,7,6438.812362
54.216439,4,6438.968475
57.78954,7,6439.189803
-7.21046,7,6439.222414
57.967614,5,6439.27472
-15.388251,3,6439.366027
53.196439,4,6439.48457
-15.388251,3,6439.620152
57.967614,5,6439.679374
54.216439,4,6439.734328
59.099294,6,6439.788952
58.385294,6,6439.829539
54.216439,4,6439.887217
54.216439,4,6439.994139
59.099294,6,6440.247326
-13.740902,3,6440.295542
54.216439,4,6440.448198
54.216439,4,6440.515682
54.216439,4,6440.592458
54.216439,4,6440.655268
58.079294,6,6440.724451
57.967614,5,6440.773123
57.967614,5,6440.844078
57.78954,7,6440.897368
57.78954,7,6441.04596
-15.388251,3,6441.173542
54.216439,4,6441.256929
54.216439,4,6441.332769
-8.407468,5,6441.431819
57.967614,5,6441.557402
57.967614,5,6441.612505
59.099294,6,6441.640028
57.78954,7,6441.69516
54.216439,4,6441.789967
57.967614,5,6441.942163
59.099294,6,6442.02378
-15.388251,3,6442.10876
57.967614,5,6442.153364
54.216439,4,6442.299502
59.099294,6,6442.533746
57.967614,5,6442.565711
53.212956,8,6442.899764
-7.21046,7,6443.260172
54.216439,4,6443.413677
53.212956,8,6443.63293
57.967614,5,6443.666975
54.216439,4,6443.82008
59.099294,6,6443.854231
57.967614,5,6443.922868
57.967614,5,6443.961131
59.099294,6,6444.030236
54.216439,4,6444.091778
57.967614,5,6444.155643
57.967614,5,6444.209768
54.216439,4,6444.282231
57.967614,5,6444.348408
59.099294,6,6444.394884
57.967614,5,6444.436729
54.216439,4,6444.588242
54.216439,4,6444.646336
57.78954,7,6444.868072
-13.627712,3,6444.923268
54.216439,4,6445.047891
54.216439,4,6445.209772
-15.388251,3,6445.327486
54.216439,4,6445.397881
57.967614,5,6445.458341
54.216439,4,6445.537852
59.099294,6,6445.636766
-13.552251,3,6445.717844
59.099294,6,6445.777436
57.967614,5,6445.973857
54.216439,4,6446.026998
-8.211028,5,6446.206271
57.263294,6,6446.268923
54.216439,4,6446.330056
56.97354,7,6446.543202
57.967614,5,6446.591332
57.967614,5,6446.627193
53.29844,4,6446.774694
54.216439,4,6446.839318
59.099294,6,6446.937041
-13.740902,3,6446.975593
59.099294,6,6447.043693
59.099294,6,6447.102928
57.967614,5,6447.138987
57.78954,7,6447.198089
-7.960771,6,6447.259436
-11.406726,4,6447.312542
57.967614,5,6447.385624
57.967614,5,6447.452631
57.263294,6,6447.511537
57.253614,5,6447.547944
54.216439,4,6447.629461
54.216439,4,6447.70561
57.967614,5,6447.768214
57.967614,5,6447.827838
57.967614,5,6447.866918
57.967614,5,6447.925718
-15.388251,3,6448.038509
54.008717,4,6448.308468
59.099294,6,6448.412397
54.216439,4,6448.563245
-15.388251,3,6448.676521
-15.388251,3,6448.787839
57.78954,7,6449.236816
-5.900706,6,6449.272896
57.967614,5,6449.328499
58.181294,6,6449.384305
57.78954,7,6449.603573
57.967614,5,6449.78142
57.967614,5,6449.821709
53.196439,4,6449.98683
57.967614,5,6450.043886
57.967614,5,6450.103302
53.212956,8,6450.556175
57.967614,5,6450.616757
-7.960771,6,6450.661308
-5.900706,6,6450.69136
54.216439,4,6450.843859
57.967614,5,6450.890451
57.78954,7,6450.977523
57.967614,5,6451.028126
54.216439,4,6451.093224
59.099294,6,6451.125784
57.967614,5,6451.19133
54.216439,4,6451.341191
57.967614,5,6451.457193
58.181294,6,6451.53347
59.099294,6,6451.632746
54.216439,4,6451.685514
56.342767,7,6451.92451
57.967614,5,6451.981585
-13.740902,3,6452.021459
54.216439,4,6452.080029
57.967614,5,6452.137638
54.216439,4,6452.294615
57.78954,7,6452.517058
57.78954,7,6452.57828
57.967614,5,6452.765003
57.967614,5,6452.80712
57.967614,5,6452.85065
59.099294,6,6452.936777
57.922114,6,6453.127439
57.78954,7,6453.187707
57.78954,7,6453.404718
54.216439,4,6453.482335
54.216439,4,6453.551665
59.099294,6,6453.582112
57.967614,5,6453.771194
55.95354,7,6453.802547
57.263294,6,6453.859619
56.947614,5,6453.914326
57.253614,5,6453.988462
54.216439,4,6454.047575
-11.406726,4,6454.153076
57.967614,5,6454.19513
59.099294,6,6454.27241
59.099294,6,6454.322423
-6.716706,6,6454.381549
58.079294,6,6454.419592
59.099294,6,6454.460156
-11.199004,4,6454.722031
54.216439,4,6455.145566
-5.900706,6,6455.241654
57.78954,7,6455.746306
58.181294,6,6455.813056
57.78954,7,6456.013414
-15.388251,3,6456.129821
54.216439,4,6456.287799
54.216439,4,6456.44948
59.099294,6,6456.494706
57.967614,5,6456.552823
54.216439,4,6456.621553
56.87154,7,6456.841345
57.967614,5,6456.896958
54.216439,4,6456.959442
58.181294,6,6457.024603
57.967614,5,6457.069693
54.216439,4,6457.23227
59.099294,6,6457.299374
58.181294,6,6457.369133
-15.539172,3,6457.411234
57.78954,7,6457.611652
57.967614,5,6457.652746
53.502439,4,6457.808747
54.216439,4,6457.871295
58.181294,6,6457.909929
57.967614,5,6457.964521
59.099294,6,6458.032654
59.099294,6,6458.082812
59.099294,6,6458.283967
57.78954,7,6458.548466
53.212956,8,6458.762758
-13.740902,3,6458.807906
57.967614,5,6458.848452
59.099294,6,6459.056418
57.967614,5,6459.102989
-7.21046,7,6459.385226
-15.133251,3,6459.495995
53.29844,4,6459.659715
54.216439,4,6459.812678
54.216439,4,6459.954384
54.216439,4,6460.020363
57.967614,5,6460.072924
-13.552251,3,6460.122007
-5.900706,6,6460.215793
57.263294,6,6460.28338
-10.991283,4,6460.349298
59.099294,6,6460.38938
-5.900706,6,6460.487836
-15.388251,3,6460.601789
-15.388251,3,6460.669414
57.78954,7,6461.155972
59.099294,6,6461.253923
57.967614,5,6461.318383
54.216439,4,6461.473474
59.099294,6,6461.534296
57.967614,5,6461.573231
54.216439,4,6461.71495
-7.21046,7,6462.203018
59.099294,6,6462.268955
-13.740902,3,6462.306592
53.55344,4,6462.363671
55.95354,7,6462.393221
57.78954,7,6462.451834
59.099294,6,6462.54859
57.967614,5,6462.613713
-14.366172,3,6462.651951
59.099294,6,6462.75161
54.216439,4,6462.899491
51.523209,3,6462.980632
57.967614,5,6463.026718
59.099294,6,6463.094941
57.967614,5,6463.156508
-13.740902,3,6463.195576
54.216439,4,6463.266823
54.216439,4,6463.324028
-15.312791,3,6463.370584
58.181294,6,6463.40863
57.78954,7,6463.620113
57.967614,5,6463.68452
54.216439,4,6463.7466
-15.388251,3,6463.860245
-8.407468,5,6463.938298
57.967614,5,6464.003124
54.216439,4,6464.060115
-5.900706,6,6464.096927
54.216439,4,6464.176016
59.099294,6,6464.23677
54.216439,4,6464.393231
59.099294,6,6464.558562
59.099294,6,6464.604142
58.385294,6,6464.711952
54.216439,4,6464.784294
59.099294,6,6464.882469
54.216439,4,6464.944023
-15.388251,3,6464.987758
-5.900706,6,6465.134668
54.216439,4,6465.288973
57.78954,7,6465.506792
54.216439,4,6465.559765
58.181294,6,6465.588308
59.099294,6,6465.684156
54.216439,4,6465.835634
-14.470251,3,6465.957485
54.216439,4,6466.029078
-5.900706,6,6466.114731
57.967614,5,6466.164306
58.181294,6,6466.214497
53.196439,4,6466.364833
53.55344,4,6466.506779
57.967614,5,6466.576543
57.161294,6,6466.643666
54.216439,4,6466.790626
-13.627712,3,6466.842778
-15.388251,3,6466.953685
59.099294,6,6467.020641
57.967614,5,6467.054704
57.967614,5,6467.193748
54.216439,4,6467.258658
-15.388251,3,6467.343277
57.78954,7,6467.720001
59.099294,6,6467.796238
57.967614,5,6467.840292
-11.510587,4,6467.881346
54.216439,4,6467.96996
59.099294,6,6468.014537
58.181294,6,6468.070523
55.95354,7,6468.103584
54.216439,4,6468.199239
54.216439,4,6468.343973
-10.991283,4,6468.516172
54.216439,4,6468.570218
57.967614,5,6468.613328
55.95354,7,6468.642368
57.78954,7,6468.870213
57.967614,5,6468.951689
54.216439,4,6469.10806
-6.563706,6,6469.155915
54.216439,4,6469.224816
54.216439,4,6469.285905
59.099294,6,6469.345999
54.216439,4,6469.401578
57.967614,5,6469.455626
-5.900706,6,6469.509707
57.574733,5,6469.621981
57.967614,5,6469.67605
57.263294,6,6469.731625
-15.576902,3,6469.774706
-13.476791,3,6469.990198
57.78954,7,6470.464497
54.216439,4,6470.624805
54.216439,4,6470.768044
57.967614,5,6470.849573
59.099294,6,6470.918467
-5.900706,6,6470.950711
59.099294,6,6471.052527
54.216439,4,6471.118933
57.574733,5,6471.269022
57.78954,7,6471.534531
-7.21046,7,6471.785591
-5.900706,6,6471.849893
58.385294,6,6471.912768
59.099294,6,6472.119482
-5.900706,6,6472.149027
57.253614,5,6472.268647
58.181294,6,6472.340558
-5.900706,6,6472.551559
-15.388251,3,6472.627897
57.967614,5,6472.765478
59.099294,6,6472.816252
-5.900706,6,6472.957156
-13.476791,3,6472.995877
-5.900706,6,6473.027588
-7.21046,7,6473.409145
57.574733,5,6473.488139
57.967614,5,6473.53671
57.967614,5,6473.58478
57.967614,5,6473.624987
-7.21046,7,6473.652023
-13.476791,3,6473.86175
-13.627712,3,6473.914229
57.518294,6,6473.975081
57.049614,5,6474.017164
57.967614,5,6474.135656
54.216439,4,6474.208131
58.181294,6,6474.235237
53.55344,4,6474.386269
-5.900706,6,6474.417344
57.967614,5,6474.483836
-7.21046,7,6474.816761
54.216439,4,6474.967141
-5.900706,6,6475.017295
54.216439,4,6475.085554
-5.900706,6,6475.127457
57.967614,5,6475.183544
-7.818147,5,6475.257664
57.967614,5,6475.329965
-13.344726,4,6475.383044
57.967614,5,6475.499254
57.967614,5,6475.547832
-5.900706,6,6475.604547
57.967614,5,6475.669636
57.967614,5,6475.701679
54.216439,4,6475.763774
-13.476791,3,6475.947744
-5.900706,6,6475.997309
59.099294,6,6476.09295
-11.406726,4,6476.144089
58.181294,6,6476.18415
54.216439,4,6476.328199
59.099294,6,6476.388795
57.967614,5,6476.576994
-7.960771,6,6476.828416
-5.900706,6,6476.876863
59.099294,6,6476.944849
58.181294,6,6477.005962
54.216439,4,6477.102379
57.151614,5,6477.16218
57.304614,5,6477.206013
59.099294,6,6477.255083
57.967614,5,6477.311662
-8.343267,5,6477.530557
-6.614706,6,6477.559467
57.967614,5,6477.601516
59.099294,6,6477.670082
53.55344,4,6477.737416
59.099294,6,6477.785977
-13.703172,3,6477.825547
-11.406726,4,6477.900669
54.216439,4,6477.971815
-5.900706,6,6478.034933
-11.510587,4,6478.088942
57.78954,7,6478.528638
54.216439,4,6478.712272
59.099294,6,6478.753354
57.967614,5,6478.792918
57.967614,5,6478.833614
54.216439,4,6479.000352
57.967614,5,6479.04605
59.099294,6,6479.086099
-11.599561,4,6479.388124
-7.21046,7,6479.730912
57.263294,6,6479.798165
57.967614,5,6479.877792
54.216439,4,6480.022206
57.049614,5,6480.060242
57.967614,5,6480.267853
57.967614,5,6480.468139
54.216439,4,6480.524752
57.304614,5,6480.719875
57.967614,5,6480.770432
59.099294,6,6480.993618
58.181294,6,6481.059342
59.099294,6,6481.125519
57.967614,5,6481.179083
54.216439,4,6481.333817
57.967614,5,6481.38523
54.216439,4,6481.451856
53.29844,4,6481.523852
-5.900706,6,6481.680302
57.967614,5,6481.867783
-6.563706,6,6481.923876
57.967614,5,6482.135389
54.216439,4,6482.29071
59.099294,6,6482.389005
-15.576902,3,6482.430587
57.967614,5,6482.497702
57.967614,5,6482.545801
54.216439,4,6482.600386
54.216439,4,6482.674025
57.967614,5,6482.73913
57.967614,5,6482.781713
59.099294,6,6482.880832
-6.920706,6,6482.938639
57.967614,5,6482.976216
-5.900706,6,6483.015763
59.099294,6,6483.114432
59.099294,6,6483.236501
57.967614,5,6483.284551
59.099294,6,6483.335312
59.099294,6,6483.539039
54.216439,4,6483.606647
59.099294,6,6483.675535
-10.991283,4,6483.758747
57.967614,5,6483.804825
59.099294,6,6483.900479
57.967614,5,6483.942041
54.216439,4,6484.025063
54.216439,4,6484.082177
-5.900706,6,6484.155828
57.967614,5,6484.206043
59.099294,6,6484.262627
57.967614,5,6484.456724
59.099294,6,6484.553532
-11.406726,4,6484.618979
54.216439,4,6484.770646
59.099294,6,6484.813754
56.947614,5,6484.99783
54.216439,4,6485.15458
59.099294,6,6485.195802
-11.199004,4,6485.25618
57.967614,5,6485.445054
54.216439,4,6485.592186
57.967614,5,6485.639773
57.967614,5,6485.679346
-5.900706,6,6485.763127
59.099294,6,6485.862414
57.78954,7,6486.291574
54.216439,4,6486.447528
54.216439,4,6486.613575
-5.900706,6,6486.67024
54.216439,4,6486.724416
55.95354,7,6486.752969
59.099294,6,6486.812035
-5.900706,6,6486.840571
54.216439,4,6486.904766
59.099294,6,6487.131845
57.967614,5,6487.19995
54.216439,4,6487.34917
59.099294,6,6487.406258
57.967614,5,6487.457847
54.216439,4,6487.614597
54.216439,4,6487.681601
57.967614,5,6487.721657
-13.476791,3,6487.80044
59.099294,6,6487.867066
-7.92446,7,6488.214038
59.099294,6,6488.243088
54.216439,4,6488.308175
53.400439,4,6488.369776
-10.243468,5,6488.4159
57.967614,5,6488.460461
54.216439,4,6488.610218
58.181294,6,6488.675211
58.079294,6,6488.71246
-10.243468,5,6488.785359
57.967614,5,6488.864033
54.216439,4,6488.936665
57.967614,5,6488.99574
-9.502476,6,6489.040793
52.482439,4,6489.20262
57.049614,5,6489.261
55.95354,7,6489.31911
59.099294,6,6489.380243
54.216439,4,6489.535003
54.216439,4,6489.678366
54.216439,4,6489.831885
-6.818706,6,6489.881762
55.95354,7,6489.950369
-7.21046,7,6489.983958
58.181294,6,6490.040749
57.78954,7,6490.247888
-7.430706,6,6490.275107
57.967614,5,6490.332745
54.216439,4,6490.488633
59.099294,6,6490.585816
54.216439,4,6490.702456
-5.900706,6,6490.765654
57.967614,5,6490.829869
-13.703172,3,6490.867433
54.216439,4,6491.026157
-6.716706,6,6491.058225
57.78954,7,6491.24913
54.216439,4,6491.317224
54.216439,4,6491.377314
53.55344,4,6491.521035
57.263294,6,6491.577145
-11.406726,4,6491.629222
58.385294,6,6491.6868
59.099294,6,6491.783771
59.099294,6,6491.844888
-15.133251,3,6491.956847
55.95354,7,6492.011603
-5.900706,6,6492.103808
54.216439,4,6492.255712
-5.900706,6,6492.387417
57.049614,5,6492.425988
57.263294,6,6492.486737
-5.900706,6,6492.55642
57.967614,5,6492.704564
54.216439,4,6492.778505
59.099294,6,6492.979679
54.216439,4,6493.132461
57.263294,6,6493.194356
-13.740902,3,6493.233464
-11.510587,4,6493.27506
-13.552251,3,6493.344646
-5.900706,6,6493.405262
57.263294,6,6493.464404
57.967614,5,6493.516077
58.181294,6,6493.575725
53.502439,4,6493.664855
56.20854,7,6493.719444
54.216439,4,6493.865312
59.099294,6,6493.930925
59.099294,6,6493.962754
-8.913886,6,6494.049352
54.216439,4,6494.125732
-15.388251,3,6494.235515
57.967614,5,6494.282109
57.967614,5,6494.365224
-6.614706,6,6494.400794
53.55344,4,6494.464993
55.95354,7,6494.495525
58.283294,6,6494.556118
57.967614,5,6494.603907
58.181294,6,6494.660486
-5.900706,6,6494.711836
57.967614,5,6494.756403
54.216439,4,6494.900129
58.079294,6,6494.950226
59.099294,6,6494.992315
57.967614,5,6495.032712
57.967614,5,6495.073823
-10.991283,4,6495.258442
-5.900706,6,6495.310513
58.181294,6,6495.370625
54.216439,4,6495.524649
57.967614,5,6495.594943
59.099294,6,6495.658036
-5.900706,6,6495.697071
-13.627712,3,6495.738154
54.216439,4,6495.883992
57.967614,5,6495.93557
57.967614,5,6495.985462
54.216439,4,6496.133179
-13.552251,3,6496.193775
54.216439,4,6496.353402
-5.900706,6,6496.50264
54.216439,4,6496.56071
-5.900706,6,6496.595755
54.216439,4,6496.659283
57.967614,5,6496.850327
54.216439,4,6496.996091
54.216439,4,6497.148822
54.216439,4,6497.292117
54.216439,4,6497.453812
59.099294,6,6497.481843
-5.900706,6,6497.609071
57.967614,5,6497.733526
54.216439,4,6497.806245
54.216439,4,6497.890868
-7.21046,7,6498.164644
54.216439,4,6498.227346
57.967614,5,6498.270986
59.099294,6,6498.299536
-13.552251,3,6498.373988
57.78954,7,6498.585264
59.099294,6,6498.648848
57.967614,5,6498.711567
57.967614,5,6498.755777
57.263294,6,6498.818485
57.967614,5,6498.863697
-13.703172,3,6498.900277
54.216439,4,6498.959867
54.216439,4,6499.110164
59.099294,6,6499.223871
57.967614,5,6499.266494
57.967614,5,6499.311073
59.099294,6,6499.516105
-15.388251,3,6499.626153
57.253614,5,6499.705443
57.967614,5,6499.782186
-5.900706,6,6499.818094
54.216439,4,6499.88451
54.216439,4,6499.95312
54.216439,4,6500.110646
-5.900706,6,6500.154258
-9.261267,5,6500.233884
-8.407468,5,6500.297445
-15.388251,3,6500.40934
-13.740902,3,6500.457138
56.313524,6,6500.607369
-5.900706,6,6500.68948
54.008717,4,6500.823468
54.216439,4,6500.889083
59.099294,6,6500.980799
-13.627712,3,6501.027874
54.216439,4,6501.184634
57.967614,5,6501.315854
58.283294,6,6501.343649
57.967614,5,6501.388961
-15.388251,3,6501.43872
57.967614,5,6501.685221
59.099294,6,6501.724291
-15.388251,3,6501.836532
-5.900706,6,6501.999038
57.967614,5,6502.039105
59.099294,6,6502.137337
57.049614,5,6502.208586
57.967614,5,6502.288188
-7.21046,7,6502.560755
57.574733,5,6502.716793
59.099294,6,6502.775385
57.967614,5,6502.843496
55.95354,7,6502.913987
57.967614,5,6502.953065
54.216439,4,6503.102984
54.216439,4,6503.176593
57.967614,5,6503.220552
-5.900706,6,6503.264627
57.967614,5,6503.308011
59.099294,6,6503.352088
57.967614,5,6503.400173
59.099294,6,6503.498817
58.181294,6,6503.564558
-5.900706,6,6503.620519
54.216439,4,6503.77176
59.099294,6,6503.808282
57.967614,5,6503.887904
59.099294,6,6503.950961
57.967614,5,6504.027082
59.099294,6,6504.094686
57.967614,5,6504.171788
57.263294,6,6504.235908
58.181294,6,6504.308525
59.099294,6,6504.346035
-13.740902,3,6504.390611
-7.960771,6,6504.596972
51.523209,3,6504.862444
57.967614,5,6504.942567
54.216439,4,6505.093343
59.099294,6,6505.15649
59.099294,6,6505.215796
59.099294,6,6505.27289
59.099294,6,6505.386169
58.181294,6,6505.440749
56.15754,7,6505.509402
57.263294,6,6505.570992
57.967614,5,6505.607454
-7.032386,5,6505.864367
-7.960771,6,6506.053668
-5.900706,6,6506.193006
-7.21046,7,6506.221881
54.216439,4,6506.294285
57.967614,5,6506.333846
58.181294,6,6506.360543
-11.199004,4,6506.42456
-13.627712,3,6506.467741
57.967614,5,6506.510306
-13.552251,3,6506.58191
-5.900706,6,6506.61111
54.216439,4,6506.767042
-6.818706,6,6506.854562
57.967614,5,6506.899682
54.216439,4,6506.960326
-10.991283,4,6507.122743
59.099294,6,6507.220547
54.216439,4,6507.327898
57.967614,5,6507.447251
57.967614,5,6507.494327
57.263294,6,6507.548894
57.967614,5,6507.580929
-15.388251,3,6507.697044
57.263294,6,6507.749859
-5.900706,6,6507.892252
54.216439,4,6507.950847
57.151614,5,6507.998407
54.216439,4,6508.143279
57.78954,7,6508.36213
54.216439,4,6508.428205
-5.900706,6,6508.511857
59.099294,6,6508.581018
59.099294,6,6508.678302
-5.900706,6,6508.729865
58.079294,6,6508.768463
53.29844,4,6508.837011
-5.900706,6,6508.894113
-5.900706,6,6509.03508
54.216439,4,6509.187093
59.099294,6,6509.24469
57.78954,7,6509.304414
57.253614,5,6509.349317
57.518294,6,6509.40245
57.967614,5,6509.589735
59.099294,6,6509.650823
55.95354,7,6509.705957
57.967614,5,6509.776101
57.967614,5,6509.88074
58.181294,6,6509.936844
55.95354,7,6509.998505
53.196439,4,6510.14844
57.967614,5,6510.190113
57.967614,5,6510.241821
54.216439,4,6510.386476
-12.827282,4,6510.464015
55.95354,7,6510.530109
57.78954,7,6510.732445
59.099294,6,6510.788092
57.967614,5,6510.898813
59.099294,6,6510.938379
53.29844,4,6511.023567
58.181294,6,6511.080893
-8.584476,6,6511.273819
59.099294,6,6511.317385
57.78954,7,6511.523904
58.181294,6,6511.577485
56.87154,7,6511.640654
57.967614,5,6511.707785
57.967614,5,6511.752861
55.95354,7,6511.814454
57.967614,5,6511.858567
57.967614,5,6511.988474
55.95354,7,6512.05555
-5.900706,6,6512.20227
57.967614,5,6512.254851
59.099294,6,6512.350496
59.099294,6,6512.388553
57.066154,7,6512.488977
-9.796771,6,6512.539049
59.099294,6,6512.568098
54.216439,4,6512.622757
-5.900706,6,6512.65582
-15.539172,3,6512.700889
59.099294,6,6512.751967
54.216439,4,6512.903033
54.216439,4,6512.961103
-13.476791,3,6513.12904
57.967614,5,6513.202159
54.216439,4,6513.267769
59.099294,6,6513.319178
-13.703172,3,6513.35977
-13.476791,3,6513.423871
-15.388251,3,6513.542043
57.967614,5,6513.720076
57.967614,5,6513.793036
59.099294,6,6513.860639
59.099294,6,6513.912221
-6.716706,6,6513.971837
59.099294,6,6514.028321
59.099294,6,6514.087903
59.099294,6,6514.125107
55.95354,7,6514.1947
59.099294,6,6514.308962
57.263294,6,6514.376604
57.263294,6,6514.43042
57.263294,6,6514.493734
54.216439,4,6514.551034
-5.900706,6,6514.624071
57.967614,5,6514.696222
-8.211028,5,6514.897597
59.099294,6,6514.958468
54.216439,4,6515.026664
-7.21046,7,6515.054797
59.099294,6,6515.161078
59.099294,6,6515.257324
57.967614,5,6515.455313
54.216439,4,6515.52943
57.967614,5,6515.60277
59.099294,6,6515.667818
58.181294,6,6515.732019
59.099294,6,6515.792162
54.216439,4,6515.850786
59.099294,6,6515.917922
57.967614,5,6515.961245
-12.428587,4,6516.004255
57.78954,7,6516.203031
57.967614,5,6516.253139
54.216439,4,6516.308941
59.099294,6,6516.405859
55.322767,7,6516.543591
-8.211028,5,6516.745105
-13.703172,3,6516.78683
57.967614,5,6516.832523
-8.407468,5,6516.876141
54.216439,4,6517.021274
59.099294,6,6517.051314
55.95354,7,6517.112403
57.967614,5,6517.166342
59.099294,6,6517.266494
59.099294,6,6517.327582
54.216439,4,6517.386673
59.099294,6,6517.452156
56.947614,5,6517.642612
57.967614,5,6517.69103
59.099294,6,6517.76621
54.216439,4,6517.915648
59.099294,6,6517.970705
-7.21046,7,6518.330209
-7.21046,7,6518.362307
-9.502476,6,6518.549532
-5.900706,6,6518.618949
54.216439,4,6518.782196
57.967614,5,6518.963514
57.967614,5,6519.035788
-5.900706,6,6519.094621
59.099294,6,6519.136242
54.216439,4,6519.207314
54.216439,4,6519.306845
58.079294,6,6519.382445
57.78954,7,6519.588231
-9.325468,5,6519.675927
-7.21046,7,6519.713073
-11.406726,4,6519.770161
59.099294,6,6519.888204
-5.900706,6,6519.925204
59.099294,6,6519.957255
59.099294,6,6520.028317
59.099294,6,6520.163339
-7.21046,7,6520.195394
57.574733,5,6520.347422
57.967614,5,6520.416781
57.967614,5,6520.473485
57.967614,5,6520.595161
-7.21046,7,6520.627674
59.099294,6,6520.688256
-13.627712,3,6520.749396
59.099294,6,6520.823083
54.216439,4,6521.253202
53.502439,4,6521.400958
54.216439,4,6521.4736
57.967614,5,6521.532167
57.967614,5,6521.584859
-7.21046,7,6521.889109
-5.900706,6,6521.943086
55.95354,7,6521.99919
54.216439,4,6522.071108
54.216439,4,6522.224963
59.099294,6,6522.322311
57.263294,6,6522.399717
55.95354,7,6522.462307
-12.222726,4,6522.520999
55.95354,7,6522.576217
58.436294,6,6522.63616
-7.21046,7,6523.096679
57.967614,5,6523.158314
54.216439,4,6523.23045
58.283294,6,6523.304023
58.181294,6,6523.382291
-5.900706,6,6523.445977
57.967614,5,6523.616473
59.099294,6,6523.699722
58.385294,6,6523.74945
-9.231028,5,6523.81355
59.099294,6,6523.870651
54.216439,4,6523.972325
54.216439,4,6524.123689
57.967614,5,6524.178288
57.78954,7,6524.377226
55.230154,7,6524.449838
54.216439,4,6524.513763
59.099294,6,6524.548261
-7.960771,6,6524.735306
57.967614,5,6524.919265
-12.015004,4,6525.042214
54.216439,4,6525.122867
54.216439,4,6525.270026
57.967614,5,6525.330152
57.049614,5,6525.519679
54.216439,4,6525.586378
-5.900706,6,6525.619912
57.967614,5,6525.66654
58.385294,6,6525.710683
-5.900706,6,6525.7633
59.099294,6,6525.821985
-5.900706,6,6525.879563
-5.900706,6,6525.929663
58.181294,6,6525.985766
54.216439,4,6526.153138
59.099294,6,6526.262967
55.95354,7,6526.31647
57.967614,5,6526.362037
59.099294,6,6526.458982
54.216439,4,6526.524101
58.181294,6,6526.585931
-7.21046,7,6526.614003
57.967614,5,6526.683726
57.967614,5,6526.765658
57.574733,5,6526.936186
59.099294,6,6526.97422
59.099294,6,6527.034899
54.216439,4,6527.123568
57.049614,5,6527.248379
57.574733,5,6527.314021
54.216439,4,6527.373298
59.099294,6,6527.433334
54.216439,4,6527.578073
-8.211028,5,6527.620482
59.099294,6,6527.682337
57.967614,5,6527.754997
57.78954,7,6528.221407
57.967614,5,6528.403928
54.216439,4,6528.46339
57.967614,5,6528.503929
54.216439,4,6528.648131
58.181294,6,6528.702137
-5.900706,6,6528.74019
59.099294,6,6528.858374
59.099294,6,6528.923661
-11.199004,4,6529.067942
54.216439,4,6529.2306
59.099294,6,6529.295403
59.099294,6,6529.36482
-5.900706,6,6529.430272
-5.900706,6,6529.486793
-7.032386,5,6529.749644
57.574733,5,6529.827421
57.467294,6,6529.88952
57.967614,5,6530.080749
-7.21046,7,6530.1133
57.967614,5,6530.155575
54.216439,4,6530.230706
57.967614,5,6530.305056
55.95354,7,6530.370737
59.099294,6,6530.438554
-5.900706,6,6530.590693
59.099294,6,6530.649441
-13.703172,3,6530.691249
58.181294,6,6530.762204
56.947614,5,6530.832506
54.216439,4,6530.896127
-6.563706,6,6530.950403
59.099294,6,6531.074382
54.216439,4,6531.218727
55.95354,7,6531.286023
57.967614,5,6531.478696
-12.222726,4,6531.530187
54.216439,4,6531.691425
57.967614,5,6531.899235
59.099294,6,6531.934285
58.510704,6,6532.046101
55.95354,7,6532.101048
-8.211028,5,6532.151204
-14.341712,3,6532.198888
55.95354,7,6532.260131
54.216439,4,6532.317404
57.78954,7,6532.774796
59.099294,6,6532.889143
59.099294,6,6532.921237
54.216439,4,6533.067193
54.216439,4,6533.164165
57.967614,5,6533.195713
54.216439,4,6533.356035
-13.627712,3,6533.410125
57.253614,5,6533.576343
58.181294,6,6533.638456
57.967614,5,6533.84075
-6.563706,6,6533.894135
-7.21046,7,6534.370563
59.099294,6,6534.415303
57.967614,5,6534.610976
-5.900706,6,6534.667067
57.78954,7,6534.862145
59.099294,6,6534.978131
57.967614,5,6535.053259
57.967614,5,6535.087337
57.049614,5,6535.138833
-7.21046,7,6535.416266
57.967614,5,6535.462936
57.967614,5,6535.531407
-7.666476,6,6535.656547
59.099294,6,6535.712125
-13.627712,3,6535.786795
57.967614,5,6535.833265
54.216439,4,6535.895371
-7.21046,7,6535.923944
57.967614,5,6536.005497
-5.900706,6,6536.063081
58.181294,6,6536.1251
59.099294,6,6536.182375
-5.900706,6,6536.257034
-8.211028,5,6536.333177
57.967614,5,6536.527601
59.099294,6,6536.587329
55.95354,7,6536.653559
54.216439,4,6536.807712
59.099294,6,6536.883078
-12.324726,4,6536.929527
57.967614,5,6537.006387
-7.21046,7,6537.034924
57.967614,5,6537.155084
-13.740902,3,6537.193639
57.967614,5,6537.306054
-15.388251,3,6537.366631
59.099294,6,6537.396667
57.967614,5,6537.434763
59.099294,6,6537.498846
57.967614,5,6537.565706
59.099294,6,6537.667288
57.967614,5,6537.776249
54.216439,4,6537.838418
57.967614,5,6537.994844
58.181294,6,6538.0674
54.216439,4,6538.123146
57.967614,5,6538.174644
57.967614,5,6538.209227
59.099294,6,6538.258804
55.95354,7,6538.312413
57.967614,5,6538.362066
-5.900706,6,6538.489298
54.216439,4,6538.563529
57.967614,5,6538.634628
57.967614,5,6538.674688
54.216439,4,6538.73727
-7.666476,6,6538.967076
57.78954,7,6539.195494
-13.703172,3,6539.237058
-8.407468,5,6539.472324
54.216439,4,6539.634634
-5.900706,6,6539.692225
57.967614,5,6539.739293
54.216439,4,6539.831052
59.099294,6,6539.893542
58.181294,6,6539.948154
57.967614,5,6540.088784
55.95354,7,6540.143989
57.967614,5,6540.264348
-7.21046,7,6540.294389
57.967614,5,6540.352141
57.304614,5,6540.458851
-5.900706,6,6540.556585
59.099294,6,6540.595645
-5.900706,6,6540.656249
57.967614,5,6540.734196
-8.407468,5,6540.812256
-7.21046,7,6540.843503
-5.900706,6,6540.894089
59.099294,6,6540.953196
57.967614,5,6541.02979
57.967614,5,6541.192543
59.099294,6,6541.240407
-11.406726,4,6541.284964
57.967614,5,6541.362084
-11.510587,4,6541.400192
59.099294,6,6541.45731
57.967614,5,6541.562642
59.099294,6,6541.623081
-5.900706,6,6541.678645
-13.627712,3,6541.862258
54.216439,4,6542.010667
55.95354,7,6542.077765
-5.900706,6,6542.178437
-13.703172,3,6542.218594
-7.21046,7,6542.682757
59.099294,6,6542.785812
57.967614,5,6542.84538
-13.627712,3,6542.903312
54.216439,4,6543.048453
57.151614,5,6543.09453
57.967614,5,6543.134616
59.099294,6,6543.183688
57.967614,5,6543.227384
57.967614,5,6543.279325
57.78954,7,6543.524523
-5.900706,6,6543.673354
-5.900706,6,6543.732445
57.967614,5,6543.806742
57.967614,5,6543.997113
57.78954,7,6544.200742
54.216439,4,6544.37819
58.283294,6,6544.451309
54.216439,4,6544.594882
53.502439,4,6544.657952
59.099294,6,6544.737289
57.304614,5,6544.839857
59.099294,6,6544.878445
-5.900706,6,6544.930405
58.181294,6,6544.960431
59.099294,6,6545.059274
57.967614,5,6545.108384
-5.900706,6,6545.166958
54.216439,4,6545.309769
58.436294,6,6545.363355
59.099294,6,6545.470723
59.099294,6,6545.561497
-13.552251,3,6545.638113
54.216439,4,6545.700709
-13.476791,3,6545.740763
59.099294,6,6545.7708
-13.627712,3,6545.81748
-5.900706,6,6545.890742
59.099294,6,6545.955383
53.400439,4,6546.007563
57.967614,5,6546.051138
54.216439,4,6546.455888
58.181294,6,6546.528216
57.253614,5,6546.583832
54.216439,4,6546.66747
57.304614,5,6546.702527
59.099294,6,6546.769279
57.253614,5,6546.844111
59.099294,6,6546.902737
59.099294,6,6546.950799
54.216439,4,6547.008929
57.263294,6,6547.074525
57.181853,5,6547.305569
58.079294,6,6547.402205
58.181294,6,6547.456432
57.78954,7,6547.938215
54.216439,4,6548.085782
54.216439,4,6548.155867
54.216439,4,6548.221163
54.216439,4,6548.279244
57.263294,6,6548.35386
58.181294,6,6548.416129
59.099294,6,6548.474223
56.97354,7,6548.684756
-5.900706,6,6548.861022
-13.476791,3,6548.907589
54.216439,4,6548.974699
-15.576902,3,6549.015766
57.304614,5,6549.062325
58.181294,6,6549.120672
-13.740902,3,6549.162768
-6.818706,6,6549.336331
-11.199004,4,6549.552203
58.436294,6,6549.615311
59.099294,6,6549.722757
-5.900706,6,6549.79436
-11.510587,4,6549.836416
57.967614,5,6549.948095
-7.21046,7,6550.040232
59.099294,6,6550.07932
57.967614,5,6550.15844
-7.21046,7,6550.186977
59.099294,6,6550.457927
57.967614,5,6550.57609
-7.21046,7,6550.606128
-12.324726,4,6550.65521
57.967614,5,6550.693246
59.099294,6,6550.724309
59.099294,6,6550.782378
59.099294,6,6550.818926
-5.900706,6,6551.032261
57.967614,5,6551.197058
54.216439,4,6551.350964
57.967614,5,6551.407569
-10.991283,4,6551.638452
57.78954,7,6551.865099
-5.900706,6,6552.051148
57.049614,5,6552.120363
59.099294,6,6552.177454
59.099294,6,6552.273134
57.967614,5,6552.342531
57.967614,5,6552.410141
59.099294,6,6552.443708
51.523209,3,6552.620466
-13.740902,3,6552.664514
59.099294,6,6552.738001
-5.900706,6,6552.791571
55.95354,7,6552.84633
54.216439,4,6553.000083
-5.900706,6,6553.142244
59.099294,6,6553.194814
59.099294,6,6553.341021
-11.406726,4,6553.394097
-5.900706,6,6553.444192
58.283294,6,6553.660417
-11.406726,4,6553.726516
54.216439,4,6553.876606
52.83944,4,6553.946253
54.216439,4,6554.101154
57.967614,5,6554.174092
-13.703172,3,6554.214796
57.967614,5,6554.256428
57.78954,7,6554.737068
57.967614,5,6554.927816
59.099294,6,6554.983372
57.967614,5,6555.060703
-6.818706,6,6555.417018
54.216439,4,6555.490127
59.099294,6,6555.531896
59.099294,6,6555.629857
54.216439,4,6555.773982
-5.900706,6,6555.821063
57.78954,7,6556.024424
58.181294,6,6556.079523
57.967614,5,6556.149576
-5.900706,6,6556.306814
57.967614,5,6556.347848
59.099294,6,6556.467355
59.099294,6,6556.519928
-14.292791,3,6556.559505
-5.900706,6,6556.69664
-7.818147,5,6556.928308
57.967614,5,6556.969885
57.967614,5,6557.02246
54.216439,4,6557.087558
-10.783561,4,6557.140455
-13.552251,3,6557.217463
57.78954,7,6557.412328
57.967614,5,6557.490035
-7.87346,7,6557.518086
57.304614,5,6557.595684
57.967614,5,6557.650766
57.967614,5,6557.687828
57.967614,5,6557.851611
53.502439,4,6557.923344
54.216439,4,6558.019653
57.967614,5,6558.0933
57.967614,5,6558.169932
59.099294,6,6558.197701
57.967614,5,6558.242273
57.967614,5,6558.319637
-5.900706,6,6558.37229
-7.21046,7,6558.400271
59.099294,6,6558.459872
54.216439,4,6558.610955
54.216439,4,6558.681596
57.967614,5,6558.920475
54.216439,4,6559.312661
59.099294,6,6559.3714
-11.510587,4,6559.408986
57.967614,5,6559.483098
58.181294,6,6559.550196
59.099294,6,6559.594399
57.967614,5,6559.658992
59.099294,6,6559.712485
59.099294,6,6559.751208
57.967614,5,6559.870738
59.099294,6,6559.925376
59.099294,6,6559.956418
58.181294,6,6560.012489
59.099294,6,6560.048631
-11.510587,4,6560.093698
55.61938,7,6560.230192
-7.032386,5,6560.50624
-5.900706,6,6560.573358
57.967614,5,6560.618925
-14.621172,3,6560.660986
59.099294,6,6560.745129
59.099294,6,6560.86083
54.216439,4,6561.009217
-11.199004,4,6561.065807
-7.960771,6,6561.236589
57.78954,7,6561.690696
54.216439,4,6561.754682
59.099294,6,6561.814889
-5.900706,6,6561.862271
-7.818147,5,6561.937393
-7.21046,7,6561.967438
57.253614,5,6562.152664
-5.900706,6,6562.187209
57.967614,5,6562.308022
59.099294,6,6562.377142
59.099294,6,6562.416713
57.049614,5,6562.604937
57.304614,5,6562.779337
59.099294,6,6562.839033
59.099294,6,6562.897625
57.78954,7,6563.087342
-7.21046,7,6563.116414
57.181853,5,6563.306729
-7.21046,7,6563.335788
57.967614,5,6563.440978
-7.21046,7,6563.51783
-6.818706,6,6563.882542
-11.406726,4,6563.936671
57.967614,5,6564.132628
57.967614,5,6564.291079
59.099294,6,6564.358714
57.253614,5,6564.531669
57.967614,5,6564.606267
57.967614,5,6564.682879
57.304614,5,6564.729454
59.099294,6,6564.804067
57.07554,7,6565.299909
57.967614,5,6565.333459
57.967614,5,6565.503602
-5.900706,6,6565.566231
59.099294,6,6565.597469
57.967614,5,6565.729804
58.181294,6,6565.784872
54.216439,4,6565.942587
57.967614,5,6566.021235
-7.21046,7,6566.054297
54.216439,4,6566.256488
59.099294,6,6566.352453
59.099294,6,6566.41236
57.967614,5,6566.459754
-13.740902,3,6566.499313
56.947614,5,6566.606475
-13.627712,3,6566.683188
54.216439,4,6566.841782
57.967614,5,6566.966006
57.967614,5,6567.148994
57.967614,5,6567.216276
57.967614,5,6567.261332
58.181294,6,6567.329499
54.216439,4,6567.471581
54.216439,4,6567.537692
54.216439,4,6567.680799
-13.627712,3,6567.721323
59.099294,6,6567.775421
54.216439,4,6567.930605
57.967614,5,6567.979469
-5.900706,6,6568.026055
-7.695386,5,6568.285565
57.967614,5,6568.405982
59.099294,6,6568.50394
54.216439,4,6568.575073
-5.900706,6,6568.666918
59.099294,6,6568.735449
54.008717,4,6569.014601
57.78954,7,6569.071708
59.099294,6,6569.130914
57.967614,5,6569.209049
59.099294,6,6569.253545
53.400439,4,6569.407788
59.099294,6,6569.525822
54.216439,4,6569.598428
57.967614,5,6569.664258
-8.211028,5,6569.729372
-11.406726,4,6569.787714
-13.627712,3,6569.841297
54.216439,4,6569.984022
59.099294,6,6570.067644
-7.21046,7,6570.095817
57.253614,5,6570.168956
59.099294,6,6570.223186
59.099294,6,6570.284416
-13.476791,3,6570.410943
57.78954,7,6570.476373
-5.900706,6,6570.651194
-8.878771,6,6570.778217
58.181294,6,6570.845316
59.099294,6,6570.87129
59.099294,6,6570.908729
59.099294,6,6570.987594
59.099294,6,6571.050186
57.967614,5,6571.219445
57.967614,5,6571.264012
58.181294,6,6571.320604
59.099294,6,6571.358989
57.967614,5,6571.437093
59.099294,6,6571.534985
57.967614,5,6571.600227
57.967614,5,6571.709313
57.967614,5,6571.78806
57.574733,5,6572.039058
-7.21046,7,6572.072627
-11.406726,4,6572.200573
59.099294,6,6572.257648
58.283294,6,6572.309723
57.967614,5,6572.390417
59.099294,6,6572.449527
59.099294,6,6572.490077
57.967614,5,6572.567701
57.967614,5,6572.613629
-11.510587,4,6572.66373
-5.900706,6,6572.718169
57.967614,5,6572.751735
-5.900706,6,6572.923994
57.967614,5,6573.052768
57.967614,5,6573.159022
57.967614,5,6573.211106
57.151614,5,6573.38925
59.099294,6,6573.435007
57.967614,5,6573.472571
54.008717,4,6573.676781
57.78954,7,6574.115947
59.099294,6,6574.171544
-13.703172,3,6574.209262
59.099294,6,6574.26888
54.216439,4,6574.339514
54.216439,4,6574.487253
-7.21046,7,6574.517875
59.099294,6,6574.58366
57.365294,6,6574.655861
-11.787044,8,6574.685618
-7.032386,5,6574.951884
59.099294,6,6574.994643
54.216439,4,6575.141853
59.099294,6,6575.240213
57.78954,7,6575.46283
57.967614,5,6575.511091
57.967614,5,6575.558759
54.216439,4,6575.706999
57.967614,5,6575.743064
-9.121468,5,6575.799211
59.099294,6,6575.872421
59.099294,6,6575.900449
57.967614,5,6576.015522
-7.21046,7,6576.053082
-7.21046,7,6576.084641
58.079294,6,6576.19742
59.099294,6,6576.265284
54.216439,4,6576.416052
59.099294,6,6576.488291
57.967614,5,6576.522851
57.967614,5,6576.555918
58.181294,6,6576.61001
59.099294,6,6576.671867
57.004114,6,6576.837213
58.181294,6,6576.913879
54.216439,4,6577.060625
57.967614,5,6577.13575
57.967614,5,6577.213931
-5.900706,6,6577.368695
58.181294,6,6577.429785
-5.900706,6,6577.548011
57.967614,5,6577.663805
57.78954,7,6577.913723
57.78954,7,6578.396485
57.967614,5,6578.467157
58.181294,6,6578.521835
-5.900706,6,6578.585444
-11.787044,8,6578.613404
-5.900706,6,6578.671233
59.099294,6,6578.713315
59.099294,6,6578.741842
-5.900706,6,6578.885688
-7.21046,7,6578.91524
59.099294,6,6578.975908
59.099294,6,6579.04099
57.004114,6,6579.159163
-11.510587,4,6579.196386
-6.614706,6,6579.326792
-5.900706,6,6579.361342
-8.211028,5,6579.41002
59.099294,6,6579.464154
-13.740902,3,6579.505193
53.196439,4,6579.654035
54.216439,4,6579.80832
57.967614,5,6579.99878
54.216439,4,6580.191287
59.099294,6,6580.243421
-7.21046,7,6580.27324
59.099294,6,6580.338986
59.099294,6,6580.387065
-7.21046,7,6580.440298
-11.705283,4,6580.520009
59.099294,6,6580.56913
56.87154,7,6580.797451
57.967614,5,6580.921427
-7.21046,7,6580.95468
58.181294,6,6581.016704
-13.627712,3,6581.071264
-6.818706,6,6581.128111
58.181294,6,6581.198252
57.967614,5,6581.305615
-13.552251,3,6581.38029
57.967614,5,6581.453899
57.967614,5,6581.53172
59.099294,6,6581.589799
57.967614,5,6581.645383
59.099294,6,6581.741243
57.967614,5,6581.788821
59.099294,6,6581.851004
59.099294,6,6581.895593
-7.21046,7,6581.998153
58.181294,6,6582.058254
57.967614,5,6582.229409
58.385294,6,6582.291446
54.216439,4,6582.447447
-5.900706,6,6582.611763
59.099294,6,6582.677582
54.216439,4,6582.749188
57.967614,5,6582.82986
59.099294,6,6582.930966
-5.900706,6,6583.011092
57.967614,5,6583.189812
57.967614,5,6583.267227
59.099294,6,6583.324735
54.008717,4,6583.549268
59.099294,6,6583.608355
-7.21046,7,6584.072899
59.099294,6,6584.143494
57.967614,5,6584.316926
59.099294,6,6584.384431
58.181294,6,6584.442062
59.099294,6,6584.543652
59.099294,6,6584.583241
57.967614,5,6584.660856
59.099294,6,6584.730451
-5.900706,6,6584.763539
-11.787044,8,6584.792563
57.967614,5,6584.972679
58.181294,6,6585.030042
57.967614,5,6585.239268
59.099294,6,6585.297351
57.967614,5,6585.348404
59.099294,6,6585.408799
58.181294,6,6585.462929
59.099294,6,6585.508692
-8.211028,5,6585.731989
57.967614,5,6585.81335
-14.545712,3,6585.892965
54.216439,4,6586.037673
57.967614,5,6586.082731
57.967614,5,6586.269547
-11.199004,4,6586.508446
-7.818147,5,6586.711755
-5.900706,6,6586.861841
57.967614,5,6586.909907
57.967614,5,6587.075375
57.967614,5,6587.113422
57.967614,5,6587.18891
59.099294,6,6587.235775
57.922114,6,6587.288366
57.967614,5,6587.40489
57.967614,5,6587.525848
-13.552251,3,6587.587674
57.78954,7,6588.072994
59.099294,6,6588.111272
-5.900706,6,6588.143834
-7.21046,7,6588.1749
59.099294,6,6588.263544
59.099294,6,6588.325665
59.099294,6,6588.389421
57.967614,5,6588.47306
54.216439,4,6588.539326
59.099294,6,6588.642614
59.099294,6,6588.726807
-7.21046,7,6588.75936
54.216439,4,6588.820971
57.967614,5,6588.912629
57.78954,7,6589.15072
59.099294,6,6589.214338
-7.21046,7,6589.363096
57.967614,5,6589.479895
57.967614,5,6589.587568
-13.627712,3,6589.629819
57.967614,5,6589.7061
58.181294,6,6589.762759
58.181294,6,6589.830806
54.216439,4,6589.893019
59.099294,6,6589.935681
58.181294,6,6590.003335
57.967614,5,6590.050918
59.099294,6,6590.087971
57.967614,5,6590.129678
59.099294,6,6590.198063
57.967614,5,6590.365954
54.216439,4,6590.521626
57.967614,5,6590.632595
57.253614,5,6590.802887
57.967614,5,6590.863306
-5.900706,6,6591.015764
-7.21046,7,6591.325866
57.967614,5,6591.44822
-5.900706,6,6591.504934
59.099294,6,6591.532751
-12.219004,4,6591.765818
-13.627712,3,6591.811523
57.967614,5,6591.885335
57.967614,5,6591.94567
-13.552251,3,6591.999374
59.099294,6,6592.033027
59.099294,6,6592.075245
59.099294,6,6592.113956
57.967614,5,6592.229776
59.099294,6,6592.288001
-7.21046,7,6592.768148
57.967614,5,6592.929245
-7.87346,7,6592.957544
-13.627712,3,6593.012807
-7.21046,7,6593.327618
57.967614,5,6593.408233
57.049614,5,6593.51694
59.099294,6,6593.591354
-8.343267,5,6593.67328
59.099294,6,6593.721858
59.099294,6,6593.776463
58.181294,6,6593.839306
59.099294,6,6593.875127
59.099294,6,6593.919706
57.967614,5,6593.989389
59.099294,6,6594.033112
57.967614,5,6594.079982
-11.510587,4,6594.122059
57.967614,5,6594.25129
59.099294,6,6594.310844
-13.476791,3,6594.459335
59.099294,6,6594.571405
-14.658902,3,6594.626759
56.947614,5,6594.751304
59.099294,6,6594.815906
-8.84246,7,6594.848499
57.967614,5,6594.929085
-13.627712,3,6594.990314
-13.476791,3,6595.187687
-14.403902,3,6595.231738
57.967614,5,6595.351641
59.099294,6,6595.467445
58.385294,6,6595.510497
-5.900706,6,6595.583358
59.099294,6,6595.636113
-13.476791,3,6595.706152
59.099294,6,6595.74505
57.967614,5,6595.884657
57.967614,5,6596.15317
-6.716706,6,6596.22528
57.78954,7,6596.769378
59.099294,6,6596.834224
57.967614,5,6596.882648
-8.12846,7,6596.918828
58.181294,6,6596.989485
59.099294,6,6597.019537
57.574733,5,6597.168187
58.181294,6,6597.224545
-11.787044,8,6597.255034
57.967614,5,6597.331659
54.216439,4,6597.391858
-5.900706,6,6597.448501
-7.21046,7,6597.475549
57.967614,5,6597.648242
-7.21046,7,6597.70494
-8.211028,5,6597.765314
59.099294,6,6597.795371
57.967614,5,6597.870483
59.099294,6,6597.928081
57.967614,5,6598.168743
59.099294,6,6598.208276
58.181294,6,6598.264882
57.967614,5,6598.322943
57.967614,5,6598.441643
57.967614,5,6598.520144
-13.703172,3,6598.563812
-11.787044,8,6598.591846
59.099294,6,6598.619728
58.181294,6,6598.674903
59.099294,6,6598.724996
-5.900706,6,6598.791108
54.216439,4,6598.939515
59.099294,6,6598.99983
59.099294,6,6599.100456
57.967614,5,6599.264912
-11.406726,4,6599.338978
59.099294,6,6599.397798
57.967614,5,6599.468548
-8.12846,7,6599.498113
57.967614,5,6599.683067
57.967614,5,6599.792804
-7.21046,7,6599.826821
59.099294,6,6599.884411
57.967614,5,6599.952011
-5.900706,6,6600.097258
57.967614,5,6600.261184
-7.666476,6,6600.474352
59.099294,6,6600.540442
-13.627712,3,6600.590175
59.099294,6,6600.633471
57.967614,5,6600.831526
59.099294,6,6600.90795
57.967614,5,6601.011449
58.510704,6,6601.067556
59.099294,6,6601.109124
57.967614,5,6601.296001
58.436294,6,6601.3602
59.099294,6,6601.404279
57.967614,5,6601.477947
54.216439,4,6601.584611
54.216439,4,6601.745418
57.78954,7,6601.952846
59.099294,6,6601.994112
57.967614,5,6602.1688
57.967614,5,6602.353087
57.967614,5,6602.397979
-7.21046,7,6602.494501
59.099294,6,6602.534809
59.099294,6,6602.563867
59.099294,6,6602.633453
58.181294,6,6602.699783
-5.900706,6,6602.732839
58.181294,6,6602.804291
56.342767,7,6602.856081
59.099294,6,6602.921171
59.099294,6,6602.962743
57.967614,5,6603.080602
59.099294,6,6603.144858
-7.21046,7,6603.177425
-5.900706,6,6603.27644
57.967614,5,6603.44569
57.967614,5,6603.518932
57.967614,5,6603.639561
57.967614,5,6603.697724
57.967614,5,6603.875453
59.099294,6,6603.916514
57.78954,7,6604.171253
-6.818706,6,6604.569334
57.967614,5,6604.614995
59.099294,6,6604.669101
57.967614,5,6604.75309
-13.740902,3,6604.797535
57.967614,5,6604.933939
57.967614,5,6605.009109
58.181294,6,6605.076937
57.967614,5,6605.158786
57.967614,5,6605.291449
54.216439,4,6605.439935
59.099294,6,6605.518439
-7.032386,5,6605.871079
-7.21046,7,6605.915637
58.181294,6,6605.984178
57.967614,5,6606.065362
-7.960771,6,6606.248442
-8.407468,5,6606.34558
-9.129028,5,6606.391143
59.099294,6,6606.436031
54.216439,4,6606.595164
58.181294,6,6606.64024
57.967614,5,6606.708584
58.181294,6,6606.766985
54.216439,4,6606.916421
58.181294,6,6606.983218
58.079294,6,6607.04331
59.099294,6,6607.148787
-5.900706,6,6607.234591
57.967614,5,6607.40671
57.967614,5,6607.480901
59.099294,6,6607.545582
-12.450044,8,6607.575654
57.967614,5,6607.759742
57.967614,5,6607.835162
57.967614,5,6607.886912
-11.787044,8,6607.916483
59.099294,6,6607.971237
-13.552251,3,6608.030827
-7.21046,7,6608.136617
-13.703172,3,6608.174156
57.967614,5,6608.227086
-7.407296,6,6608.530438
57.967614,5,6608.598706
58.181294,6,6608.655115
59.099294,6,6608.71122
-7.21046,7,6608.823191
-7.92446,7,6608.906023
56.947614,5,6609.018193
57.967614,5,6609.092825
59.099294,6,6609.139681
59.099294,6,6609.207416
-13.627712,3,6609.24887
57.967614,5,6609.328989
54.216439,4,6609.48179
59.099294,6,6609.530779
-13.476791,3,6609.59548
-7.21046,7,6609.660896
59.099294,6,6609.726976
-7.21046,7,6609.824302
59.099294,6,6609.884418
54.216439,4,6610.060008
58.181294,6,6610.133802
54.216439,4,6610.243174
59.099294,6,6610.303013
59.099294,6,6610.350593
-13.740902,3,6610.40707
59.099294,6,6610.443629
54.216439,4,6610.593661
-11.787044,8,6610.624038
-6.818706,6,6610.826432
57.967614,5,6610.919774
59.099294,6,6610.975511
57.967614,5,6611.08887
-9.223468,5,6611.170334
59.099294,6,6611.215524
-8.407468,5,6611.338236
57.304614,5,6611.527089
57.78954,7,6612.00746
59.099294,6,6612.07961
-7.21046,7,6612.113158
57.967614,5,6612.195448
58.079294,6,6612.240041
57.967614,5,6612.294679
-5.900706,6,6612.330544
-7.21046,7,6612.50533
59.099294,6,6612.551396
-6.563706,6,6612.699476
58.283294,6,6612.770593
57.967614,5,6612.88097
-6.818706,6,6613.076927
54.216439,4,6613.157552
-5.900706,6,6613.328989
-11.199004,4,6613.404627
57.922114,6,6613.470745
-7.818147,5,6613.553889
57.967614,5,6613.638384
59.099294,6,6613.699039
57.78954,7,6613.920761
57.967614,5,6613.970389
57.78954,7,6614.463443
59.099294,6,6614.514621
57.967614,5,6614.587229
57.967614,5,6614.715159
58.079294,6,6614.769746
-5.900706,6,6614.81023
56.947614,5,6615.017218
54.216439,4,6615.186919
59.099294,6,6615.295438
57.967614,5,6615.481313
-7.21046,7,6615.51787
-5.900706,6,6615.568382
57.967614,5,6615.643101
59.099294,6,6615.687241
57.967614,5,6615.802068
-5.900706,6,6615.853143
59.099294,6,6615.916097
58.181294,6,6615.9843
59.099294,6,6616.054401
59.099294,6,6616.091434
-7.032386,5,6616.438552
59.099294,6,6616.484144
57.967614,5,6616.56168
-8.23046,7,6616.595231
-11.406726,4,6616.644863
-13.552251,3,6616.715984
-7.960771,6,6616.909412
-13.476791,3,6617.05883
59.099294,6,6617.130359
-5.900706,6,6617.266848
59.099294,6,6617.325042
58.181294,6,6617.394167
57.967614,5,6617.550115
-9.742313,7,6617.59127
57.967614,5,6617.831742
57.967614,5,6617.873816
59.099294,6,6617.929882
59.099294,6,6617.985001
-7.21046,7,6618.015985
57.967614,5,6618.184974
57.967614,5,6618.295185
57.967614,5,6618.468988
-5.900706,6,6618.597684
-7.21046,7,6618.66825
57.967614,5,6618.801227
57.574733,5,6618.915575
57.967614,5,6618.949639
58.181294,6,6619.015426
59.099294,6,6619.056974
59.099294,6,6619.132241
-7.21046,7,6619.162294
-11.787044,8,6619.198699
-5.900706,6,6619.330022
59.099294,6,6619.431317
54.216439,4,6619.516953
59.099294,6,6619.547513
-8.407468,5,6619.610655
59.099294,6,6619.639189
59.099294,6,6619.687342
57.967614,5,6619.871682
57.967614,5,6619.943031
-13.740902,3,6619.98513
59.099294,6,6620.036937
58.181294,6,6620.097049
59.099294,6,6620.1571
59.099294,6,6620.212329
57.78954,7,6620.443207
58.510704,6,6620.479095
-12.933004,4,6620.593609
54.216439,4,6620.741505
57.967614,5,6620.823149
54.216439,4,6620.975227
59.099294,6,6621.042302
59.099294,6,6621.102028
57.967614,5,6621.17964
-8.23046,7,6621.214251
59.099294,6,6621.273407
-5.900706,6,6621.449218
57.967614,5,6621.52572
-7.21046,7,6621.575795
59.099294,6,6621.634381
59.099294,6,6621.684193
-13.476791,3,6621.856594
57.78954,7,6622.321986
-7.21046,7,6622.351914
-13.740902,3,6622.39649
-11.199004,4,6622.465953
-14.658902,3,6622.50853
58.436294,6,6622.631313
59.099294,6,6622.688918
59.099294,6,6622.744991
59.099294,6,6622.801078
57.967614,5,6622.875725
57.967614,5,6622.999561
59.099294,6,6623.073246
-11.862004,4,6623.148891
-11.787044,8,6623.177978
57.967614,5,6623.385997
57.78954,7,6623.857327
59.099294,6,6623.95452
59.099294,6,6624.003295
58.181294,6,6624.070985
57.967614,5,6624.143333
57.967614,5,6624.204741
57.967614,5,6624.314894
54.216439,4,6624.462932
57.967614,5,6624.540765
57.967614,5,6624.626892
57.967614,5,6624.736541
57.967614,5,6624.9048
-7.21046,7,6624.9822
57.967614,5,6625.055314
59.099294,6,6625.112379
-11.199004,4,6625.243236
54.216439,4,6625.486738
57.967614,5,6625.667583
-7.425267,5,6625.786234
59.099294,6,6625.838992
59.099294,6,6625.896873
-13.703172,3,6625.937559
59.099294,6,6625.994924
59.099294,6,6626.077648
59.099294,6,6626.131894
57.78954,7,6626.329985
57.967614,5,6626.406117
-14.341712,3,6626.463741
-7.960771,6,6626.530393
57.967614,5,6626.697067
59.099294,6,6626.7311
-7.960771,6,6626.800885
-5.900706,6,6626.87849
57.967614,5,6626.955024
-7.21046,7,6627.070397
58.436294,6,6627.133027
59.099294,6,6627.163592
-7.21046,7,6627.195138
58.181294,6,6627.263344
59.099294,6,6627.304685
51.523209,3,6627.557784
59.099294,6,6627.615892
57.967614,5,6627.66297
-11.406726,4,6627.714062
57.967614,5,6627.791562
57.922114,6,6627.865695
57.967614,5,6627.946368
59.099294,6,6627.985796
56.554733,5,6628.16188
-19.002631,9,6628.197465
-9.325468,5,6628.242054
59.099294,6,6628.282248
57.967614,5,6628.430383
57.967614,5,6628.468954
57.967614,5,6628.550419
59.099294,6,6628.608997
59.099294,6,6628.665968
56.947614,5,6628.776695
58.510704,6,6628.855028
59.099294,6,6628.896586
-11.787044,8,6628.926129
-11.510587,4,6628.972223
58.181294,6,6629.043749
-11.406726,4,6629.100502
59.099294,6,6629.13808
58.181294,6,6629.194944
59.099294,6,6629.253208
57.049614,5,6629.337772
59.099294,6,6629.381341
57.967614,5,6629.535664
-7.032386,5,6629.817247
59.099294,6,6629.880558
57.967614,5,6630.063843
58.181294,6,6630.127211
57.967614,5,6630.166755
57.967614,5,6630.241385
57.967614,5,6630.31919
59.099294,6,6630.361744
57.967614,5,6630.51134
-5.900706,6,6630.583932
56.947614,5,6630.664543
57.967614,5,6630.781915
57.967614,5,6630.861025
-11.787044,8,6630.891207
57.967614,5,6630.966084
59.099294,6,6631.014369
57.181853,5,6631.178951
-12.069726,4,6631.221627
58.181294,6,6631.293231
-10.991283,4,6631.484793
-5.900706,6,6631.603186
58.181294,6,6631.673404
59.099294,6,6631.726995
57.967614,5,6631.844662
-7.21046,7,6631.930306
-11.787044,8,6631.959195
57.967614,5,6632.001257
59.099294,6,6632.069864
59.099294,6,6632.13239
54.216439,4,6632.287315
57.181853,5,6632.462224
59.099294,6,6632.530324
57.967614,5,6632.607823
-7.87346,7,6632.920784
58.181294,6,6632.987961
-7.21046,7,6633.09727
-5.900706,6,6633.234493
59.099294,6,6633.286554
57.78954,7,6633.484989
57.967614,5,6633.671159
58.436294,6,6633.723333
57.967614,5,6633.80947
57.967614,5,6634.007776
54.216439,4,6634.15701
57.967614,5,6634.231322
57.967614,5,6634.351668
-8.407468,5,6634.417262
57.967614,5,6634.607889
59.099294,6,6634.668481
-6.614706,6,6634.706263
59.099294,6,6634.786886
59.099294,6,6634.848495
-8.211028,5,6634.906256
59.099294,6,6634.94981
58.181294,6,6635.009163
57.967614,5,6635.089803
-12.603044,8,6635.123079
59.099294,6,6635.156121
51.523209,3,6635.417893
59.099294,6,6635.478298
57.967614,5,6635.532382
58.181294,6,6635.599889
-8.736147,5,6635.789933
-7.077886,6,6635.983868
57.967614,5,6636.102308
-19.002631,9,6636.132349
-13.703172,3,6636.176437
58.181294,6,6636.232053
57.181853,5,6636.378428
57.967614,5,6636.486954
56.947614,5,6636.543525
-7.21046,7,6636.930246
59.099294,6,6636.997389
59.099294,6,6637.063478
-5.900706,6,6637.208414
-8.211028,5,6637.268584
57.967614,5,6637.428703
57.967614,5,6637.637798
57.967614,5,6637.710511
-5.900706,6,6637.7766
-7.960771,6,6637.853201
-7.21046,7,6638.013876
59.099294,6,6638.074644
-7.21046,7,6638.129232
-11.787044,8,6638.163288
-11.199004,4,6638.222163
57.967614,5,6638.257357
57.066154,7,6638.303935
58.079294,6,6638.364224
55.257687,7,6638.670927
57.967614,5,6638.780803
-5.900706,6,6638.917747
-11.787044,8,6638.948786
57.967614,5,6639.061964
57.967614,5,6639.18368
54.008717,4,6639.318267
57.967614,5,6639.373546
57.967614,5,6639.496088
59.099294,6,6639.546292
-7.21046,7,6639.577512
-7.21046,7,6639.696434
-7.960771,6,6639.75409
-13.740902,3,6639.80215
59.099294,6,6639.853236
58.283294,6,6639.910568
57.967614,5,6640.083197
59.099294,6,6640.152323
59.099294,6,6640.210582
57.967614,5,6640.383707
57.004114,6,6640.588026
59.099294,6,6640.643074
57.967614,5,6640.691159
57.967614,5,6640.853325
58.385294,6,6640.9075
-7.21046,7,6640.971601
59.099294,6,6641.030689
-11.787044,8,6641.059729
57.967614,5,6641.233108
-14.658902,3,6641.275894
57.967614,5,6641.347681
57.967614,5,6641.430312
59.099294,6,6641.473375
-7.21046,7,6641.510947
59.099294,6,6641.580817
57.78954,7,6642.013342
-7.21046,7,6642.11049
57.967614,5,6642.220576
57.967614,5,6642.37941
59.099294,6,6642.443163
-5.900706,6,6642.48211
59.099294,6,6642.538207
59.099294,6,6642.653708
59.099294,6,6642.70166
57.967614,5,6642.945127
57.967614,5,6643.053306
57.967614,5,6643.211833
57.253614,5,6643.284176
59.099294,6,6643.346284
57.967614,5,6643.469473
59.099294,6,6643.514503
57.574733,5,6643.689308
57.967614,5,6643.767627
59.099294,6,6643.825722
57.967614,5,6643.897884
59.099294,6,6643.953572
-7.960771,6,6644.012543
57.967614,5,6644.118225
-13.476791,3,6644.278166
59.099294,6,6644.321729
57.967614,5,6644.568617
58.181294,6,6644.636235
59.099294,6,6644.73839
-7.21046,7,6644.769404
57.967614,5,6644.850344
-11.787044,8,6644.88038
57.967614,5,6644.951081
57.967614,5,6645.133506
57.967614,5,6645.29629
59.099294,6,6645.33233
57.574733,5,6645.530189
57.967614,5,6645.601351
58.181294,6,6645.671243
-5.900706,6,6645.790211
57.967614,5,6645.912061
59.099294,6,6645.975203
57.78954,7,6646.421485
59.099294,6,6646.484736
59.099294,6,6646.543341
57.967614,5,6646.630297
58.181294,6,6646.686698
59.099294,6,6646.729748
54.216439,4,6646.877034
57.967614,5,6646.957739
-13.627712,3,6647.004336
57.967614,5,6647.181382
58.181294,6,6647.261697
-7.21046,7,6647.351813
58.181294,6,6647.410413
57.967614,5,6647.532337
59.099294,6,6647.592221
59.099294,6,6647.624069
-5.900706,6,6647.753381
54.216439,4,6647.98839
59.099294,6,6648.051495
54.008717,4,6648.339466
58.181294,6,6648.40456
-6.920706,6,6648.453129
57.967614,5,6648.565997
57.967614,5,6648.669563
-11.909283,4,6648.721638
57.967614,5,6648.838016
-7.21046,7,6648.914052
59.099294,6,6648.975399
59.099294,6,6649.044605
59.099294,6,6649.105282
59.099294,6,6649.164884
59.099294,6,6649.215487
-14.621172,3,6649.261067
-10.991283,4,6649.469671
57.967614,5,6649.524782
59.099294,6,6649.589996
-7.21046,7,6649.643678
57.967614,5,6649.749383
-7.666476,6,6649.93417
57.967614,5,6650.049612
-13.552251,3,6650.096942
57.967614,5,6650.335606
59.099294,6,6650.375718
57.967614,5,6650.560838
-6.920706,6,6650.678861
-5.900706,6,6650.749067
58.181294,6,6650.816967
59.099294,6,6650.857168
57.967614,5,6651.021851
59.099294,6,6651.069536
57.263294,6,6651.138108
-13.476791,3,6651.200652
58.283294,6,6651.268479
57.967614,5,6651.305164
58.436294,6,6651.338204
59.099294,6,6651.436973
-13.627712,3,6651.497324
57.967614,5,6651.651677
58.385294,6,6651.724152
-11.787044,8,6651.75571
-7.21046,7,6651.808612
59.099294,6,6651.875656
59.099294,6,6651.940873
57.967614,5,6652.11066
57.518294,6,6652.16679
57.967614,5,6652.277262
-11.787044,8,6652.307033
57.967614,5,6652.38013
59.099294,6,6652.420313
-5.900706,6,6652.482298
59.099294,6,6652.518395
57.967614,5,6652.648009
-7.21046,7,6652.710761
59.099294,6,6652.78166
59.099294,6,6652.841381
-13.703172,3,6652.879071
57.967614,5,6652.957703
57.967614,5,6653.04055
57.967614,5,6653.203526
57.967614,5,6653.27144
59.099294,6,6653.305804
-10.991283,4,6653.394188
54.216439,4,6653.642473
-8.02646,7,6653.674294
59.099294,6,6653.731488
59.099294,6,6653.778075
57.967614,5,6653.853781
-6.818706,6,6654.01763
-7.21046,7,6654.220378
57.967614,5,6654.380122
-5.900706,6,6654.49848
59.099294,6,6654.557069
57.967614,5,6654.635239
57.967614,5,6654.757727
-7.21046,7,6654.942517
57.967614,5,6655.056379
-11.787044,8,6655.090915
-19.002631,9,6655.120788
-5.900706,6,6655.25108
54.216439,4,6655.420668
59.099294,6,6655.463233
57.967614,5,6655.626369
59.099294,6,6655.689133
59.099294,6,6655.74184
57.967614,5,6655.797273
-7.21046,7,6655.835839
57.967614,5,6655.942483
54.008717,4,6656.177796
57.967614,5,6656.251913
57.967614,5,6656.300082
-11.510587,4,6656.341665
57.967614,5,6656.449318
59.099294,6,6656.509481
57.967614,5,6656.558205
-7.21046,7,6656.626035
-13.476791,3,6656.687707
-7.21046,7,6656.717754
59.099294,6,6656.762315
57.78954,7,6656.979666
-11.406726,4,6657.044304
-7.818147,5,6657.219037
57.78954,7,6657.436197
58.436294,6,6657.474297
58.181294,6,6657.540196
57.78954,7,6658.005099
-5.900706,6,6658.041654
59.099294,6,6658.088785
-7.21046,7,6658.204571
59.099294,6,6658.264146
-7.818147,5,6658.304227
59.099294,6,6658.42002
59.099294,6,6658.470595
58.181294,6,6658.538737
-7.21046,7,6658.892026
57.78954,7,6659.3247
-5.900706,6,6659.461351
59.099294,6,6659.494564
-6.489296,6,6659.546857
57.967614,5,6659.629382
54.216439,4,6659.776273
-7.21046,7,6659.812026
59.099294,6,6659.842075
-5.900706,6,6659.962522
57.967614,5,6660.153394
57.967614,5,6660.233797
59.099294,6,6660.272506
58.181294,6,6660.331513
-5.900706,6,6660.365203
57.967614,5,6660.494569
57.967614,5,6660.618351
57.967614,5,6660.771269
58.181294,6,6660.842617
57.967614,5,6660.925356
57.967614,5,6661.001713
57.967614,5,6661.115903
53.400439,4,6661.178918
-7.21046,7,6661.601814
59.099294,6,6661.672509
58.181294,6,6661.728665
57.967614,5,6661.888151
57.967614,5,6662.012598
59.099294,6,6662.110804
57.967614,5,6662.159938
-5.900706,6,6662.308616
-5.900706,6,6662.361543
59.099294,6,6662.420143
57.78954,7,6662.469234
57.967614,5,6662.551808
59.099294,6,6662.654202
57.967614,5,6662.855435
-11.787044,8,6662.884507
58.181294,6,6662.951142
58.436294,6,6663.053469
-7.21046,7,6663.197068
57.967614,5,6663.27564
-13.703172,3,6663.31489
-7.21046,7,6663.392344
-19.002631,9,6663.421447
57.967614,5,6663.505545
59.099294,6,6663.561446
57.967614,5,6663.644784
-5.900706,6,6663.765877
-7.21046,7,6663.806926
57.967614,5,6663.920736
57.967614,5,6664.096874
-7.21046,7,6664.194435
59.099294,6,6664.258413
-6.489296,6,6664.33502
59.099294,6,6664.38223
-14.572251,3,6664.445936
-7.818147,5,6664.52336
-7.960771,6,6664.569403
59.099294,6,6664.671721
57.967614,5,6664.841178
57.967614,5,6665.023297
59.099294,6,6665.068889
56.947614,5,6665.180598
57.967614,5,6665.289994
57.967614,5,6665.373919
57.967614,5,6665.450059
57.967614,5,6665.64916
-11.787044,8,6665.707485
-7.21046,7,6665.770638
-8.736147,5,6665.815209
57.967614,5,6665.886383
-12.705044,8,6665.916412
-7.21046,7,6665.948287
59.099294,6,6665.998878
-6.614706,6,6666.032471
58.079294,6,6666.131596
57.967614,5,6666.324756
59.099294,6,6666.36736
57.78954,7,6666.587559
57.967614,5,6666.659267
59.099294,6,6666.722002
59.099294,6,6666.806427
59.099294,6,6666.865994
59.099294,6,6666.899067
-7.21046,7,6666.991696
59.099294,6,6667.041727
-12.224587,4,6667.081125
59.099294,6,6667.198858
57.967614,5,6667.445749
57.78954,7,6667.665501
58.181294,6,6667.722125
59.099294,6,6667.773685
-11.787044,8,6667.805613
59.099294,6,6667.873642
57.78954,7,6668.075746
-8.407468,5,6668.12936
59.099294,6,6668.171167
59.099294,6,6668.216485
57.049614,5,6668.256063
57.967614,5,6668.338432
-7.21046,7,6668.423416
59.099294,6,6668.482474
58.181294,6,6668.543311
57.967614,5,6668.751888
59.099294,6,6668.81486
59.099294,6,6668.916053
57.304614,5,6669.073653
57.574733,5,6669.184728
-13.476791,3,6669.371886
58.181294,6,6669.427606
59.099294,6,6669.524008
-7.21046,7,6669.607951
-7.21046,7,6669.703464
59.099294,6,6669.78452
57.967614,5,6669.818603
57.78954,7,6670.040786
-7.21046,7,6670.15557
-13.627712,3,6670.21338
54.216439,4,6670.45674
59.099294,6,6670.513386
59.099294,6,6670.553683
57.967614,5,6670.722095
-11.787044,8,6670.753341
57.78954,7,6670.806444
58.181294,6,6670.863736
59.099294,6,6670.962602
-11.787044,8,6670.992229
57.967614,5,6671.183642
-8.211028,5,6671.255985
59.099294,6,6671.303564
59.099294,6,6671.362167
-5.900706,6,6671.427572
59.099294,6,6671.496583
59.099294,6,6671.5439
-7.818147,5,6671.72993
59.099294,6,6671.829763
-13.703172,3,6671.870036
-7.21046,7,6672.010528
59.099294,6,6672.048379
-7.21046,7,6672.083514
-5.900706,6,6672.206277
59.099294,6,6672.255914
58.181294,6,6672.325861
57.967614,5,6672.408721
-7.21046,7,6672.469527
59.099294,6,6672.538027
57.467294,6,6672.603579
57.78954,7,6672.681004
59.099294,6,6672.815468
58.181294,6,6672.912697
59.099294,6,6672.98122
-7.21046,7,6673.142287
59.099294,6,6673.207553
59.099294,6,6673.27262
55.61938,7,6673.450944
59.099294,6,6673.497232
-13.740902,3,6673.543808
-11.406726,4,6673.609157
-14.621172,3,6673.655149
-19.002631,9,6673.688852
-8.211028,5,6673.783596
57.78954,7,6673.825001
59.099294,6,6673.882184
-7.21046,7,6673.916748
57.967614,5,6674.027671
58.181294,6,6674.09784
-8.211028,5,6674.169921
57.967614,5,6674.306529
59.099294,6,6674.37109
59.099294,6,6674.426846
-11.787044,8,6674.469961
57.07554,7,6674.54886
57.967614,5,6674.680333
-13.627712,3,6674.743454
57.78954,7,6675.322211
57.304614,5,6675.421574
59.099294,6,6675.48384
-7.032386,5,6675.82734
59.099294,6,6675.865499
59.099294,6,6675.931285
58.181294,6,6676.002735
59.099294,6,6676.039889
56.947614,5,6676.124044
59.099294,6,6676.183603
59.099294,6,6676.22547
57.967614,5,6676.273765
59.099294,6,6676.34253
-7.21046,7,6676.391429
-8.584476,6,6676.59592
-7.21046,7,6676.647916
58.385294,6,6676.717554
59.099294,6,6676.753614
59.099294,6,6676.810825
-7.21046,7,6676.864935
59.099294,6,6676.902778
58.181294,6,6676.962204
58.181294,6,6677.030942
51.523209,3,6677.159424
58.181294,6,6677.232872
58.181294,6,6677.318995
59.099294,6,6677.386171
-7.21046,7,6677.424148
-7.746386,5,6677.766668
57.967614,5,6677.863421
-11.787044,8,6677.894132
-7.87346,7,6677.945704
55.61938,7,6678.022242
57.066154,7,6678.068883
57.967614,5,6678.229795
57.78954,7,6678.493798
57.967614,5,6678.677254
-5.900706,6,6678.810805
-7.032386,5,6679.217349
57.967614,5,6679.401867
-11.787044,8,6679.439769
-7.21046,7,6679.591954
59.099294,6,6679.650958
59.099294,6,6679.708583
-19.002631,9,6679.740155
57.922114,6,6679.807292
57.333524,6,6680.07819
-7.21046,7,6680.119947
59.099294,6,6680.190107
57.967614,5,6680.281676
57.967614,5,6680.374768
-13.552251,3,6680.459971
-8.02646,7,6680.574927
59.099294,6,6680.623615
-5.900706,6,6680.740044
-11.406726,4,6680.799983
57.922114,6,6681.0486
-7.21046,7,6681.103878
57.967614,5,6681.27274
59.099294,6,6681.310327
-13.627712,3,6681.37649
59.099294,6,6681.44598
57.967614,5,6681.579423
-19.002631,9,6681.609492
-5.900706,6,6681.66207
57.78954,7,6681.739912
-11.510587,4,6681.887105
57.967614,5,6681.973837
59.099294,6,6682.038343
51.002059,8,6682.242913
59.099294,6,6682.293607
54.216439,4,6682.407073
59.099294,6,6682.455381
58.283294,6,6682.501315
57.967614,5,6682.57952
-19.002631,9,6682.610118
-8.211028,5,6682.807756
59.099294,6,6682.930353
-7.21046,7,6682.966075
-5.900706,6,6683.086762
-7.21046,7,6683.156754
-6.818706,6,6683.522607
59.099294,6,6683.58796
58.181294,6,6683.626538
-9.742313,7,6683.670155
-13.740902,3,6683.712219
58.181294,6,6683.768919
57.967614,5,6683.884072
59.099294,6,6683.942329
-5.900706,6,6684.076938
-5.900706,6,6684.163878
57.78954,7,6684.375572
57.967614,5,6684.570738
57.490704,6,6684.711033
58.385294,6,6684.772007
-7.21046,7,6684.810059
-7.21046,7,6684.867705
57.78954,7,6685.082661
59.099294,6,6685.13934
-19.002631,9,6685.169895
56.947614,5,6685.259537
-8.211028,5,6685.462488
57.574733,5,6685.632426
-7.21046,7,6685.82544
-5.900706,6,6685.95783
59.099294,6,6686.014601
57.967614,5,6686.169236
59.099294,6,6686.234993
-7.21046,7,6686.288591
-7.21046,7,6686.348773
59.099294,6,6686.395348
57.967614,5,6686.475288
57.967614,5,6686.604617
57.967614,5,6686.681983
58.181294,6,6686.754204
57.967614,5,6686.863589
59.099294,6,6686.921158
57.967614,5,6687.005293
57.78954,7,6687.220755
57.967614,5,6687.339299
57.967614,5,6687.521019
-5.900706,6,6687.641402
-7.21046,7,6687.693677
59.099294,6,6687.758408
57.967614,5,6687.935196
57.967614,5,6688.011434
57.263294,6,6688.068684
59.099294,6,6688.114779
57.967614,5,6688.274975
-12.173587,4,6688.315633
57.967614,5,6688.397609
57.78954,7,6688.452692
-5.900706,6,6688.585763
57.049614,5,6688.703832
57.967614,5,6688.782363
59.099294,6,6688.836701
57.967614,5,6688.922847
59.099294,6,6689.041331
-7.21046,7,6689.079387
59.099294,6,6689.144364
-19.002631,9,6689.1739
57.967614,5,6689.336091
57.967614,5,6689.444268
-7.87346,7,6689.593814
57.967614,5,6689.632439
58.385294,6,6689.662427
-7.21046,7,6689.776061
59.099294,6,6689.832207
-7.21046,7,6689.884957
57.967614,5,6690.06105
-5.900706,6,6690.094084
57.78954,7,6690.586321
59.099294,6,6690.689515
-7.21046,7,6690.743652
-11.787044,8,6690.773704
-5.900706,6,6690.93465
59.099294,6,6691.012273
57.967614,5,6691.09564
57.967614,5,6691.145462
-5.900706,6,6691.185958
-7.21046,7,6691.239026
-7.21046,7,6691.287582
57.967614,5,6691.396523
57.967614,5,6691.514482
-7.21046,7,6691.544663
59.099294,6,6691.59131
59.099294,6,6691.703768
57.967614,5,6691.760854
57.967614,5,6691.890753
59.099294,6,6691.995286
57.967614,5,6692.070338
-7.666476,6,6692.258946
-7.21046,7,6692.319051
-7.21046,7,6692.415911
-7.21046,7,6692.455
-11.510587,4,6692.495649
59.099294,6,6692.551285
-7.21046,7,6692.665692
59.099294,6,6692.721208
58.283294,6,6692.765774
-5.900706,6,6692.895687
57.78954,7,6693.341559
59.099294,6,6693.404873
59.099294,6,6693.457937
59.099294,6,6693.50251
57.967614,5,6693.578824
56.860733,5,6693.687931
-7.21046,7,6693.761594
-7.21046,7,6693.829117
59.099294,6,6693.884213
57.967614,5,6693.997093
-7.21046,7,6694.034757
-8.23046,7,6694.139163
57.967614,5,6694.219812
57.181853,5,6694.439188
-7.21046,7,6694.491455
57.967614,5,6694.624858
-7.21046,7,6695.107821
59.099294,6,6695.150397
59.099294,6,6695.203571
-6.716706,6,6695.34962
57.967614,5,6695.425429
57.78954,7,6695.636884
-9.223468,5,6695.695472
-7.21046,7,6695.756083
59.099294,6,6695.800649
-11.787044,8,6695.829689
-11.787044,8,6695.860759
-11.787044,8,6695.930854
59.099294,6,6696.001231
-11.787044,8,6696.030772
57.151614,5,6696.11159
57.967614,5,6696.278526
54.216439,4,6696.345639
58.181294,6,6696.415292
-7.21046,7,6696.586814
59.099294,6,6696.706624
-19.002631,9,6696.742175
58.181294,6,6696.781412
59.099294,6,6696.845615
59.099294,6,6696.91824
59.099294,6,6696.956646
-14.394791,3,6697.138222
59.099294,6,6697.254841
57.967614,5,6697.329475
59.099294,6,6697.386178
59.099294,6,6697.450557
57.78954,7,6697.492619
-7.21046,7,6697.659853
59.099294,6,6697.722441
59.099294,6,6697.762527
57.967614,5,6697.83662
57.967614,5,6698.019448
58.181294,6,6698.076037
57.967614,5,6698.243939
-7.666476,6,6698.287994
59.099294,6,6698.332
-5.900706,6,6698.480111
-7.21046,7,6698.515697
-5.900706,6,6698.620736
59.099294,6,6698.691157
-7.666476,6,6698.730237
-7.21046,7,6698.800381
57.967614,5,6698.889305
58.181294,6,6698.95045
57.967614,5,6699.139807
59.099294,6,6699.193898
57.967614,5,6699.229208
59.099294,6,6699.261781
-9.231028,5,6699.3247
-11.787044,8,6699.361267
-5.900706,6,6699.395391
59.099294,6,6699.471996
57.967614,5,6699.629289
59.099294,6,6699.669881
57.592704,6,6699.752338
57.151614,5,6699.848574
57.967614,5,6699.925702
57.967614,5,6699.998332
59.099294,6,6700.112287
59.099294,6,6700.174397
-11.510587,4,6700.224458
57.967614,5,6700.434464
-7.960771,6,6700.641
-7.21046,7,6700.783861
-11.510587,4,6700.826569
-7.21046,7,6701.016136
59.099294,6,6701.050559
57.967614,5,6701.135865
57.574733,5,6701.299186
59.099294,6,6701.364006
-6.920706,6,6701.427127
-5.900706,6,6701.549476
57.967614,5,6701.62259
58.181294,6,6701.692688
59.099294,6,6701.753906
57.78954,7,6701.792973
-7.21046,7,6701.831062
59.099294,6,6701.891511
57.967614,5,6701.971137
56.284614,5,6702.083055
-13.703172,3,6702.132133
57.78954,7,6702.206346
59.099294,6,6702.266942
-7.960771,6,6702.335637
59.099294,6,6702.395245
59.099294,6,6702.454848
59.099294,6,6702.500438
59.099294,6,6702.545282
-7.032386,5,6702.920923
57.967614,5,6703.088958
57.78954,7,6703.292873
57.967614,5,6703.458471
-19.002631,9,6703.488002
-7.21046,7,6703.520697
-7.21046,7,6703.67889
57.967614,5,6703.78955
57.967614,5,6703.896241
-7.032386,5,6704.272148
59.099294,6,6704.374019
59.099294,6,6704.42861
-7.21046,7,6704.485693
57.967614,5,6704.567341
58.283294,6,6704.659849
57.967614,5,6704.743515
-11.787044,8,6704.838073
57.967614,5,6704.924254
59.099294,6,6704.979955
-7.818147,5,6705.204789
59.099294,6,6705.268922
-7.21046,7,6705.42538
58.181294,6,6705.4847
57.967614,5,6705.672234
57.78954,7,6705.704824
57.967614,5,6705.866544
58.079294,6,6705.933681
59.099294,6,6705.991431
-7.21046,7,6706.105593
57.78954,7,6706.179346
57.967614,5,6706.262003
-7.92446,7,6706.318103
59.099294,6,6706.385226
-7.21046,7,6706.416175
-7.21046,7,6706.624756
59.099294,6,6706.689043
59.099294,6,6706.729595
58.181294,6,6706.799568
59.099294,6,6706.918095
-8.211028,5,6707.112288
-8.211028,5,6707.157936
-13.627712,3,6707.33902
59.099294,6,6707.408911
-7.21046,7,6707.461906
59.099294,6,6707.538896
59.099294,6,6707.655737
57.967614,5,6707.81856
58.510704,6,6707.874149
59.099294,6,6707.93503
59.099294,6,6707.991888
57.967614,5,6708.0685
57.78954,7,6708.141383
-7.21046,7,6708.199398
-7.666476,6,6708.395541
-5.900706,6,6708.543963
59.099294,6,6708.598674
-11.787044,8,6708.634898
-13.344726,4,6708.690994
59.099294,6,6708.790631
-7.21046,7,6708.938415
59.099294,6,6708.979727
-13.627712,3,6709.026328
-7.21046,7,6709.062898
58.181294,6,6709.12762
-7.21046,7,6709.202693
57.967614,5,6709.311889
59.099294,6,6709.360542
57.967614,5,6709.548125
-11.510587,4,6709.58635
59.099294,6,6709.654479
57.967614,5,6709.744284
-11.787044,8,6710.099401
57.78954,7,6710.155146
57.967614,5,6710.336371
56.342767,7,6710.56648
57.967614,5,6710.679326
-12.501044,8,6710.715688
-5.900706,6,6710.822864
59.099294,6,6710.866575
-5.900706,6,6710.974743
57.967614,5,6711.057263
-27.014641,10,6711.091315
58.181294,6,6711.154721
57.967614,5,6711.318031
57.967614,5,6711.401903
-6.614706,6,6711.479203
57.967614,5,6711.561558
57.967614,5,6711.63932
59.099294,6,6711.715087
-7.21046,7,6711.973892
57.967614,5,6712.054207
-13.703172,3,6712.098861
59.099294,6,6712.160069
-7.666476,6,6712.377671
59.099294,6,6712.41375
59.099294,6,6712.480383
59.099294,6,6712.527183
57.78954,7,6712.599547
-11.406726,4,6712.66482
-13.627712,3,6712.721272
59.099294,6,6712.822241
59.099294,6,6712.972027
59.099294,6,6713.040164
-8.407468,5,6713.099235
-11.787044,8,6713.201583
59.099294,6,6713.241049
56.947614,5,6713.281162
57.78954,7,6713.355275
59.099294,6,6713.422408
59.099294,6,6713.490528
57.967614,5,6713.582095
57.967614,5,6713.738593
57.967614,5,6713.868047
56.76954,7,6713.904592
59.099294,6,6713.958258
-5.900706,6,6714.07949
57.78954,7,6714.155715
56.947614,5,6714.233825
58.436294,6,6714.305042
59.099294,6,6714.354145
-19.002631,9,6714.388324
-19.002631,9,6714.417885
-7.21046,7,6714.659054
57.967614,5,6714.825994
59.099294,6,6714.877556
58.181294,6,6714.938716
57.967614,5,6715.046318
57.78954,7,6715.10042
59.099294,6,6715.162795
57.967614,5,6715.231926
57.967614,5,6715.411138
-11.787044,8,6715.441177
57.004114,6,6715.526701
-5.900706,6,6715.611245
59.099294,6,6715.678431
57.967614,5,6715.863855
-7.21046,7,6716.034166
59.099294,6,6716.078595
-19.002631,9,6716.108639
-11.787044,8,6716.146275
59.099294,6,6716.267568
59.099294,6,6716.309135
57.967614,5,6716.478888
-7.995886,6,6716.557865
54.216439,4,6716.615947
57.967614,5,6716.73237
57.78954,7,6716.805415
59.099294,6,6716.865515
59.099294,6,6716.924124
59.099294,6,6716.993082
59.099294,6,6717.058724
57.967614,5,6717.17085
59.099294,6,6717.199954
59.099294,6,6717.253074
59.099294,6,6717.308773
-13.476791,3,6717.506946
59.099294,6,6717.555029
57.967614,5,6717.736052
59.099294,6,6717.776733
-7.21046,7,6717.829822
57.967614,5,6717.910038
-5.900706,6,6718.017328
-13.627712,3,6718.072285
57.967614,5,6718.154048
-10.991283,4,6718.354195
-5.900706,6,6718.51235
-5.900706,6,6718.645175
59.099294,6,6718.717233
-7.818147,5,6718.902473
59.099294,6,6718.950044
57.967614,5,6719.111594
57.967614,5,6719.161708
-11.787044,8,6719.191739
57.967614,5,6719.302381
-27.014641,10,6719.33894
-13.627712,3,6719.381737
59.099294,6,6719.436404
54.216439,4,6719.595339
57.967614,5,6719.672142
57.78954,7,6720.102113
59.099294,6,6720.169084
59.099294,6,6720.227321
-5.900706,6,6720.336856
-5.900706,6,6720.473112
59.099294,6,6720.543806
-7.21046,7,6720.578412
59.099294,6,6720.630519
-19.002631,9,6720.660079
-19.002631,9,6720.68963
-6.818706,6,6720.938534
-11.406726,4,6720.98112
-7.21046,7,6721.016636
57.967614,5,6721.181114
59.099294,6,6721.23772
59.099294,6,6721.295503
59.099294,6,6721.358675
57.967614,5,6721.516469
59.099294,6,6721.569634
-27.014641,10,6721.602179
59.099294,6,6721.644225
55.61938,7,6721.718362
-11.199004,4,6721.908319
57.78954,7,6721.950016
57.78954,7,6722.383036
-19.002631,9,6722.418092
59.099294,6,6722.45944
57.78954,7,6722.536621
59.099294,6,6722.59223
57.78954,7,6722.667871
-7.21046,7,6722.739973
-14.139791,3,6722.801421
57.967614,5,6722.885765
-11.406726,4,6722.942854
57.967614,5,6723.050965
-11.787044,8,6723.084577
57.967614,5,6723.157596
57.967614,5,6723.335326
-19.002631,9,6723.364354
-11.787044,8,6723.446991
35.869685,10,6723.567591
59.099294,6,6723.610652
-7.21046,7,6723.646722
57.12654,7,6723.718801
59.099294,6,6723.785599
-7.21046,7,6723.819662
-19.002631,9,6723.854292
-19.002631,9,6723.885542
59.099294,6,6723.953978
57.922114,6,6724.037124
59.099294,6,6724.080656
59.099294,6,6724.132662
-19.002631,9,6724.162898
57.967614,5,6724.24621
57.967614,5,6724.367255
59.099294,6,6724.421874
58.181294,6,6724.477264
58.181294,6,6724.538846
59.099294,6,6724.583087
-13.476791,3,6724.644707
57.967614,5,6724.803826
57.967614,5,6724.960169
57.967614,5,6725.117214
55.257687,7,6725.237512
-7.21046,7,6725.357027
57.967614,5,6725.464779
59.099294,6,6725.524869
56.947614,5,6725.61053
59.099294,6,6725.678365
57.967614,5,6725.760121
-19.002631,9,6725.790354
-7.818147,5,6725.978307
56.76954,7,6726.41918
57.967614,5,6726.544183
57.967614,5,6726.62271
58.181294,6,6726.682112
-7.21046,7,6726.721843
59.099294,6,6726.78745
-13.476791,3,6726.895851
-11.787044,8,6726.930411
57.967614,5,6727.045853
57.967614,5,6727.215924
-13.627712,3,6727.259503
-7.21046,7,6727.42203
57.967614,5,6727.663991
57.967614,5,6727.772357
57.967614,5,6727.870492
-27.014641,10,6727.900536
-7.666476,6,6727.949603
59.099294,6,6727.980176
57.78954,7,6728.464317
57.78954,7,6728.667001
-11.787044,8,6728.73262
56.947614,5,6728.797713
-11.787044,8,6728.846807
57.967614,5,6729.004622
-7.995886,6,6729.19343
57.78954,7,6729.442856
57.967614,5,6729.616516
-7.21046,7,6729.777584
57.78954,7,6729.831288
57.967614,5,6729.992569
-7.960771,6,6730.098989
-13.740902,3,6730.138321
59.099294,6,6730.196532
-19.002631,9,6730.234086
-19.002631,9,6730.264627
-8.02646,7,6730.606641
59.099294,6,6730.656238
-11.406726,4,6730.706466
-7.933846,7,6730.763082
-13.740902,3,6730.805188
57.967614,5,6730.884303
-11.787044,8,6730.953939
-5.900706,6,6731.025091
-11.787044,8,6731.056667
57.78954,7,6731.106451
59.099294,6,6731.151126
57.78954,7,6731.397625
58.181294,6,6731.468774
59.099294,6,6731.531973
59.099294,6,6731.577693
59.099294,6,6731.650805
56.342767,7,6731.827092
-7.21046,7,6732.283159
-7.21046,7,6732.766733
57.78954,7,6732.964238
58.079294,6,6733.043077
-7.21046,7,6733.074143
58.181294,6,6733.144718
57.967614,5,6733.224411
57.967614,5,6733.307779
-11.787044,8,6733.459388
59.099294,6,6733.521383
57.78954,7,6733.992814
57.967614,5,6734.107315
57.967614,5,6734.281772
59.099294,6,6734.319819
-7.21046,7,6734.379693
-11.787044,8,6734.526799
58.385294,6,6734.569352
58.181294,6,6734.636853
-7.21046,7,6734.785204
59.099294,6,6734.854937
59.099294,6,6734.894562
59.099294,6,6734.965194
-7.21046,7,6735.127975
-13.627712,3,6735.169564
58.181294,6,6735.216185
-13.703172,3,6735.262341
-11.787044,8,6735.294978
59.099294,6,6735.357465
57.967614,5,6735.472227
59.099294,6,6735.530831
-14.470251,3,6735.601658
-5.900706,6,6735.710363
59.099294,6,6735.78047
-27.014641,10,6735.815528
59.099294,6,6735.850642
-11.199004,4,6735.981852
57.967614,5,6736.092782
59.099294,6,6736.248859
-14.723172,3,6736.291149
-7.21046,7,6736.372067
-7.21046,7,6736.875292
56.342767,7,6737.031583
-8.12846,7,6737.060126
57.967614,5,6737.142523
59.099294,6,6737.202742
-14.545712,3,6737.256435
-19.002631,9,6737.289045
-5.900706,6,6737.350646
59.099294,6,6737.386189
57.967614,5,6737.587389
-5.900706,6,6737.727508
59.099294,6,6737.827936
57.967614,5,6737.908821
-7.92446,7,6737.944865
57.967614,5,6738.057482
-11.406726,4,6738.112587
59.099294,6,6738.158159
58.181294,6,6738.225691
-7.21046,7,6738.307341
59.099294,6,6738.361413
54.216439,4,6738.607405
-7.21046,7,6738.691395
59.099294,6,6738.748591
57.967614,5,6738.831445
59.099294,6,6738.897604
-11.406726,4,6738.956335
-7.21046,7,6739.02422
59.099294,6,6739.086426
57.967614,5,6739.264834
59.099294,6,6739.364077
57.967614,5,6739.442326
59.099294,6,6739.502807
-5.900706,6,6739.578063
57.967614,5,6739.74894
-7.21046,7,6739.789647
57.967614,5,6739.906399
59.099294,6,6739.946494
59.099294,6,6739.987381
57.78954,7,6740.060826
57.967614,5,6740.141966
57.967614,5,6740.250679
-6.818706,6,6740.633229
-7.818147,5,6740.710398
-10.991283,4,6740.89777
57.967614,5,6741.051778
59.099294,6,6741.152768
57.049614,5,6741.244759
59.099294,6,6741.355572
59.099294,6,6741.415712
-11.787044,8,6741.448945
59.099294,6,6741.511612
59.099294,6,6741.576238
-13.703172,3,6741.630344
59.099294,6,6741.73905
57.066154,7,6741.807295
57.967614,5,6741.968214
57.569294,6,6742.036907
57.967614,5,6742.226459
59.099294,6,6742.308125
59.099294,6,6742.356238
57.78954,7,6742.587265
-13.552251,3,6742.780878
53.29844,4,6742.834455
57.78954,7,6742.885014
59.099294,6,6742.940624
59.099294,6,6742.995751
59.099294,6,6743.055027
59.099294,6,6743.110835
57.967614,5,6743.31576
-8.407468,5,6743.373213
-11.199004,4,6743.438907
-8.736147,5,6743.622917
-19.625469,9,6743.685408
57.967614,5,6743.84697
57.967614,5,6743.917568
-11.787044,8,6743.981744
-6.818706,6,6744.14068
59.099294,6,6744.170762
57.967614,5,6744.337061
57.967614,5,6744.546646
58.510704,6,6744.727092
57.967614,5,6744.938509
57.78954,7,6745.141511
57.304614,5,6745.298308
59.099294,6,6745.357367
59.099294,6,6745.401366
-7.666476,6,6745.478348
-7.21046,7,6745.653465
58.181294,6,6745.713147
-11.787044,8,6745.744849
59.099294,6,6745.804265
58.436294,6,6745.860186
59.099294,6,6745.958843
57.049614,5,6746.034669
57.967614,5,6746.198694
57.967614,5,6746.284548
-7.21046,7,6746.398348
57.967614,5,6746.55195
36.469073,10,6746.698786
57.967614,5,6746.808976
58.181294,6,6746.84954
59.099294,6,6746.90516
59.099294,6,6746.944715
59.099294,6,6747.045862
57.967614,5,6747.291764
-11.787044,8,6747.32582
-8.211028,5,6747.382224
-19.002631,9,6747.413274
-10.991283,4,6747.587616
-11.787044,8,6747.618295
57.78954,7,6747.66788
-7.960771,6,6747.815315
59.099294,6,6747.87514
58.181294,6,6747.93271
59.099294,6,6748.00098
-11.787044,8,6748.088389
59.099294,6,6748.131939
59.099294,6,6748.197592
57.78954,7,6748.398902
-5.900706,6,6748.505317
-14.760902,3,6748.54539
51.523209,3,6748.763301
-13.552251,3,6748.844379
57.967614,5,6749.00275
59.099294,6,6749.067333
-7.21046,7,6749.10434
58.436294,6,6749.174523
-7.21046,7,6749.259573
57.967614,5,6749.37505
59.099294,6,6749.460024
57.574733,5,6749.548286
57.151614,5,6749.664275
54.008717,4,6749.973458
-12.224587,4,6750.027047
57.574733,5,6750.202446
57.967614,5,6750.32109
58.181294,6,6750.392323
57.07554,7,6750.430646
59.099294,6,6750.559827
-7.21046,7,6750.709709
59.099294,6,6750.784976
-7.21046,7,6750.839222
-7.032386,5,6750.89033
-10.991283,4,6750.992374
-5.900706,6,6751.305435
57.78954,7,6751.400673
-11.787044,8,6751.443282
-19.002631,9,6751.495095
58.079294,6,6751.52812
57.967614,5,6751.632798
-11.787044,8,6751.667839
57.967614,5,6751.896012
59.099294,6,6751.956591
59.099294,6,6752.027813
59.099294,6,6752.120031
57.967614,5,6752.24866
-28.034641,10,6752.287244
57.967614,5,6752.416521
56.342767,7,6752.491008
57.967614,5,6752.578327
51.447749,3,6752.816912
57.967614,5,6752.925166
-7.21046,7,6753.080431
59.099294,6,6753.118696
59.099294,6,6753.149235
57.78954,7,6753.204325
58.181294,6,6753.285153
57.967614,5,6753.437366
59.099294,6,6753.504928
59.099294,6,6753.550564
-27.014641,10,6753.596617
-11.787044,8,6753.657229
59.099294,6,6753.741349
-19.002631,9,6753.772392
57.78954,7,6753.971538
-13.740902,3,6754.010643
58.181294,6,6754.076774
-11.199004,4,6754.219702
-13.703172,3,6754.256739
59.099294,6,6754.300548
58.385294,6,6754.329576
59.099294,6,6754.35985
57.304614,5,6754.435512
-8.407468,5,6754.50792
-19.002631,9,6754.549998
-7.21046,7,6754.620985
-5.900706,6,6754.769445
-19.002631,9,6754.808108
-19.002631,9,6754.841669
51.447749,3,6755.093083
58.283294,6,6755.136178
59.099294,6,6755.191792
58.510704,6,6755.382353
-7.21046,7,6755.414945
59.099294,6,6755.474636
-11.787044,8,6755.509686
57.967614,5,6755.632637
-12.501044,8,6755.709311
58.436294,6,6755.788665
59.099294,6,6756.007896
59.099294,6,6756.049447
54.216439,4,6756.124361
57.967614,5,6756.208872
59.099294,6,6756.237356
-8.407468,5,6756.30942
58.510704,6,6756.353157
-11.787044,8,6756.414401
-5.900706,6,6756.527583
-7.21046,7,6756.577387
-11.406726,4,6756.634741
-11.787044,8,6756.728474
-13.552251,3,6756.921325
59.099294,6,6756.991939
57.967614,5,6757.077367
-8.211028,5,6757.142706
-5.900706,6,6757.297358
59.099294,6,6757.364481
59.099294,6,6757.495414
-7.21046,7,6757.550652
57.78954,7,6757.595726
-11.787044,8,6757.651309
57.049614,5,6757.777586
57.78954,7,6757.821656
59.099294,6,6757.850335
59.099294,6,6757.950428
59.099294,6,6758.011071
59.099294,6,6758.046663
57.967614,5,6758.208007
57.78954,7,6758.243545
58.181294,6,6758.308779
57.78954,7,6758.381773
58.385294,6,6758.442397
-12.450044,8,6758.474444
57.78954,7,6758.6919
57.78954,7,6758.789031
57.967614,5,6758.873643
59.099294,6,6758.941331
-5.900706,6,6759.077551
-7.21046,7,6759.23681
-11.787044,8,6759.286049
57.967614,5,6759.375215
58.181294,6,6759.477406
59.099294,6,6759.597451
-13.476791,3,6759.794491
57.78954,7,6759.86739
59.099294,6,6759.987108
59.099294,6,6760.024224
-11.787044,8,6760.082614
-11.787044,8,6760.112163
59.099294,6,6760.22805
-5.900706,6,6760.388243
59.099294,6,6760.43935
-5.900706,6,6760.545792
-7.666476,6,6760.642613
57.574733,5,6760.859389
59.099294,6,6760.990163
59.099294,6,6761.045066
-10.991283,4,6761.132772
-5.900706,6,6761.196463
-19.002631,9,6761.229525
59.099294,6,6761.359771
-7.21046,7,6761.391817
-7.21046,7,6761.425443
59.099294,6,6761.486533
59.099294,6,6761.590724
59.099294,6,6761.646356
57.78954,7,6761.694738
-8.211028,5,6761.926853
59.099294,6,6762.000479
-19.002631,9,6762.033328
59.099294,6,6762.073461
59.099294,6,6762.129072
59.099294,6,6762.247698
57.574733,5,6762.326085
57.967614,5,6762.409699
-7.21046,7,6762.574542
59.099294,6,6762.6367
57.967614,5,6762.76125
-5.900706,6,6762.828319
-7.21046,7,6762.982239
57.967614,5,6763.090878
57.967614,5,6763.164638
57.78954,7,6763.227264
59.099294,6,6763.297847
-7.21046,7,6763.3497
59.099294,6,6763.455916
-14.723172,3,6763.496002
-27.014641,10,6763.52756
-5.900706,6,6763.681284
59.099294,6,6763.808062
58.181294,6,6763.863147
59.099294,6,6763.922782
59.099294,6,6763.967344
58.510704,6,6764.112047
57.78954,7,6764.190134
-5.900706,6,6764.326422
57.967614,5,6764.413069
-10.991283,4,6764.48974
59.099294,6,6764.570004
-11.787044,8,6764.610806
-7.21046,7,6764.671399
59.099294,6,6764.724529
59.099294,6,6764.784308
-7.21046,7,6764.8669
-7.21046,7,6764.919465
59.099294,6,6764.974535
58.181294,6,6765.038177
57.967614,5,6765.124321
57.967614,5,6765.194456
59.099294,6,6765.228807
57.07554,7,6765.311453
-5.900706,6,6765.451328
-7.21046,7,6765.527428
-19.002631,9,6765.557498
-11.787044,8,6765.595542
-7.838706,6,6765.824684
59.099294,6,6765.887451
57.967614,5,6766.056674
58.181294,6,6766.095753
59.099294,6,6766.199929
59.099294,6,6766.254515
-7.960771,6,6766.314692
-19.002631,9,6766.347705
59.099294,6,6766.390523
59.099294,6,6766.437608
59.099294,6,6766.486701
-7.960771,6,6766.548356
-5.900706,6,6767.012989
-13.627712,3,6767.052682
59.099294,6,6767.113288
59.099294,6,6767.167871
-11.787044,8,6767.22048
-27.014641,10,6767.254515
57.78954,7,6767.711831
59.099294,6,6767.780631
57.967614,5,6767.864759
59.099294,6,6767.920371
59.099294,6,6767.987484
-7.21046,7,6768.047609
-27.932641,10,6768.093117
-13.552251,3,6768.241708
-11.787044,8,6768.280788
57.967614,5,6768.366996
57.78954,7,6768.432027
59.099294,6,6768.488364
-14.403902,3,6768.529997
57.78954,7,6768.744038
57.967614,5,6768.903155
-7.818147,5,6769.122838
-7.21046,7,6769.275454
-7.21046,7,6769.382404
57.967614,5,6769.488895
-19.002631,9,6769.529657
57.78954,7,6770.011066
59.099294,6,6770.05617
57.967614,5,6770.115691
59.099294,6,6770.181285
59.099294,6,6770.240217
59.099294,6,6770.306344
-8.211028,5,6770.372698
59.099294,6,6770.428649
57.78954,7,6770.627383
58.283294,6,6770.661956
59.099294,6,6770.722719
-7.21046,7,6770.798677
-5.900706,6,6770.908221
59.099294,6,6770.947797
59.099294,6,6770.986833
-13.552251,3,6771.118775
59.099294,6,6771.243335
-13.627712,3,6771.301601
-7.21046,7,6771.354954
58.510704,6,6771.40272
58.436294,6,6771.442761
57.78954,7,6771.661554
57.967614,5,6771.746549
-19.002631,9,6771.777175
56.97354,7,6771.98174
-11.787044,8,6772.050463
57.967614,5,6772.211088
-7.21046,7,6772.545459
59.099294,6,6772.603269
59.099294,6,6772.667486
-10.991283,4,6772.868614
-8.12846,7,6772.918554
58.181294,6,6772.979304
59.099294,6,6773.043035
59.099294,6,6773.101743
-7.21046,7,6773.255584
59.099294,6,6773.287137
-13.476791,3,6773.33134
59.099294,6,6773.376032
57.967614,5,6773.462843
57.967614,5,6773.545471
58.181294,6,6773.616107
59.099294,6,6773.658242
-7.21046,7,6774.025273
59.099294,6,6774.102365
58.385294,6,6774.202614
59.099294,6,6774.258871
51.739025,8,6774.361157
57.78954,7,6774.433036
59.099294,6,6774.48362
-19.002631,9,6774.519757
59.099294,6,6774.568361
57.151614,5,6774.655782
58.385294,6,6774.717416
57.967614,5,6774.826505
-13.552251,3,6774.887594
59.099294,6,6774.954966
57.78954,7,6774.990515
57.78954,7,6775.063148
57.967614,5,6775.182362
57.78954,7,6775.61236
59.099294,6,6775.673462
59.099294,6,6775.827429
59.099294,6,6775.87274
59.099294,6,6775.908334
-19.002631,9,6775.945398
59.099294,6,6776.042719
-11.787044,8,6776.131659
57.78954,7,6776.604619
-7.21046,7,6776.707508
-7.21046,7,6776.747551
-7.21046,7,6776.785639
-19.002631,9,6776.815929
59.099294,6,6776.872355
59.099294,6,6776.942473
57.78954,7,6777.451443
59.099294,6,6777.556752
-11.199004,4,6777.680084
57.967614,5,6777.790505
57.78954,7,6777.832083
57.967614,5,6777.939763
57.967614,5,6778.021563
57.967614,5,6778.108759
-11.787044,8,6778.171891
-11.787044,8,6778.20361
59.099294,6,6778.336838
-8.407468,5,6778.437579
59.099294,6,6778.668621
-21.998564,9,6778.760838
-5.900706,6,6778.832411
57.967614,5,6778.902521
59.099294,6,6778.966012
-7.21046,7,6779.022086
59.099294,6,6779.101435
59.099294,6,6779.160309
59.099294,6,6779.196766
-11.510587,4,6779.237864
57.78954,7,6779.281463
-5.900706,6,6779.424977
57.967614,5,6779.507598
57.967614,5,6779.667398
59.099294,6,6779.728832
-7.21046,7,6779.761701
59.099294,6,6779.836833
57.78954,7,6779.882416
59.099294,6,6779.923487
58.181294,6,6779.980597
-7.21046,7,6780.055956
57.967614,5,6780.179183
59.099294,6,6780.258878
58.181294,6,6780.31648
-7.995886,6,6780.508621
59.099294,6,6780.579901
58.436294,6,6780.638264
-5.900706,6,6780.745703
59.099294,6,6780.800776
-5.900706,6,6780.902519
-5.900706,6,6781.052444
57.967614,5,6781.215832
-6.818706,6,6781.42046
-11.787044,8,6781.463769
-5.900706,6,6781.609393
57.253614,5,6781.721086
-5.900706,6,6781.750635
59.099294,6,6781.849896
59.099294,6,6781.87944
-7.21046,7,6781.912081
59.099294,6,6781.971883
59.099294,6,6782.030046
59.099294,6,6782.130332
57.967614,5,6782.293749
59.099294,6,6782.352968
58.283294,6,6782.414886
59.099294,6,6782.516586
57.574733,5,6782.59272
-19.002631,9,6782.626409
57.922114,6,6782.697502
-7.21046,7,6782.879786
59.099294,6,6782.918325
59.099294,6,6782.96839
-11.787044,8,6783.039543
59.099294,6,6783.099633
59.099294,6,6783.147456
-7.21046,7,6783.230932
-6.920706,6,6783.33623
57.967614,5,6783.411846
59.099294,6,6783.479503
-7.077886,6,6783.565887
-19.002631,9,6783.618976
59.099294,6,6783.648514
-19.002631,9,6783.680567
59.099294,6,6783.737162
59.099294,6,6783.781302
59.099294,6,6783.826368
57.78954,7,6783.883121
59.099294,6,6784.006865
59.099294,6,6784.076106
59.099294,6,6784.176868
55.61938,7,6784.253305
-7.21046,7,6784.290857
59.099294,6,6784.348875
-7.960771,6,6784.423007
59.099294,6,6784.462285
-11.787044,8,6784.532439
59.099294,6,6784.601585
57.78954,7,6784.675241
59.099294,6,6784.737833
57.066154,7,6784.824648
59.099294,6,6784.870733
59.099294,6,6784.97219
57.967614,5,6785.057753
-20.838631,9,6785.092818
-27.728641,10,6785.12607
58.283294,6,6785.18491
-7.21046,7,6785.352597
-13.740902,3,6785.394745
57.181853,5,6785.55484
59.099294,6,6785.657091
-7.960771,6,6785.714678
57.967614,5,6785.79597
59.099294,6,6785.854628
59.099294,6,6785.973702
58.079294,6,6786.008136
59.099294,6,6786.052702
59.099294,6,6786.124757
57.967614,5,6786.241201
58.181294,6,6786.311324
-7.21046,7,6786.642621
-13.740902,3,6786.681542
59.099294,6,6786.749874
59.099294,6,6786.849758
-19.002631,9,6786.882701
57.967614,5,6786.990293
59.099294,6,6787.051447
-9.742313,7,6787.135845
59.099294,6,6787.212607
57.967614,5,6787.381764
-11.787044,8,6787.470933
57.78954,7,6787.515151
59.099294,6,6787.560238
58.181294,6,6787.634876
57.967614,5,6787.792083
59.099294,6,6787.822478
-6.716706,6,6787.960093
-8.211028,5,6788.187882
59.099294,6,6788.253606
59.099294,6,6788.298617
-7.21046,7,6788.464731
57.967614,5,6788.709156
59.099294,6,6788.753985
-5.900706,6,6788.870563
59.099294,6,6788.902617
-11.787044,8,6789.027485
59.099294,6,6789.103436
-7.21046,7,6789.456758
-11.787044,8,6789.489789
-8.211028,5,6789.787432
57.78954,7,6790.26473
-7.21046,7,6790.434518
59.099294,6,6790.503138
-7.950386,5,6790.786956
-13.552251,3,6790.835049
57.181853,5,6790.936282
51.002059,8,6791.177961
59.099294,6,6791.24191
-7.21046,7,6791.297073
59.099294,6,6791.424786
57.967614,5,6791.582305
-11.787044,8,6791.613328
-11.787044,8,6791.69447
-7.666476,6,6791.841679
-7.21046,7,6791.972895
59.099294,6,6792.038536
57.78954,7,6792.083713
59.099294,6,6792.153368
57.967614,5,6792.389391
-27.014641,10,6792.445908
57.967614,5,6792.565614
-7.21046,7,6792.73051
-7.950386,5,6793.048988
57.967614,5,6793.197231
57.78954,7,6793.405637
57.78954,7,6793.622487
57.78954,7,6793.695768
-7.21046,7,6793.728182
59.099294,6,6793.78992
-7.21046,7,6793.90633
-19.002631,9,6793.939881
-5.900706,6,6794.014028
59.099294,6,6794.049103
58.181294,6,6794.117973
59.099294,6,6794.182059
-10.991283,4,6794.356017
57.967614,5,6794.546156
57.796704,6,6794.614746
-5.900706,6,6794.72079
57.967614,5,6794.845237
-7.21046,7,6795.010581
58.181294,6,6795.068438
-8.12846,7,6795.226987
57.967614,5,6795.388665
-19.625469,9,6795.514894
-5.900706,6,6795.79186
59.099294,6,6795.89232
-7.21046,7,6796.044811
57.967614,5,6796.128385
59.099294,6,6796.182453
57.967614,5,6796.297768
57.967614,5,6796.472644
58.181294,6,6796.525094
-7.21046,7,6796.558669
59.099294,6,6796.625763
58.181294,6,6796.694877
59.099294,6,6796.730977
59.099294,6,6796.779048
-27.014641,10,6796.810685
59.099294,6,6796.859537
-5.900706,6,6796.926132
-6.563706,6,6797.033319
59.099294,6,6797.092426
-5.900706,6,6797.209973
59.099294,6,6797.255056
59.099294,6,6797.323061
54.216439,4,6797.36005
-27.014641,10,6797.391573
-27.932641,10,6797.425136
57.78954,7,6797.623858
59.099294,6,6797.667806
59.099294,6,6797.725059
-13.552251,3,6797.85878
59.099294,6,6797.914858
59.099294,6,6797.973174
-11.510587,4,6798.013132
57.967614,5,6798.092697
59.099294,6,6798.162131
-8.407468,5,6798.263396
-5.900706,6,6798.36134
59.099294,6,6798.4058
57.967614,5,6798.489483
59.099294,6,6798.558527
-7.818147,5,6798.721698
-19.716631,9,6798.753253
58.181294,6,6798.809864
-27.014641,10,6798.84206
-7.21046,7,6798.959403
-7.666476,6,6799.004007
-11.510587,4,6799.042081
58.385294,6,6799.141256
-6.818706,6,6799.290406
57.967614,5,6799.43107
59.099294,6,6799.487683
57.967614,5,6799.570335
59.099294,6,6799.618931
-5.900706,6,6799.78117
57.066154,7,6799.982434
-7.960771,6,6800.083592
59.099294,6,6800.135499
-27.014641,10,6800.20321
57.049614,5,6800.282463
57.967614,5,6800.369456
57.967614,5,6800.540826
57.78954,7,6800.774903
-11.787044,8,6800.876743
59.099294,6,6800.930822
-34.806116,11,6800.999978
59.099294,6,6801.056641
59.099294,6,6801.091187
-11.787044,8,6801.44189
59.099294,6,6801.507813
59.099294,6,6801.563623
59.099294,6,6801.610208
57.049614,5,6801.680352
57.049614,5,6801.845902
57.967614,5,6802.092342
59.099294,6,6802.138434
-13.552251,3,6802.351921
-8.211028,5,6802.412307
-6.920706,6,6802.560263
59.099294,6,6802.672004
-9.742313,7,6802.859424
59.099294,6,6802.916082
57.967614,5,6802.991694
-34.806116,11,6803.048437
-7.21046,7,6803.082487
57.967614,5,6803.241121
59.099294,6,6803.307996
57.78954,7,6803.339524
59.099294,6,6803.408594
59.099294,6,6803.455942
59.099294,6,6803.560826
57.967614,5,6803.667047
-11.787044,8,6804.095739
59.099294,6,6804.164903
-8.23046,7,6804.619375
-11.787044,8,6805.100308
57.78954,7,6805.13735
57.967614,5,6805.220628
-11.787044,8,6805.385896
57.12654,7,6805.610969
-7.21046,7,6805.756734
57.78954,7,6805.977348
57.967614,5,6806.172314
-11.913004,4,6806.356312
57.967614,5,6806.471596
59.099294,6,6806.512719
-34.806116,11,6806.551809
59.099294,6,6806.640753
-7.21046,7,6806.757344
59.099294,6,6806.850437
59.099294,6,6806.966604
-7.960771,6,6807.04696
-13.476791,3,6807.262588
59.099294,6,6807.395288
59.099294,6,6807.44357
59.099294,6,6807.568261
57.12654,7,6808.118031
-19.002631,9,6808.239267
57.967614,5,6808.328496
-11.787044,8,6808.467838
59.099294,6,6808.516705
-7.87346,7,6808.991628
-7.818147,5,6809.211515
59.099294,6,6809.277172
-11.406726,4,6809.323962
-11.787044,8,6809.44601
59.099294,6,6809.51138
-11.787044,8,6809.550461
57.78954,7,6809.604111
59.099294,6,6809.665733
59.099294,6,6809.727123
59.099294,6,6809.803912
59.099294,6,6809.856323
59.099294,6,6809.907871
-7.032386,5,6810.318652
59.099294,6,6810.437971
57.78954,7,6810.64343
57.78954,7,6811.109291
-34.806116,11,6811.165724
-11.787044,8,6811.399145
59.099294,6,6811.455269
-34.806116,11,6811.510844
59.099294,6,6811.589024
59.099294,6,6811.649638
59.099294,6,6811.706721
-11.510587,4,6811.757891
-27.932641,10,6811.824848
59.099294,6,6811.868782
-27.014641,10,6811.932379
-7.21046,7,6812.082525
-19.002631,9,6812.114115
58.283294,6,6812.15517
58.079294,6,6812.213309
-11.787044,8,6812.282897
57.967614,5,6812.442225
58.181294,6,6812.510357
57.253614,5,6812.716229
-19.002631,9,6812.756324
-6.920706,6,6812.78736
57.967614,5,6812.870157
57.78954,7,6812.903762
-11.510587,4,6812.949531
-5.900706,6,6813.082559
57.967614,5,6813.252612
59.099294,6,6813.30833
-5.900706,6,6813.428136
